1554295247 445968
1554295247 488368
1554295247 529957
1554295247 571901
1554295247 613899
1554295247 657801
1554295247 699921
1554295247 741905
1554295247 783885
1554295247 825887
1554295247 869782
1554295247 912075
1554295247 953877
1554295247 997054
1554295248 37985
1554295248 79910
1554295248 122119
1554295248 163969
1554295248 206001
1554295248 248222
1554295248 290138
1554295248 331920
1554295248 373905
1554295248 415889
1554295248 457912
1554295248 499953
1554295248 541933
1554295248 583894
1554295248 626486
1554295248 669767
1554295248 711930
1554295248 753909
1554295248 795888
1554295248 837950
1554295248 879966
1554295248 922229
1554295248 963979
1554295249 5966
1554295249 47900
1554295249 90307
1554295249 131897
1554295249 173991
1554295249 215880
1554295249 257886
1554295249 299958
1554295249 341922
1554295249 383905
1554295249 425896
1554295249 467907
1554295249 510420
1554295249 551918
1554295249 593907
1554295249 635909
1554295249 678070
1554295249 719984
1554295249 762386
1554295249 803973
1554295249 845984
1554295249 887907
1554295249 930297
1554295249 971921
1554295250 13914
1554295250 55909
1554295250 97891
1554295250 139950
1554295250 181916
1554295250 223903
1554295250 265886
1554295250 307887
1554295250 351047
1554295250 391888
1554295250 433892
1554295250 475948
1554295250 518504
1554295250 560024
1554295250 602464
1554295250 643955
1554295250 686051
1554295250 727900
1554295250 770444
1554295250 811913
1554295250 853979
1554295250 895925
1554295250 937907
1554295250 979947
1554295251 21919
1554295251 63995
1554295251 105964
1554295251 147905
1554295251 191667
1554295251 233888
1554295251 275915
1554295251 317882
1554295251 360016
1554295251 402177
1554295251 443985
1554295251 485977
1554295251 527919
1554295251 569897
1554295251 612178
1554295251 653911
1554295251 695904
1554295251 737898
1554295251 779896
1554295251 821946
1554295251 863971
1554295251 909856
1554295251 952228
1554295251 993903
1554295252 35888
1554295252 77910
1554295252 120489
1554295252 162219
1554295252 203981
1554295252 246090
1554295252 287962
1554295252 329891
1554295252 372846
1554295252 413915
1554295252 455891
1554295252 497902
1554295252 539941
1554295252 581979
1554295252 624545
1554295252 665907
1554295252 707920
1554295252 749881
1554295252 792860
1554295252 833885
1554295252 875959
1554295252 917889
1554295252 960795
1554295253 2198
1554295253 44443
1554295253 86068
1554295253 127924
1554295253 169900
1554295253 212231
1554295253 254123
1554295253 295938
1554295253 337970
1554295253 380433
1554295253 421968
1554295253 463912
1554295253 505919
1554295253 547895
1554295253 589884
1554295253 634202
1554295253 675931
1554295253 717880
1554295253 760166
1554295253 802152
1554295253 844052
1554295253 885946
1554295253 927923
1554295253 970023
1554295254 11910
1554295254 54148
1554295254 95965
1554295254 138594
1554295254 179900
1554295254 221927
1554295254 263937
1554295254 305922
1554295254 347896
1554295254 390408
1554295254 431883
1554295254 475916
1554295254 517908
1554295254 559880
1554295254 602199
1554295254 643993
1554295254 686036
1554295254 727931
1554295254 769892
1554295254 811888
1554295254 854489
1554295254 896547
1554295254 937986
1554295254 979892
1554295255 21882
1554295255 63945
1554295255 106074
1554295255 147900
1554295255 189888
1554295255 231881
1554295255 274694
1554295255 315894
1554295255 357929
1554295255 399899
1554295255 442624
1554295255 484012
1554295255 526180
1554295255 567964
1554295255 609921
1554295255 651918
1554295255 694185
1554295255 736011
1554295255 777898
1554295255 819884
1554295255 861901
1554295255 904292
1554295255 945896
1554295255 987901
1554295256 29984
1554295256 71878
1554295256 115322
1554295256 155878
1554295256 197903
1554295256 239885
1554295256 282274
1554295256 323960
1554295256 366092
1554295256 407987
1554295256 449898
1554295256 491936
1554295256 533900
1554295256 576142
1554295256 617930
1554295256 659914
1554295256 701985
1554295256 743951
1554295256 785919
1554295256 827914
1554295256 869894
1554295256 911924
1554295256 955943
1554295256 997947
1554295257 39900
1554295257 82128
1554295257 124048
1554295257 166036
1554295257 208116
1554295257 249908
1554295257 291918
1554295257 333892
1554295257 376200
1554295257 417991
1554295257 459997
1554295257 502044
1554295257 543905
1554295257 585961
1554295257 627929
1554295257 669927
1554295257 712047
1554295257 753906
1554295257 796581
1554295257 837889
1554295257 879904
1554295257 922231
1554295257 964126
1554295258 6038
1554295258 48059
1554295258 89957
1554295258 131919
1554295258 173974
1554295258 216248
1554295258 257924
1554295258 299911
1554295258 341884
1554295258 383917
1554295258 425962
1554295258 467924
1554295258 509912
1554295258 551907
1554295258 593887
1554295258 637193
1554295258 677880
1554295258 719906
1554295258 762109
1554295258 804968
1554295258 846117
1554295258 888070
1554295258 929981
1554295258 971901
1554295259 13902
1554295259 55887
1554295259 98190
1554295259 139927
1554295259 181905
1554295259 223887
1554295259 265969
1554295259 307939
1554295259 349923
1554295259 391900
1554295259 433885
1554295259 477813
1554295259 519923
1554295259 562094
1554295259 604098
1554295259 646228
1554295259 688007
1554295259 730090
1554295259 771909
1554295259 813893
1554295259 855892
1554295259 899982
1554295259 942486
1554295259 983913
1554295260 25890
1554295260 67951
1554295260 109927
1554295260 151930
1554295260 194072
1554295260 235894
1554295260 278416
1554295260 319889
1554295260 362132
1554295260 404126
1554295260 446588
1554295260 488011
1554295260 529962
1554295260 571909
1554295260 613898
1554295260 655904
1554295260 698833
1554295260 739932
1554295260 781899
1554295260 823891
1554295260 865904
1554295260 909911
1554295260 951913
1554295260 993890
1554295261 35885
1554295261 79051
1554295261 119897
1554295261 162121
1554295261 204075
1554295261 246599
1554295261 288018
1554295261 330007
1554295261 371970
1554295261 413920
1554295261 455939
1554295261 498448
1554295261 539932
1554295261 581895
1554295261 623899
1554295261 665906
1554295261 707953
1554295261 749917
1554295261 791999
1554295261 833924
1554295261 875893
1554295261 919638
1554295261 962102
1554295262 4059
1554295262 45987
1554295262 87976
1554295262 129960
1554295262 172019
1554295262 213906
1554295262 255891
1554295262 297998
1554295262 340233
1554295262 381939
1554295262 423894
1554295262 465899
1554295262 507971
1554295262 549953
1554295262 591933
1554295262 633904
1554295262 675889
1554295262 717902
1554295262 762117
1554295262 803987
1554295262 845917
1554295262 888159
1554295262 929984
1554295262 971938
1554295263 13909
1554295263 55903
1554295263 97883
1554295263 140258
1554295263 181944
1554295263 223897
1554295263 266040
1554295263 307887
1554295263 349945
1554295263 391936
1554295263 433918
1554295263 475914
1554295263 517881
1554295263 560837
1554295263 602121
1554295263 644249
1554295263 685936
1554295263 728282
1554295263 770031
1554295263 812243
1554295263 853913
1554295263 895945
1554295263 937975
1554295263 980192
1554295264 21922
1554295264 63894
1554295264 105907
1554295264 147912
1554295264 189952
1554295264 231916
1554295264 273908
1554295264 315882
1554295264 357916
1554295264 401445
1554295264 443965
1554295264 486041
1554295264 528127
1554295264 569941
1554295264 611938
1554295264 653946
1554295264 695947
1554295264 738042
1554295264 779919
1554295264 822178
1554295264 863948
1554295264 905963
1554295264 953066
1554295264 993959
1554295265 35894
1554295265 77936
1554295265 122325
1554295265 163961
1554295265 205957
1554295265 247909
1554295265 289957
1554295265 331961
1554295265 373951
1554295265 415916
1554295265 458479
1554295265 499912
1554295265 542198
1554295265 583940
1554295265 626070
1554295265 667980
1554295265 710457
1554295265 751954
1554295265 794085
1554295265 835900
1554295265 877915
1554295265 919919
1554295265 963423
1554295266 5944
1554295266 47962
1554295266 90517
1554295266 132011
1554295266 174029
1554295266 215945
1554295266 257928
1554295266 299889
1554295266 342173
1554295266 383925
1554295266 425898
1554295266 467978
1554295266 509909
1554295266 551950
1554295266 593943
1554295266 636053
1554295266 677885
1554295266 719902
1554295266 763671
1554295266 805960
1554295266 847926
1554295266 891067
1554295266 932030
1554295266 973908
1554295267 15944
1554295267 57899
1554295267 99923
1554295267 142315
1554295267 183939
1554295267 225894
1554295267 267910
1554295267 309887
1554295267 351930
1554295267 393944
1554295267 435926
1554295267 477894
1554295267 519918
1554295267 564102
1554295267 605970
1554295267 648147
1554295267 689906
1554295267 731939
1554295267 773976
1554295267 815941
1554295267 857925
1554295267 899900
1554295267 941975
1554295267 984209
1554295268 25906
1554295268 67897
1554295268 109914
1554295268 151880
1554295268 193963
1554295268 236443
1554295268 277893
1554295268 319885
1554295268 362083
1554295268 405954
1554295268 448037
1554295268 489927
1554295268 532041
1554295268 573994
1554295268 615939
1554295268 658068
1554295268 699949
1554295268 741980
1554295268 784286
1554295268 825909
1554295268 867926
1554295268 909915
1554295268 951906
1554295268 993968
1554295269 35975
1554295269 77894
1554295269 119957
1554295269 162083
1554295269 205052
1554295269 245904
1554295269 288003
1554295269 329969
1554295269 372598
1554295269 414088
1554295269 455923
1554295269 497904
1554295269 539919
1554295269 581896
1554295269 624599
1554295269 665908
1554295269 707887
1554295269 750043
1554295269 791905
1554295269 833955
1554295269 875936
1554295269 917897
1554295269 959928
1554295270 2744
1554295270 45643
1554295270 87924
1554295270 129955
1554295270 171888
1554295270 214089
1554295270 255967
1554295270 297936
1554295270 339898
1554295270 381880
1554295270 424062
1554295270 466158
1554295270 507896
1554295270 549937
1554295270 591893
1554295270 633885
1554295270 675962
1554295270 717923
1554295270 759889
1554295270 802077
1554295270 843959
1554295270 887963
1554295270 929969
1554295270 971889
1554295271 13948
1554295271 55982
1554295271 97949
1554295271 139928
1554295271 181953
1554295271 224050
1554295271 266286
1554295271 307917
1554295271 349889
1554295271 391879
1554295271 433932
1554295271 476003
1554295271 517911
1554295271 559967
1554295271 602088
1554295271 643955
1554295271 686885
1554295271 727915
1554295271 770031
1554295271 811900
1554295271 854767
1554295271 896057
1554295271 938288
1554295271 979924
1554295272 21928
1554295272 63883
1554295272 106693
1554295272 147929
1554295272 189940
1554295272 231953
1554295272 273900
1554295272 315951
1554295272 357910
1554295272 399898
1554295272 442075
1554295272 483958
1554295272 527698
1554295272 569934
1554295272 611926
1554295272 654231
1554295272 696019
1554295272 738885
1554295272 779949
1554295272 821924
1554295272 863888
1554295272 905933
1554295272 949465
1554295272 991902
1554295273 33897
1554295273 75902
1554295273 118013
1554295273 159963
1554295273 202085
1554295273 243991
1554295273 288143
1554295273 329909
1554295273 371936
1554295273 413884
1554295273 455964
1554295273 497965
1554295273 539945
1554295273 581928
1554295273 623883
1554295273 665889
1554295273 708452
1554295273 749967
1554295273 791894
1554295273 833932
1554295273 875889
1554295273 917966
1554295273 959924
1554295274 2093
1554295274 43959
1554295274 85928
1554295274 128680
1554295274 169892
1554295274 211892
1554295274 253887
1554295274 296182
1554295274 337981
1554295274 380092
1554295274 421913
1554295274 463938
1554295274 505891
1554295274 548224
1554295274 589921
1554295274 631897
1554295274 673921
1554295274 715885
1554295274 757943
1554295274 799930
1554295274 842250
1554295274 883987
1554295274 925956
1554295274 969285
1554295275 9915
1554295275 51909
1554295275 93885
1554295275 136827
1554295275 177975
1554295275 219902
1554295275 261981
1554295275 303901
1554295275 345966
1554295275 387886
1554295275 430186
1554295275 471950
1554295275 513903
1554295275 555933
1554295275 597961
1554295275 639921
1554295275 682098
1554295275 723960
1554295275 766007
1554295275 809954
1554295275 851920
1554295275 893906
1554295275 935978
1554295275 978000
1554295276 19976
1554295276 61934
1554295276 103898
1554295276 145896
1554295276 187884
1554295276 230174
1554295276 271931
1554295276 313903
1554295276 355877
1554295276 397886
1554295276 439946
1554295276 482099
1554295276 523959
1554295276 566118
1554295276 608188
1554295276 651880
1554295276 693968
1554295276 735882
1554295276 778570
1554295276 819990
1554295276 861945
1554295276 903897
1554295276 945945
1554295276 987915
1554295277 30173
1554295277 71920
1554295277 113945
1554295277 155924
1554295277 197946
1554295277 239962
1554295277 282112
1554295277 324081
1554295277 365926
1554295277 407891
1554295277 451121
1554295277 491879
1554295277 533902
1554295277 575938
1554295277 619031
1554295277 659980
1554295277 702059
1554295277 743941
1554295277 786082
1554295277 827895
1554295277 870877
1554295277 913313
1554295277 954151
1554295277 995896
1554295278 37903
1554295278 79912
1554295278 122275
1554295278 163966
1554295278 205959
1554295278 247924
1554295278 291703
1554295278 333904
1554295278 375887
1554295278 417908
1554295278 460028
1554295278 501950
1554295278 544536
1554295278 585926
1554295278 627923
1554295278 669889
1554295278 712257
1554295278 753941
1554295278 796470
1554295278 837901
1554295278 879890
1554295278 923891
1554295278 966031
1554295279 7924
1554295279 49893
1554295279 92334
1554295279 133922
1554295279 175902
1554295279 217905
1554295279 259946
1554295279 301965
1554295279 343941
1554295279 385902
1554295279 427884
1554295279 469923
1554295279 512288
1554295279 553902
1554295279 595916
1554295279 637879
1554295279 679875
1554295279 722165
1554295279 763992
1554295279 805995
1554295279 847937
1554295279 889922
1554295279 933005
1554295279 974033
1554295280 15876
1554295280 57983
1554295280 100546
1554295280 141991
1554295280 183941
1554295280 225929
1554295280 267903
1554295280 309905
1554295280 352315
1554295280 393921
1554295280 435937
1554295280 477889
1554295280 519936
1554295280 562164
1554295280 603952
1554295280 646095
1554295280 687931
1554295280 729897
1554295280 773578
1554295280 815901
1554295280 857889
1554295280 899885
1554295280 942023
1554295280 984248
1554295281 25979
1554295281 67904
1554295281 109893
1554295281 151891
1554295281 194171
1554295281 235916
1554295281 277898
1554295281 319911
1554295281 362114
1554295281 404011
1554295281 446090
1554295281 487965
1554295281 529941
1554295281 571886
1554295281 616456
1554295281 657901
1554295281 699914
1554295281 741933
1554295281 784141
1554295281 825940
1554295281 867890
1554295281 909954
1554295281 951890
1554295281 994552
1554295282 35922
1554295282 77900
1554295282 119906
1554295282 162108
1554295282 203992
1554295282 246101
1554295282 287929
1554295282 329898
1554295282 371877
1554295282 414814
1554295282 455952
1554295282 497886
1554295282 539884
1554295282 582724
1554295282 623988
1554295282 666231
1554295282 707982
1554295282 749891
1554295282 791881
1554295282 834606
1554295282 875932
1554295282 917940
1554295282 959879
1554295283 2163
1554295283 43997
1554295283 85951
1554295283 128018
1554295283 169933
1554295283 211888
1554295283 255401
1554295283 297896
1554295283 339899
1554295283 383256
1554295283 423941
1554295283 465940
1554295283 507953
1554295283 549911
1554295283 591893
1554295283 634786
1554295283 676191
1554295283 717934
1554295283 759895
1554295283 802132
1554295283 844000
1554295283 886013
1554295283 928154
1554295283 969892
1554295284 11877
1554295284 56016
1554295284 97905
1554295284 140412
1554295284 181885
1554295284 223997
1554295284 265974
1554295284 307939
1554295284 349897
1554295284 392423
1554295284 433885
1554295284 476242
1554295284 517932
1554295284 559894
1554295284 602141
1554295284 644513
1554295284 686089
1554295284 727940
1554295284 769896
1554295284 811953
1554295284 853878
1554295284 897157
1554295284 937902
1554295284 979914
1554295285 21914
1554295285 64272
1554295285 105991
1554295285 148631
1554295285 189938
1554295285 232047
1554295285 273883
1554295285 316180
1554295285 357926
1554295285 400480
1554295285 442111
1554295285 484029
1554295285 526091
1554295285 567954
1554295285 609931
1554295285 651885
1554295285 693882
1554295285 737267
1554295285 778849
1554295285 819889
1554295285 861882
1554295285 904778
1554295285 946067
1554295285 987909
1554295286 29940
1554295286 71893
1554295286 113885
1554295286 156786
1554295286 198147
1554295286 239924
1554295286 282144
1554295286 323964
1554295286 365961
1554295286 407921
1554295286 449921
1554295286 491898
1554295286 533886
1554295286 577886
1554295286 619904
1554295286 662444
1554295286 703887
1554295286 746063
1554295286 787975
1554295286 830043
1554295286 871896
1554295286 913912
1554295286 955884
1554295286 998220
1554295287 39965
1554295287 82115
1554295287 123970
1554295287 166500
1554295287 208021
1554295287 249932
1554295287 291899
1554295287 333898
1554295287 375879
1554295287 419085
1554295287 459883
1554295287 501883
1554295287 543887
1554295287 586006
1554295287 627985
1554295287 670480
1554295287 711961
1554295287 754006
1554295287 795887
1554295287 838309
1554295287 879952
1554295287 922186
1554295287 963961
1554295288 5933
1554295288 47952
1554295288 89936
1554295288 131900
1554295288 173887
1554295288 215918
1554295288 259297
1554295288 299889
1554295288 341903
1554295288 383880
1554295288 427240
1554295288 468004
1554295288 509927
1554295288 551989
1554295288 593891
1554295288 635894
1554295288 678417
1554295288 719966
1554295288 762082
1554295288 804033
1554295288 845999
1554295288 887962
1554295288 930599
1554295288 971917
1554295289 13895
1554295289 55935
1554295289 99739
1554295289 141908
1554295289 183950
1554295289 225890
1554295289 267969
1554295289 310025
1554295289 351970
1554295289 393900
1554295289 435932
1554295289 477908
