1554295247 447725
1554295247 489305
1554295247 530768
1554295247 572711
1554295247 614732
1554295247 659747
1554295247 700706
1554295247 742673
1554295247 784691
1554295247 826652
1554295247 870710
1554295247 912848
1554295247 954636
1554295247 998059
1554295248 38817
1554295248 81148
1554295248 122941
1554295248 164937
1554295248 206970
1554295248 249340
1554295248 291508
1554295248 332786
1554295248 375042
1554295248 416800
1554295248 458789
1554295248 500773
1554295248 542705
1554295248 584709
1554295248 627287
1554295248 670777
1554295248 712700
1554295248 754686
1554295248 796935
1554295248 838787
1554295248 880789
1554295248 923048
1554295248 964967
1554295249 6929
1554295249 49034
1554295249 91136
1554295249 132701
1554295249 175240
1554295249 216694
1554295249 258754
1554295249 300776
1554295249 342704
1554295249 384764
1554295249 426671
1554295249 471139
1554295249 511204
1554295249 552686
1554295249 594698
1554295249 636751
1554295249 678895
1554295249 720834
1554295249 763339
1554295249 804979
1554295249 847029
1554295249 888774
1554295249 931259
1554295249 972751
1554295250 14792
1554295250 56731
1554295250 98777
1554295250 141109
1554295250 182688
1554295250 224716
1554295250 266655
1554295250 308651
1554295250 351900
1554295250 392694
1554295250 434671
1554295250 476752
1554295250 519332
1554295250 560854
1554295250 603305
1554295250 644808
1554295250 686988
1554295250 728731
1554295250 771430
1554295250 812733
1554295250 854806
1554295250 896761
1554295250 938793
1554295250 980754
1554295251 23094
1554295251 64791
1554295251 106720
1554295251 148671
1554295251 192651
1554295251 234672
1554295251 276686
1554295251 319637
1554295251 360843
1554295251 403363
1554295251 444970
1554295251 486973
1554295251 528889
1554295251 571017
1554295251 613012
1554295251 654746
1554295251 696720
1554295251 738770
1554295251 780713
1554295251 823136
1554295251 864875
1554295251 913038
1554295251 953016
1554295251 994689
1554295252 36726
1554295252 78936
1554295252 121349
1554295252 163053
1554295252 204947
1554295252 247075
1554295252 288938
1554295252 330755
1554295252 373700
1554295252 414832
1554295252 456717
1554295252 498821
1554295252 540812
1554295252 583340
1554295252 625363
1554295252 666673
1554295252 708680
1554295252 752836
1554295252 793716
1554295252 834657
1554295252 877286
1554295252 918691
1554295252 961605
1554295253 3031
1554295253 45264
1554295253 87056
1554295253 129430
1554295253 170740
1554295253 213195
1554295253 254977
1554295253 296772
1554295253 338834
1554295253 381567
1554295253 422956
1554295253 464734
1554295253 506686
1554295253 548698
1554295253 590649
1554295253 635242
1554295253 676692
1554295253 718713
1554295253 762612
1554295253 802986
1554295253 845375
1554295253 886840
1554295253 928867
1554295253 970855
1554295254 13054
1554295254 55569
1554295254 96787
1554295254 139462
1554295254 180718
1554295254 222739
1554295254 264806
1554295254 306704
1554295254 348672
1554295254 391308
1554295254 434897
1554295254 476696
1554295254 518680
1554295254 562519
1554295254 603023
1554295254 644830
1554295254 687044
1554295254 728893
1554295254 770710
1554295254 812705
1554295254 855371
1554295254 897426
1554295254 938855
1554295254 980715
1554295255 22727
1554295255 65378
1554295255 106868
1554295255 148672
1554295255 190666
1554295255 235042
1554295255 275531
1554295255 316678
1554295255 358761
1554295255 400815
1554295255 443459
1554295255 484899
1554295255 527395
1554295255 568912
1554295255 610762
1554295255 652760
1554295255 695157
1554295255 737013
1554295255 778772
1554295255 820696
1554295255 862710
1554295255 905302
1554295255 946686
1554295255 988710
1554295256 30743
1554295256 72651
1554295256 116192
1554295256 156649
1554295256 198673
1554295256 240662
1554295256 283927
1554295256 324790
1554295256 367407
1554295256 408958
1554295256 450725
1554295256 492799
1554295256 535416
1554295256 577487
1554295256 618794
1554295256 660727
1554295256 702784
1554295256 744836
1554295256 786744
1554295256 828673
1554295256 870662
1554295256 917489
1554295256 956711
1554295256 998711
1554295257 40662
1554295257 83976
1554295257 125034
1554295257 167457
1554295257 209022
1554295257 250764
1554295257 292789
1554295257 334997
1554295257 377542
1554295257 418863
1554295257 460809
1554295257 502849
1554295257 545224
1554295257 587347
1554295257 628704
1554295257 671452
1554295257 712813
1554295257 757120
1554295257 797462
1554295257 838675
1554295257 880679
1554295257 923242
1554295257 965131
1554295258 7037
1554295258 49086
1554295258 90832
1554295258 132904
1554295258 174803
1554295258 217248
1554295258 258807
1554295258 300736
1554295258 342699
1554295258 384773
1554295258 427153
1554295258 468696
1554295258 510683
1554295258 552729
1554295258 594652
1554295258 638055
1554295258 678653
1554295258 720682
1554295258 762914
1554295258 806340
1554295258 846938
1554295258 889316
1554295258 930832
1554295258 972734
1554295259 14732
1554295259 56982
1554295259 99567
1554295259 140748
1554295259 182715
1554295259 224737
1554295259 266811
1554295259 308795
1554295259 350695
1554295259 392669
1554295259 434661
1554295259 478653
1554295259 520686
1554295259 562862
1554295259 606443
1554295259 647214
1554295259 689344
1554295259 730953
1554295259 772739
1554295259 814736
1554295259 857780
1554295259 900986
1554295259 943374
1554295259 984780
1554295260 26712
1554295260 68771
1554295260 110700
1554295260 152687
1554295260 195338
1554295260 239077
1554295260 279199
1554295260 320653
1554295260 362894
1554295260 406507
1554295260 447584
1554295260 488979
1554295260 530855
1554295260 572733
1554295260 614717
1554295260 656737
1554295260 699695
1554295260 740739
1554295260 782707
1554295260 824739
1554295260 866749
1554295260 915050
1554295260 952675
1554295260 994658
1554295261 36646
1554295261 79808
1554295261 120656
1554295261 162888
1554295261 205070
1554295261 247589
1554295261 288851
1554295261 331167
1554295261 372796
1554295261 414891
1554295261 456757
1554295261 499474
1554295261 540761
1554295261 582715
1554295261 624759
1554295261 666724
1554295261 708969
1554295261 750732
1554295261 792812
1554295261 834684
1554295261 876657
1554295261 920593
1554295261 962918
1554295262 5020
1554295262 48095
1554295262 88806
1554295262 131140
1554295262 172845
1554295262 214731
1554295262 256711
1554295262 299187
1554295262 341063
1554295262 382752
1554295262 424764
1554295262 466715
1554295262 508812
1554295262 551215
1554295262 592777
1554295262 634707
1554295262 676650
1554295262 720909
1554295262 763010
1554295262 804925
1554295262 848017
1554295262 888992
1554295262 930824
1554295262 972775
1554295263 14741
1554295263 56732
1554295263 98790
1554295263 141089
1554295263 182765
1554295263 224757
1554295263 266849
1554295263 308697
1554295263 351137
1554295263 392755
1554295263 434711
1554295263 476715
1554295263 521243
1554295263 561644
1554295263 602885
1554295263 645006
1554295263 686891
1554295263 729253
1554295263 770860
1554295263 813073
1554295263 854740
1554295263 896793
1554295263 938900
1554295263 981148
1554295264 22743
1554295264 64756
1554295264 106734
1554295264 148733
1554295264 190971
1554295264 232680
1554295264 274948
1554295264 316657
1554295264 358759
1554295264 402619
1554295264 445432
1554295264 486866
1554295264 529713
1554295264 570760
1554295264 613121
1554295264 654768
1554295264 696847
1554295264 738985
1554295264 781036
1554295264 823014
1554295264 864797
1554295264 906773
1554295264 955032
1554295264 994722
1554295265 36666
1554295265 78687
1554295265 123083
1554295265 164864
1554295265 206766
1554295265 249941
1554295265 290813
1554295265 332830
1554295265 375015
1554295265 416752
1554295265 459444
1554295265 501046
1554295265 543021
1554295265 584804
1554295265 626884
1554295265 668861
1554295265 711309
1554295265 753138
1554295265 794990
1554295265 836661
1554295265 878694
1554295265 923461
1554295265 964310
1554295266 6825
1554295266 48896
1554295266 91358
1554295266 132835
1554295266 174867
1554295266 216771
1554295266 258843
1554295266 300735
1554295266 343139
1554295266 384783
1554295266 426717
1554295266 468779
1554295266 511058
1554295266 553139
1554295266 594748
1554295266 636810
1554295266 678653
1554295266 720663
1554295266 764531
1554295266 806895
1554295266 848882
1554295266 892113
1554295266 932845
1554295266 975097
1554295267 16822
1554295267 58780
1554295267 100754
1554295267 143205
1554295267 184752
1554295267 226703
1554295267 268981
1554295267 310717
1554295267 352756
1554295267 394769
1554295267 436726
1554295267 478686
1554295267 520682
1554295267 564902
1554295267 606870
1554295267 649064
1554295267 692221
1554295267 732771
1554295267 775157
1554295267 816793
1554295267 858835
1554295267 900750
1554295267 943578
1554295267 985576
1554295268 26724
1554295268 68718
1554295268 110734
1554295268 152680
1554295268 194786
1554295268 237262
1554295268 278666
1554295268 320650
1554295268 365122
1554295268 406870
1554295268 448881
1554295268 490746
1554295268 532867
1554295268 574829
1554295268 616774
1554295268 658931
1554295268 700799
1554295268 742799
1554295268 785122
1554295268 826729
1554295268 868753
1554295268 910735
1554295268 952750
1554295268 995350
1554295269 36748
1554295269 78673
1554295269 120728
1554295269 165257
1554295269 206057
1554295269 246731
1554295269 288960
1554295269 330903
1554295269 373428
1554295269 415158
1554295269 457138
1554295269 498823
1554295269 540758
1554295269 582715
1554295269 625732
1554295269 666726
1554295269 708719
1554295269 751061
1554295269 792723
1554295269 834770
1554295269 876759
1554295269 920508
1554295269 960688
1554295270 6117
1554295270 46671
1554295270 88822
1554295270 130823
1554295270 174077
1554295270 214902
1554295270 257140
1554295270 298876
1554295270 340711
1554295270 382710
1554295270 425330
1554295270 467517
1554295270 508720
1554295270 550752
1554295270 592714
1554295270 634697
1554295270 676786
1554295270 718744
1554295270 760665
1554295270 802857
1554295270 847048
1554295270 888864
1554295270 930869
1554295270 972903
1554295271 14784
1554295271 56811
1554295271 98893
1554295271 140795
1554295271 182780
1554295271 225320
1554295271 267115
1554295271 308748
1554295271 350708
1554295271 392692
1554295271 434745
1554295271 477389
1554295271 518685
1554295271 560732
1554295271 602899
1554295271 647278
1554295271 687797
1554295271 728699
1554295271 771030
1554295271 812714
1554295271 855610
1554295271 896891
1554295271 939111
1554295271 980773
1554295272 22761
1554295272 66179
1554295272 108113
1554295272 148748
1554295272 190750
1554295272 232773
1554295272 274712
1554295272 316955
1554295272 358693
1554295272 400673
1554295272 442851
1554295272 484872
1554295272 528643
1554295272 570882
1554295272 612711
1554295272 656395
1554295272 696923
1554295272 739926
1554295272 780798
1554295272 822873
1554295272 864771
1554295272 912041
1554295272 950429
1554295272 993279
1554295273 34701
1554295273 76733
1554295273 118883
1554295273 160736
1554295273 202856
1554295273 244896
1554295273 289054
1554295273 330692
1554295273 372704
1554295273 415718
1554295273 456868
1554295273 498854
1554295273 540801
1554295273 582747
1554295273 624744
1554295273 667017
1554295273 709784
1554295273 750789
1554295273 792732
1554295273 834744
1554295273 876712
1554295273 919323
1554295273 960683
1554295274 2871
1554295274 44886
1554295274 89113
1554295274 129537
1554295274 170684
1554295274 212666
1554295274 254712
1554295274 297290
1554295274 338872
1554295274 380929
1554295274 422748
1554295274 464844
1554295274 506741
1554295274 549194
1554295274 590741
1554295274 632732
1554295274 674742
1554295274 716707
1554295274 759118
1554295274 800743
1554295274 843039
1554295274 884879
1554295274 926969
1554295274 970179
1554295275 10689
1554295275 52690
1554295275 94679
1554295275 137656
1554295275 178859
1554295275 221088
1554295275 262803
1554295275 304826
1554295275 346798
1554295275 388988
1554295275 431022
1554295275 472902
1554295275 514715
1554295275 556796
1554295275 598781
1554295275 641161
1554295275 682881
1554295275 724874
1554295275 770908
1554295275 810790
1554295275 852689
1554295275 894703
1554295275 939071
1554295275 978878
1554295276 20816
1554295276 62758
1554295276 104801
1554295276 146714
1554295276 189000
1554295276 231004
1554295276 272759
1554295276 314726
1554295276 356706
1554295276 398721
1554295276 441125
1554295276 482871
1554295276 524873
1554295276 566883
1554295276 611207
1554295276 652644
1554295276 694920
1554295276 736713
1554295276 779422
1554295276 820820
1554295276 862795
1554295276 904799
1554295276 946770
1554295276 988756
1554295277 31174
1554295277 72742
1554295277 114761
1554295277 156724
1554295277 198746
1554295277 241147
1554295277 282905
1554295277 324853
1554295277 366841
1554295277 408665
1554295277 451995
1554295277 492650
1554295277 534986
1554295277 576729
1554295277 620038
1554295277 660806
1554295277 703266
1554295277 744831
1554295277 786979
1554295277 828838
1554295277 872285
1554295277 914317
1554295277 954960
1554295277 996712
1554295278 38721
1554295278 80774
1554295278 123255
1554295278 164900
1554295278 206870
1554295278 248847
1554295278 293164
1554295278 334673
1554295278 376670
1554295278 420325
1554295278 460849
1554295278 503111
1554295278 545395
1554295278 586759
1554295278 628737
1554295278 671018
1554295278 713607
1554295278 754865
1554295278 797307
1554295278 838713
1554295278 880702
1554295278 928561
1554295278 967093
1554295279 8846
1554295279 53058
1554295279 93109
1554295279 134700
1554295279 176672
1554295279 218972
1554295279 260783
1554295279 302793
1554295279 344883
1554295279 386741
1554295279 428712
1554295279 470738
1554295279 513284
1554295279 554711
1554295279 596723
1554295279 638690
1554295279 680799
1554295279 723518
1554295279 764902
1554295279 806832
1554295279 848881
1554295279 890680
1554295279 933803
1554295279 974810
1554295280 16649
1554295280 58817
1554295280 101376
1554295280 142811
1554295280 185272
1554295280 226765
1554295280 268735
1554295280 310767
1554295280 353263
1554295280 394739
1554295280 436761
1554295280 478714
1554295280 520751
1554295280 563361
1554295280 604883
1554295280 647150
1554295280 688904
1554295280 730679
1554295280 774628
1554295280 816669
1554295280 858703
1554295280 901777
1554295280 942845
1554295280 985463
1554295281 26806
1554295281 68719
1554295281 110735
1554295281 153020
1554295281 195536
1554295281 236737
1554295281 278703
1554295281 320748
1554295281 363105
1554295281 404971
1554295281 447150
1554295281 488868
1554295281 530720
1554295281 574961
1554295281 617239
1554295281 658718
1554295281 700955
1554295281 742746
1554295281 785007
1554295281 826774
1554295281 868715
1554295281 910811
1554295281 952701
1554295281 995379
1554295282 36737
1554295282 78705
1554295282 120726
1554295282 163140
1554295282 205528
1554295282 247193
1554295282 288846
1554295282 330674
1554295282 375659
1554295282 415715
1554295282 456717
1554295282 498741
1554295282 540678
1554295282 583560
1554295282 624854
1554295282 667061
1554295282 708816
1554295282 750702
1554295282 792694
1554295282 835572
1554295282 876760
1554295282 918750
1554295282 960691
1554295283 2975
1554295283 45332
1554295283 87641
1554295283 128939
1554295283 170704
1554295283 212653
1554295283 256386
1554295283 298758
1554295283 340697
1554295283 384982
1554295283 424814
1554295283 467107
1554295283 508852
1554295283 550731
1554295283 592718
1554295283 635690
1554295283 677566
1554295283 718752
1554295283 760715
1554295283 802965
1554295283 845165
1554295283 886966
1554295283 928963
1554295283 970665
1554295284 12652
1554295284 56870
1554295284 98726
1554295284 141200
1554295284 184259
1554295284 224864
1554295284 266811
1554295284 308798
1554295284 350713
1554295284 393285
1554295284 434992
1554295284 477593
1554295284 518742
1554295284 560741
1554295284 602964
1554295284 646082
1554295284 687676
1554295284 728911
1554295284 770651
1554295284 812718
1554295284 857132
1554295284 898033
1554295284 938734
1554295284 980688
1554295285 22747
1554295285 65101
1554295285 106838
1554295285 149490
1554295285 190740
1554295285 232880
1554295285 274716
1554295285 317168
1554295285 358758
1554295285 401479
1554295285 442934
1554295285 485306
1554295285 527701
1554295285 568847
1554295285 610718
1554295285 653194
1554295285 694663
1554295285 738240
1554295285 779637
1554295285 820647
1554295285 862655
1554295285 906379
1554295285 946889
1554295285 989100
1554295286 30771
1554295286 72720
1554295286 114734
1554295286 157701
1554295286 199503
1554295286 240749
1554295286 282972
1554295286 324975
1554295286 367222
1554295286 408731
1554295286 450687
1554295286 492672
1554295286 534669
1554295286 578781
1554295286 620673
1554295286 663226
1554295286 705692
1554295286 746953
1554295286 788808
1554295286 831328
1554295286 872723
1554295286 915358
1554295286 956986
1554295286 999360
1554295287 40777
1554295287 82929
1554295287 124925
1554295287 168078
1554295287 208980
1554295287 250727
1554295287 292670
1554295287 334693
1554295287 379039
1554295287 420066
1554295287 460661
1554295287 502648
1554295287 544736
1554295287 586819
1554295287 628823
1554295287 671355
1554295287 712806
1554295287 754931
1554295287 796723
1554295287 839269
1554295287 880776
1554295287 923004
1554295287 964903
1554295288 6885
1554295288 49169
1554295288 90792
1554295288 132677
1554295288 175273
1554295288 216688
1554295288 260185
1554295288 300662
1554295288 342673
1554295288 384737
1554295288 428350
1554295288 468845
1554295288 511219
1554295288 552816
1554295288 594718
1554295288 636721
1554295288 680087
1554295288 720781
1554295288 762851
1554295288 804945
1554295288 846942
1554295288 888916
1554295288 932110
1554295288 972679
1554295289 14667
1554295289 56690
1554295289 101426
1554295289 142682
1554295289 184765
1554295289 227921
1554295289 268974
1554295289 311187
1554295289 352792
1554295289 394731
1554295289 437346
1554295289 479086
