1554280787 300127
1554280787 340309
1554280787 382641
1554280787 425549
1554280787 466888
1554280787 508353
1554280787 550361
1554280787 592335
1554280787 634303
1554280787 676379
1554280787 718346
1554280787 760298
1554280787 802288
1554280787 846990
1554280787 888392
1554280787 930574
1554280787 972314
1554280788 14391
1554280788 56451
1554280788 98381
1554280788 140345
1554280788 182432
1554280788 224356
1554280788 266911
1554280788 308357
1554280788 350351
1554280788 392339
1554280788 434309
1554280788 476383
1554280788 519248
1554280788 560297
1554280788 602304
1554280788 646954
1554280788 687120
1554280788 728348
1554280788 770488
1554280788 812451
1554280788 854639
1554280788 896423
1554280788 938537
1554280788 980416
1554280789 22489
1554280789 64359
1554280789 106733
1554280789 148642
1554280789 190323
1554280789 232325
1554280789 274310
1554280789 316410
1554280789 358316
1554280789 400295
1554280789 442318
1554280789 484574
1554280789 527968
1554280789 568312
1554280789 610481
1554280789 652496
1554280789 695283
1554280789 736441
1554280789 778762
1554280789 820372
1554280789 862377
1554280789 904363
1554280789 950567
1554280789 988900
1554280790 30376
1554280790 72401
1554280790 114450
1554280790 156335
1554280790 202256
1554280790 242288
1554280790 284577
1554280790 329084
1554280790 370520
1554280790 412431
1554280790 454541
1554280790 496427
1554280790 538414
1554280790 581057
1554280790 622323
1554280790 664355
1554280790 706308
1554280790 749423
1554280790 790369
1554280790 832889
1554280790 874393
1554280790 916329
1554280790 958406
1554280791 368
1554280791 42289
1554280791 85167
1554280791 128731
1554280791 169135
1554280791 210493
1554280791 252476
1554280791 294325
1554280791 336938
1554280791 378445
1554280791 420429
1554280791 462332
1554280791 504357
1554280791 546373
1554280791 589250
1554280791 630351
1554280791 672389
1554280791 714307
1554280791 756300
1554280791 798376
1554280791 840853
1554280791 882295
1554280791 924586
1554280791 966489
1554280792 9660
1554280792 50358
1554280792 93005
1554280792 134313
1554280792 177447
1554280792 218495
1554280792 260759
1554280792 302505
1554280792 344376
1554280792 386332
1554280792 429045
1554280792 470358
1554280792 512305
1554280792 554278
1554280792 596299
1554280792 638326
1554280792 680341
1554280792 722332
1554280792 764636
1554280792 806518
1554280792 850902
1554280792 892412
1554280792 934299
1554280792 977661
1554280793 18481
1554280793 60439
1554280793 102935
1554280793 144565
1554280793 186331
1554280793 228299
1554280793 271120
1554280793 312351
1554280793 354857
1554280793 396315
1554280793 438311
1554280793 480367
1554280793 522371
1554280793 564598
1554280793 607044
1554280793 650769
1554280793 690881
1554280793 732310
1554280793 774320
1554280793 816321
1554280793 858951
1554280793 900405
1554280793 942383
1554280793 984387
1554280794 26433
1554280794 68363
1554280794 111250
1554280794 152344
1554280794 194322
1554280794 236381
1554280794 278343
1554280794 320694
1554280794 362845
1554280794 404592
1554280794 446513
1554280794 488573
1554280794 531564
1554280794 572281
1554280794 614838
1554280794 656303
1554280794 698884
1554280794 740410
1554280794 782699
1554280794 824429
1554280794 866898
1554280794 908446
1554280794 951267
1554280794 992443
1554280795 34387
1554280795 76309
1554280795 119072
1554280795 160396
1554280795 204580
1554280795 246528
1554280795 288496
1554280795 332137
1554280795 374319
1554280795 416314
1554280795 459383
1554280795 500420
1554280795 542379
1554280795 584764
1554280795 626329
1554280795 668316
1554280795 710681
1554280795 753112
1554280795 794369
1554280795 836408
1554280795 878327
1554280795 920467
1554280795 962744
1554280796 4747
1554280796 46530
1554280796 88459
1554280796 132641
1554280796 174304
1554280796 216485
1554280796 258307
1554280796 300370
1554280796 342409
1554280796 384437
1554280796 426407
1554280796 468331
1554280796 510323
1554280796 552701
1554280796 594355
1554280796 636388
1554280796 678331
1554280796 720299
1554280796 762375
1554280796 804657
1554280796 846511
1554280796 888454
1554280796 930370
1554280796 973199
1554280797 14532
1554280797 56286
1554280797 98449
1554280797 141358
1554280797 182411
1554280797 224692
1554280797 266334
1554280797 308395
1554280797 350326
1554280797 392740
1554280797 434342
1554280797 476320
1554280797 518309
1554280797 560337
1554280797 602386
1554280797 644625
1554280797 686529
1554280797 728479
1554280797 770401
1554280797 813805
1554280797 854374
1554280797 896294
1554280797 938326
1554280797 981446
1554280798 22405
1554280798 64751
1554280798 106386
1554280798 148496
1554280798 191087
1554280798 232629
1554280798 274877
1554280798 316346
1554280798 358334
1554280798 400340
1554280798 442885
1554280798 484695
1554280798 526680
1554280798 568466
1554280798 610469
1554280798 654596
1554280798 696548
1554280798 738283
1554280798 780316
1554280798 822371
1554280798 864452
1554280798 906452
1554280798 948318
1554280798 990325
1554280799 32355
1554280799 75291
1554280799 116431
1554280799 158549
1554280799 200349
1554280799 242308
1554280799 285068
1554280799 327479
1554280799 368515
1554280799 410463
1554280799 452306
1554280799 495058
1554280799 536279
1554280799 578299
1554280799 620316
1554280799 662568
1554280799 704568
1554280799 746561
1554280799 788340
1554280799 830840
1554280799 872611
1554280799 914924
1554280799 956329
1554280799 998460
1554280800 40315
1554280800 82311
1554280800 125020
1554280800 166618
1554280800 208313
1554280800 250435
1554280800 292338
1554280800 335671
1554280800 376325
1554280800 418304
1554280800 460909
1554280800 503797
1554280800 544563
1554280800 586714
1554280800 628388
1554280800 670371
1554280800 712877
1554280800 754629
1554280800 796882
1554280800 838487
1554280800 880356
1554280800 926353
1554280800 968491
1554280801 10549
1554280801 52422
1554280801 96445
1554280801 138304
1554280801 181083
1554280801 223365
1554280801 264430
1554280801 306454
1554280801 348389
1554280801 390361
1554280801 432896
1554280801 474343
1554280801 516671
1554280801 558389
1554280801 600409
1554280801 642361
1554280801 685178
1554280801 726722
1554280801 768503
1554280801 810489
1554280801 852335
1554280801 896446
1554280801 937567
1554280801 978296
1554280802 20306
1554280802 62317
1554280802 105011
1554280802 146422
1554280802 188946
1554280802 230336
1554280802 272307
1554280802 314312
1554280802 356742
1554280802 398359
1554280802 441013
1554280802 482309
1554280802 524633
1554280802 566755
1554280802 608551
1554280802 650487
1554280802 692929
1554280802 734291
1554280802 777481
1554280802 818341
1554280802 860287
1554280802 902288
1554280802 945562
1554280802 986439
1554280803 28964
1554280803 70373
1554280803 112333
1554280803 154308
1554280803 197529
1554280803 238348
1554280803 280325
1554280803 322302
1554280803 364761
1554280803 406577
1554280803 448683
1554280803 490485
1554280803 532343
1554280803 574295
1554280803 618222
1554280803 660302
1554280803 702865
1554280803 745317
1554280803 786415
1554280803 828388
1554280803 870381
1554280803 912437
1554280803 954906
1554280803 996311
1554280804 39157
1554280804 80359
1554280804 122461
1554280804 164650
1554280804 207092
1554280804 248716
1554280804 290493
1554280804 332302
1554280804 374294
1554280804 418445
1554280804 459284
1554280804 500308
1554280804 542304
1554280804 584361
1554280804 626459
1554280804 668430
1554280804 710961
1554280804 752332
1554280804 794347
1554280804 836435
1554280804 880360
1554280804 922363
1554280804 964679
1554280805 6698
1554280805 48984
1554280805 90462
1554280805 132354
1554280805 174280
1554280805 216341
1554280805 259313
1554280805 300301
1554280805 342370
1554280805 384333
1554280805 426813
1554280805 468444
1554280805 510676
1554280805 552363
1554280805 594346
1554280805 636394
1554280805 678893
1554280805 720327
1554280805 762447
1554280805 804637
1554280805 846568
1554280805 888841
1554280805 930474
1554280805 972306
1554280806 14364
1554280806 56338
1554280806 100541
1554280806 142300
1554280806 184329
1554280806 227254
1554280806 268402
1554280806 310383
1554280806 352390
1554280806 394486
1554280806 436460
1554280806 478639
1554280806 520606
1554280806 562353
1554280806 604648
1554280806 646569
1554280806 688491
1554280806 730364
1554280806 772357
1554280806 814308
1554280806 856289
1554280806 900462
1554280806 942308
1554280806 984613
1554280807 26337
1554280807 68600
1554280807 110433
1554280807 152397
1554280807 194439
1554280807 236403
1554280807 278313
1554280807 320701
1554280807 362346
1554280807 404655
1554280807 446542
1554280807 488826
1554280807 530668
1554280807 572346
1554280807 614298
1554280807 656331
1554280807 698266
1554280807 741284
1554280807 782288
1554280807 824340
1554280807 866326
1554280807 908750
1554280807 950436
1554280807 992654
1554280808 34357
1554280808 76431
1554280808 118313
1554280808 160742
1554280808 202352
1554280808 244676
1554280808 286547
1554280808 328538
1554280808 370545
1554280808 412334
1554280808 454409
1554280808 496301
1554280808 541709
1554280808 581915
1554280808 622289
1554280808 664339
1554280808 706293
1554280808 749372
1554280808 790387
1554280808 832751
1554280808 874384
1554280808 916322
1554280808 958312
1554280809 1113
1554280809 42669
1554280809 84693
1554280809 126590
1554280809 168501
1554280809 210538
1554280809 252370
1554280809 294321
1554280809 336292
1554280809 378535
1554280809 422489
1554280809 464504
1554280809 506304
1554280809 548336
1554280809 590396
1554280809 632452
1554280809 674579
1554280809 716364
1554280809 758321
1554280809 800345
1554280809 842753
1554280809 884734
1554280809 926515
1554280809 968495
1554280810 10551
1554280810 52377
1554280810 94366
1554280810 136372
1554280810 178303
1554280810 220305
1554280810 263322
1554280810 304325
1554280810 346323
1554280810 388616
1554280810 430988
1554280810 472506
1554280810 514509
1554280810 556328
1554280810 598329
1554280810 640301
1554280810 682732
1554280810 724713
1554280810 766531
1554280810 808490
1554280810 850718
1554280810 892567
1554280810 934329
1554280810 976284
1554280811 18333
1554280811 60266
1554280811 103631
1554280811 144408
1554280811 186313
1554280811 228329
1554280811 271078
1554280811 312431
1554280811 355051
1554280811 396396
1554280811 438432
1554280811 480309
1554280811 522640
1554280811 565368
1554280811 606515
1554280811 648619
1554280811 690550
1554280811 732381
1554280811 774410
1554280811 816413
1554280811 858292
1554280811 900307
1554280811 944419
1554280811 986313
1554280812 28289
1554280812 70498
1554280812 112400
1554280812 154402
1554280812 197290
1554280812 238330
1554280812 280944
1554280812 322338
1554280812 365384
1554280812 406435
1554280812 448694
1554280812 490484
1554280812 532847
1554280812 574381
1554280812 616396
1554280812 658345
1554280812 700289
1554280812 744720
1554280812 785449
1554280812 826388
1554280812 868344
1554280812 910316
1554280812 952377
1554280812 994517
1554280813 36929
1554280813 78336
1554280813 120313
1554280813 162332
1554280813 205092
1554280813 246482
1554280813 288634
1554280813 330513
1554280813 372318
1554280813 414398
1554280813 456328
1554280813 498310
1554280813 540420
1554280813 582290
1554280813 625540
1554280813 666295
1554280813 708402
1554280813 750391
1554280813 793442
1554280813 834448
1554280813 876699
1554280813 918387
1554280813 960436
1554280814 2343
1554280814 45034
1554280814 87420
1554280814 128523
1554280814 170516
1554280814 212581
1554280814 254341
1554280814 296402
1554280814 338305
1554280814 380319
1554280814 422281
1554280814 466218
1554280814 508349
1554280814 550819
1554280814 593646
1554280814 634616
1554280814 676375
1554280814 718393
1554280814 760338
1554280814 802886
1554280814 845378
1554280814 888444
1554280814 930546
1554280814 972337
1554280815 14499
1554280815 56385
1554280815 98336
1554280815 140368
1554280815 182343
1554280815 226462
1554280815 266710
1554280815 308311
1554280815 350286
1554280815 392316
1554280815 434470
1554280815 476401
1554280815 518538
1554280815 560322
1554280815 602328
1554280815 644744
1554280815 686922
1554280815 728401
1554280815 770520
1554280815 812354
1554280815 854624
1554280815 896407
1554280815 938316
1554280815 980326
1554280816 22288
1554280816 64335
1554280816 107412
1554280816 148283
1554280816 190295
1554280816 232292
1554280816 274954
1554280816 316413
1554280816 358685
1554280816 400368
1554280816 442314
1554280816 484734
1554280816 527052
1554280816 568456
1554280816 610641
1554280816 652373
1554280816 694321
1554280816 736556
1554280816 778327
1554280816 820293
1554280816 862280
1554280816 904399
1554280816 948051
1554280816 990312
1554280817 32297
1554280817 75449
1554280817 116422
1554280817 158378
1554280817 200446
1554280817 242332
1554280817 284675
1554280817 326868
1554280817 379019
1554280817 410547
1554280817 452422
1554280817 494310
1554280817 536319
1554280817 578385
1554280817 620332
1554280817 662292
1554280817 704549
1554280817 748919
1554280817 790303
1554280817 832577
1554280817 874308
1554280817 916394
1554280817 958532
1554280818 409
1554280818 42343
1554280818 84637
1554280818 126529
1554280818 168893
1554280818 210553
1554280818 252355
1554280818 294315
1554280818 336329
1554280818 378415
1554280818 420308
1554280818 462302
1554280818 504430
1554280818 546284
1554280818 589316
1554280818 630290
1554280818 672325
1554280818 714322
1554280818 757120
1554280818 798513
1554280818 840669
1554280818 882338
1554280818 924657
1554280818 966601
1554280819 10024
1554280819 50517
1554280819 92467
1554280819 134368
1554280819 176324
1554280819 218411
1554280819 260403
1554280819 302300
1554280819 344338
1554280819 386310
1554280819 429810
1554280819 470364
1554280819 512300
1554280819 554292
1554280819 597232
1554280819 638398
1554280819 680368
1554280819 722383
1554280819 764676
1554280819 806949
1554280819 849701
1554280819 892821
1554280819 934339
1554280819 976335
1554280820 18519
1554280820 60349
1554280820 102322
1554280820 144369
1554280820 186282
1554280820 230444
1554280820 272311
1554280820 314822
1554280820 356319
1554280820 398463
1554280820 440400
1554280820 482382
1554280820 524726
1554280820 567089
1554280820 608573
1554280820 650944
1554280820 692390
1554280820 734329
1554280820 776305
1554280820 818867
1554280820 860389
1554280820 902364
1554280820 944347
1554280820 986425
1554280821 28277
1554280821 71094
1554280821 112302
1554280821 154302
1554280821 196347
1554280821 238639
1554280821 280414
1554280821 322493
1554280821 364756
1554280821 406857
1554280821 448502
1554280821 490879
1554280821 532359
1554280821 574323
1554280821 616315
1554280821 658302
1554280821 700382
1554280821 742670
1554280821 784333
1554280821 826285
1554280821 868289
1554280821 911649
1554280821 952287
1554280821 994290
1554280822 36298
1554280822 79328
1554280822 120430
1554280822 162710
1554280822 204770
1554280822 246548
1554280822 288700
1554280822 330648
1554280822 373252
1554280822 414387
1554280822 456331
1554280822 498328
1554280822 540332
1554280822 582351
1554280822 624364
1554280822 666292
1554280822 708280
1554280822 752407
1554280822 794304
1554280822 836834
1554280822 878513
1554280822 920391
1554280822 962415
1554280823 4759
1554280823 46840
1554280823 88496
1554280823 130339
1554280823 173158
1554280823 216360
1554280823 258298
1554280823 300301
1554280823 342377
1554280823 384507
1554280823 426330
1554280823 468331
1554280823 512448
1554280823 552848
1554280823 594288
1554280823 636286
1554280823 678309
1554280823 720795
1554280823 762433
1554280823 804753
1554280823 846471
1554280823 888594
1554280823 930336
1554280823 972752
1554280824 14416
1554280824 56358
1554280824 98343
1554280824 140399
1554280824 182377
1554280824 226277
1554280824 268416
1554280824 310283
1554280824 354083
1554280824 396305
1554280824 438279
1554280824 480902
1554280824 522395
1554280824 564994
1554280824 606566
1554280824 648528
1554280824 690517
1554280824 732945
1554280824 774380
1554280824 816308
1554280824 858357
1554280824 900299
1554280824 942352
1554280824 984407
1554280825 26327
1554280825 68291
1554280825 110305
1554280825 154237
1554280825 196282
1554280825 238283
1554280825 281273
1554280825 322425
1554280825 365065
1554280825 406599
1554280825 448530
1554280825 490590
1554280825 532813
1554280825 575126
1554280825 616325
1554280825 658316
1554280825 700344
1554280825 742439
1554280825 784433
1554280825 826310
1554280825 868320
1554280825 910290
1554280825 954648
1554280825 994651
1554280826 36351
1554280826 78285
1554280826 120323
1554280826 162433
1554280826 204770
1554280826 246555
1554280826 288578
1554280826 330468
1554280826 372327
1554280826 414741
1554280826 456545
1554280826 498319
1554280826 540316
1554280826 582314
1554280826 624438
1554280826 666317
1554280826 708281
1554280826 750274
1554280826 792294
1554280826 835288
1554280826 876301
1554280826 918292
1554280826 960286
1554280827 2898
1554280827 45026
1554280827 86876
1554280827 128544
1554280827 170488
1554280827 212437
1554280827 254815
1554280827 296361
1554280827 338323
1554280827 380332
1554280827 422311
1554280827 464422
1554280827 506395
1554280827 548462
1554280827 590288
1554280827 632315
1554280827 675965
1554280827 716305
1554280827 758322
1554280827 800366
1554280827 843311
1554280827 884752
1554280827 926973
1554280827 968553
1554280828 10484
1554280828 52540
1554280828 94619
1554280828 137178
1554280828 178359
1554280828 220338
1554280828 262321
1554280828 304372
1554280828 346375
1554280828 389645
1554280828 430321
1554280828 472368
1554280828 516418
1554280828 558316
1554280828 600364
1554280828 642308
1554280828 684828
1554280828 726622
1554280828 768575
1554280828 810491
1554280828 852319
1554280828 894348
1554280828 938428
1554280828 980314
1554280829 22332
1554280829 64365
1554280829 106383
1554280829 148323
1554280829 190309
1554280829 232438
1554280829 274287
1554280829 317260
