1554280787 290095
1554280787 339907
1554280787 382205
1554280787 423885
1554280787 466148
1554280787 507919
1554280787 549928
1554280787 591907
1554280787 633886
1554280787 675945
1554280787 717924
1554280787 759892
1554280787 801885
1554280787 846315
1554280787 887937
1554280787 929955
1554280787 971897
1554280788 13951
1554280788 55997
1554280788 97937
1554280788 139909
1554280788 181941
1554280788 223880
1554280788 266177
1554280788 307922
1554280788 349920
1554280788 391890
1554280788 433886
1554280788 475950
1554280788 517921
1554280788 559893
1554280788 601908
1554280788 643874
1554280788 686708
1554280788 727929
1554280788 770088
1554280788 811918
1554280788 854206
1554280788 895983
1554280788 938108
1554280788 979961
1554280789 21969
1554280789 63891
1554280789 106168
1554280789 148071
1554280789 189894
1554280789 231891
1554280789 273887
1554280789 315960
1554280789 357920
1554280789 399898
1554280789 441923
1554280789 483876
1554280789 527299
1554280789 567903
1554280789 609952
1554280789 651933
1554280789 694846
1554280789 735978
1554280789 777934
1554280789 819934
1554280789 861922
1554280789 903886
1554280789 945897
1554280789 988168
1554280790 29955
1554280790 71974
1554280790 114025
1554280790 155911
1554280790 199957
1554280790 241892
1554280790 283881
1554280790 328473
1554280790 369973
1554280790 411920
1554280790 453910
1554280790 495991
1554280790 537970
1554280790 580504
1554280790 621898
1554280790 663890
1554280790 705885
1554280790 748169
1554280790 789933
1554280790 832445
1554280790 873970
1554280790 915907
1554280790 957969
1554280790 999935
1554280791 41894
1554280791 83896
1554280791 125957
1554280791 168555
1554280791 210067
1554280791 252057
1554280791 293894
1554280791 336497
1554280791 378007
1554280791 419969
1554280791 461905
1554280791 503888
1554280791 545943
1554280791 588803
1554280791 629919
1554280791 671939
1554280791 713878
1554280791 755883
1554280791 797948
1554280791 840438
1554280791 881898
1554280791 923887
1554280791 965956
1554280792 9125
1554280792 49917
1554280792 91933
1554280792 133899
1554280792 177002
1554280792 218061
1554280792 259934
1554280792 302015
1554280792 343899
1554280792 385888
1554280792 428454
1554280792 469920
1554280792 511897
1554280792 553883
1554280792 595881
1554280792 637910
1554280792 679914
1554280792 721935
1554280792 763921
1554280792 805989
1554280792 849710
1554280792 891961
1554280792 933899
1554280792 975885
1554280793 17970
1554280793 59967
1554280793 102487
1554280793 144133
1554280793 185887
1554280793 227876
1554280793 270182
1554280793 311915
1554280793 354418
1554280793 395890
1554280793 437883
1554280793 479933
1554280793 521914
1554280793 563893
1554280793 605958
1554280793 647955
1554280793 690443
1554280793 731903
1554280793 773889
1554280793 815896
1554280793 858478
1554280793 899975
1554280793 941939
1554280793 983899
1554280794 25924
1554280794 67912
1554280794 110804
1554280794 151920
1554280794 193891
1554280794 235961
1554280794 277923
1554280794 319979
1554280794 362429
1554280794 403891
1554280794 445963
1554280794 488041
1554280794 531028
1554280794 571879
1554280794 613885
1554280794 655892
1554280794 698446
1554280794 739979
1554280794 781912
1554280794 823936
1554280794 865909
1554280794 908007
1554280794 950797
1554280794 992013
1554280795 33968
1554280795 75880
1554280795 118432
1554280795 159963
1554280795 203858
1554280795 245967
1554280795 287942
1554280795 331551
1554280795 373904
1554280795 415898
1554280795 457882
1554280795 499996
1554280795 541944
1554280795 583947
1554280795 625899
1554280795 667886
1554280795 709905
1554280795 752162
1554280795 793932
1554280795 835970
1554280795 877902
1554280795 919900
1554280795 961972
1554280796 4031
1554280796 45967
1554280796 87930
1554280796 132221
1554280796 173899
1554280796 215965
1554280796 257880
1554280796 299935
1554280796 341981
1554280796 383938
1554280796 425938
1554280796 467912
1554280796 509889
1554280796 552246
1554280796 593923
1554280796 635957
1554280796 677905
1554280796 719879
1554280796 761949
1554280796 803956
1554280796 845989
1554280796 887929
1554280796 929942
1554280796 972777
1554280797 14133
1554280797 55882
1554280797 97914
1554280797 140873
1554280797 181977
1554280797 224247
1554280797 265903
1554280797 307973
1554280797 349889
1554280797 392175
1554280797 433914
1554280797 475892
1554280797 517885
1554280797 559900
1554280797 601960
1554280797 643916
1554280797 685992
1554280797 727957
1554280797 770006
1554280797 813390
1554280797 853968
1554280797 895884
1554280797 937912
1554280797 980102
1554280798 21974
1554280798 63946
1554280798 105944
1554280798 147900
1554280798 189996
1554280798 231892
1554280798 274152
1554280798 315916
1554280798 357906
1554280798 399914
1554280798 442451
1554280798 483924
1554280798 526028
1554280798 567946
1554280798 609948
1554280798 654054
1554280798 696150
1554280798 737879
1554280798 779881
1554280798 821938
1554280798 863965
1554280798 906019
1554280798 947897
1554280798 989883
1554280799 31929
1554280799 74299
1554280799 116006
1554280799 158124
1554280799 199916
1554280799 241883
1554280799 283954
1554280799 325984
1554280799 367971
1554280799 409945
1554280799 451906
1554280799 494644
1554280799 535874
1554280799 577889
1554280799 619884
1554280799 662114
1554280799 704058
1554280799 746099
1554280799 787897
1554280799 829951
1554280799 872036
1554280799 914456
1554280799 955898
1554280799 997959
1554280800 39879
1554280800 81889
1554280800 123945
1554280800 165984
1554280800 207911
1554280800 249911
1554280800 291902
1554280800 335255
1554280800 375926
1554280800 417888
1554280800 460412
1554280800 503359
1554280800 544125
1554280800 585918
1554280800 627944
1554280800 669940
1554280800 712432
1554280800 753895
1554280800 796147
1554280800 837981
1554280800 879930
1554280800 925582
1554280800 967948
1554280801 9930
1554280801 51932
1554280801 95794
1554280801 137896
1554280801 180461
1554280801 221894
1554280801 263948
1554280801 306021
1554280801 347944
1554280801 389922
1554280801 431914
1554280801 473919
1554280801 516228
1554280801 557968
1554280801 599969
1554280801 641937
1554280801 684757
1554280801 725992
1554280801 767953
1554280801 809932
1554280801 851935
1554280801 893879
1554280801 937107
1554280801 977888
1554280802 19892
1554280802 61891
1554280802 104409
1554280802 145989
1554280802 188493
1554280802 229900
1554280802 271885
1554280802 313886
1554280802 356169
1554280802 397929
1554280802 439909
1554280802 481886
1554280802 523878
1554280802 565987
1554280802 607963
1554280802 649930
1554280802 691989
1554280802 733885
1554280802 777060
1554280802 817912
1554280802 859879
1554280802 901888
1554280802 944572
1554280802 985983
1554280803 27936
1554280803 69929
1554280803 111905
1554280803 153880
1554280803 197089
1554280803 237899
1554280803 279892
1554280803 321903
1554280803 363897
1554280803 405998
1554280803 447959
1554280803 490057
1554280803 531914
1554280803 573901
1554280803 617661
1554280803 659890
1554280803 702446
1554280803 743909
1554280803 785975
1554280803 827950
1554280803 869940
1554280803 911936
1554280803 953905
1554280803 995880
1554280804 38254
1554280804 79928
1554280804 121985
1554280804 163898
1554280804 206547
1554280804 247981
1554280804 289928
1554280804 331903
1554280804 373903
1554280804 415884
1554280804 458848
1554280804 499898
1554280804 541895
1554280804 583897
1554280804 626035
1554280804 667988
1554280804 710510
1554280804 751901
1554280804 793914
1554280804 836023
1554280804 879912
1554280804 921933
1554280804 963921
1554280805 6114
1554280805 47992
1554280805 89922
1554280805 131925
1554280805 173881
1554280805 215931
1554280805 258891
1554280805 299885
1554280805 341929
1554280805 383884
1554280805 426377
1554280805 467984
1554280805 509901
1554280805 551928
1554280805 593894
1554280805 635901
1554280805 678265
1554280805 719898
1554280805 761983
1554280805 803878
1554280805 845972
1554280805 888273
1554280805 929924
1554280805 971904
1554280806 13915
1554280806 55932
1554280806 99692
1554280806 141897
1554280806 183888
1554280806 225889
1554280806 267962
1554280806 309952
1554280806 351941
1554280806 393897
1554280806 436032
1554280806 477911
1554280806 520159
1554280806 561931
1554280806 603895
1554280806 645981
1554280806 687934
1554280806 729935
1554280806 771932
1554280806 813893
1554280806 855890
1554280806 897873
1554280806 941903
1554280806 983964
1554280807 25916
1554280807 68091
1554280807 109995
1554280807 151951
1554280807 193981
1554280807 235937
1554280807 277887
1554280807 320239
1554280807 361913
1554280807 403897
1554280807 445972
1554280807 488257
1554280807 529956
1554280807 571919
1554280807 613902
1554280807 655916
1554280807 697874
1554280807 740782
1554280807 781881
1554280807 823896
1554280807 865890
1554280807 908315
1554280807 949998
1554280807 992195
1554280808 33927
1554280808 75970
1554280808 117882
1554280808 160179
1554280808 201915
1554280808 243915
1554280808 285950
1554280808 327965
1554280808 369958
1554280808 411918
1554280808 453990
1554280808 495909
1554280808 537898
1554280808 581389
1554280808 621877
1554280808 663893
1554280808 705890
1554280808 748931
1554280808 789949
1554280808 831989
1554280808 873937
1554280808 915892
1554280808 957886
1554280808 999902
1554280809 42160
1554280809 83933
1554280809 126066
1554280809 167936
1554280809 209972
1554280809 251941
1554280809 293917
1554280809 335899
1554280809 377947
1554280809 422015
1554280809 464104
1554280809 505900
1554280809 547893
1554280809 589955
1554280809 631971
1554280809 673967
1554280809 715938
1554280809 757892
1554280809 799907
1554280809 842307
1554280809 883972
1554280809 926086
1554280809 967932
1554280810 9963
1554280810 51944
1554280810 93952
1554280810 135952
1554280810 177914
1554280810 219902
1554280810 262733
1554280810 303879
1554280810 345929
1554280810 387884
1554280810 430528
1554280810 472078
1554280810 514059
1554280810 555892
1554280810 597888
1554280810 639878
1554280810 682180
1554280810 723952
1554280810 766094
1554280810 807932
1554280810 850161
1554280810 891968
1554280810 933932
1554280810 975892
1554280811 17922
1554280811 59875
1554280811 103215
1554280811 143956
1554280811 185905
1554280811 227903
1554280811 270638
1554280811 311978
1554280811 353967
1554280811 395940
1554280811 437907
1554280811 479883
1554280811 521912
1554280811 564143
1554280811 605954
1554280811 648123
1554280811 689949
1554280811 731948
1554280811 773937
1554280811 816003
1554280811 857895
1554280811 899893
1554280811 943882
1554280811 985911
1554280812 27889
1554280812 69879
1554280812 111958
1554280812 153964
1554280812 196812
1554280812 237898
1554280812 279959
1554280812 321906
1554280812 364171
1554280812 405947
1554280812 448147
1554280812 489928
1554280812 532413
1554280812 573947
1554280812 615929
1554280812 657949
1554280812 699888
1554280812 741890
1554280812 785032
1554280812 825879
1554280812 867946
1554280812 909884
1554280812 951943
1554280812 994010
1554280813 36480
1554280813 77904
1554280813 119884
1554280813 161900
1554280813 204196
1554280813 245988
1554280813 288145
1554280813 329996
1554280813 371897
1554280813 413977
1554280813 455926
1554280813 497909
1554280813 539926
1554280813 581891
1554280813 625125
1554280813 665889
1554280813 707927
1554280813 749902
1554280813 793003
1554280813 834012
1554280813 875906
1554280813 917945
1554280813 960010
1554280814 1903
1554280814 44208
1554280814 86094
1554280814 128036
1554280814 169957
1554280814 211999
1554280814 253913
1554280814 295982
1554280814 337908
1554280814 379925
1554280814 421885
1554280814 465700
1554280814 507922
1554280814 550416
1554280814 591876
1554280814 634118
1554280814 675942
1554280814 717954
1554280814 759907
1554280814 801909
1554280814 843897
1554280814 887759
1554280814 929959
1554280814 971909
1554280815 13946
1554280815 55952
1554280815 97915
1554280815 139934
1554280815 181937
1554280815 223882
1554280815 266294
1554280815 307916
1554280815 349891
1554280815 391895
1554280815 434041
1554280815 475960
1554280815 517988
1554280815 559900
1554280815 601887
1554280815 643876
1554280815 686312
1554280815 727944
1554280815 769956
1554280815 811929
1554280815 854039
1554280815 895965
1554280815 937919
1554280815 979926
1554280816 21888
1554280816 63899
1554280816 106940
1554280816 147875
1554280816 189893
1554280816 231885
1554280816 274515
1554280816 315989
1554280816 357906
1554280816 399925
1554280816 441890
1554280816 483882
1554280816 526341
1554280816 567945
1554280816 609996
1554280816 651948
1554280816 693890
1554280816 735963
1554280816 777926
1554280816 819887
1554280816 861882
1554280816 903887
1554280816 947516
1554280816 989902
1554280817 31889
1554280817 73886
1554280817 115983
1554280817 157944
1554280817 199986
1554280817 241897
1554280817 283906
1554280817 326000
1554280817 368243
1554280817 409984
1554280817 451996
1554280817 493891
1554280817 535895
1554280817 577949
1554280817 619920
1554280817 661896
1554280817 703930
1554280817 745927
1554280817 789900
1554280817 831926
1554280817 873882
1554280817 915958
1554280817 957975
1554280817 999951
1554280818 41911
1554280818 83884
1554280818 125972
1554280818 168301
1554280818 209992
1554280818 251923
1554280818 293899
1554280818 335904
1554280818 377966
1554280818 419912
1554280818 461901
1554280818 503906
1554280818 545887
1554280818 588875
1554280818 629879
1554280818 671894
1554280818 713889
1554280818 756671
1554280818 798077
1554280818 840214
1554280818 881905
1554280818 923887
1554280818 966012
1554280819 8705
1554280819 49961
1554280819 92031
1554280819 133947
1554280819 175903
1554280819 217984
1554280819 259916
1554280819 301900
1554280819 343892
1554280819 385920
1554280819 429392
1554280819 469964
1554280819 511896
1554280819 553890
1554280819 596085
1554280819 637969
1554280819 679941
1554280819 721941
1554280819 763906
1554280819 806066
1554280819 847947
1554280819 891986
1554280819 933915
1554280819 975915
1554280820 17959
1554280820 59916
1554280820 101919
1554280820 143929
1554280820 185885
1554280820 230027
1554280820 271911
1554280820 314413
1554280820 355907
1554280820 397962
1554280820 439959
1554280820 481942
1554280820 523939
1554280820 566011
1554280820 607965
1554280820 650332
1554280820 691943
1554280820 733905
1554280820 775886
1554280820 818410
1554280820 859956
1554280820 901966
1554280820 943906
1554280820 985926
1554280821 27876
1554280821 70602
1554280821 111899
1554280821 153901
1554280821 195914
1554280821 238202
1554280821 279981
1554280821 322047
1554280821 363977
1554280821 406128
1554280821 447938
1554280821 490190
1554280821 531923
1554280821 573892
1554280821 615893
1554280821 657880
1554280821 699951
1554280821 741938
1554280821 783893
1554280821 825887
1554280821 867900
1554280821 911230
1554280821 951882
1554280821 993884
1554280822 35899
1554280822 78737
1554280822 119994
1554280822 161914
1554280822 203960
1554280822 245970
1554280822 288152
1554280822 329901
1554280822 372256
1554280822 413966
1554280822 455892
1554280822 497899
1554280822 539899
1554280822 581923
1554280822 623922
1554280822 665894
1554280822 707886
1554280822 751962
1554280822 793903
1554280822 836415
1554280822 877886
1554280822 919945
1554280822 961974
1554280823 3943
1554280823 45987
1554280823 87931
1554280823 129903
1554280823 172167
1554280823 215938
1554280823 257878
1554280823 299880
1554280823 341946
1554280823 383968
1554280823 425921
1554280823 467907
1554280823 509875
1554280823 552432
1554280823 593883
1554280823 635891
1554280823 677882
1554280823 720360
1554280823 762004
1554280823 803942
1554280823 845962
1554280823 888170
1554280823 929900
1554280823 972190
1554280824 13991
1554280824 55911
1554280824 97887
1554280824 139895
1554280824 181951
1554280824 225863
1554280824 267940
1554280824 309881
1554280824 353589
1554280824 395883
1554280824 437881
1554280824 480456
1554280824 521970
1554280824 563901
1554280824 605966
1554280824 648011
1554280824 690001
1554280824 732388
1554280824 773927
1554280824 815889
1554280824 857927
1554280824 899894
1554280824 941926
1554280824 983928
1554280825 25926
1554280825 67888
1554280825 109903
1554280825 153692
1554280825 195881
1554280825 237881
1554280825 279908
1554280825 321977
1554280825 363955
1554280825 406012
1554280825 447961
1554280825 490018
1554280825 531905
1554280825 574163
1554280825 615900
1554280825 657891
1554280825 699886
1554280825 741906
1554280825 783954
1554280825 825915
1554280825 867917
1554280825 909887
1554280825 951888
1554280825 994232
1554280826 35930
1554280826 77883
1554280826 119898
1554280826 162002
1554280826 203991
1554280826 245987
1554280826 287988
1554280826 329920
1554280826 371901
1554280826 414306
1554280826 456118
1554280826 497885
1554280826 539883
1554280826 581889
1554280826 623957
1554280826 665922
1554280826 707890
1554280826 749876
1554280826 791906
1554280826 834869
1554280826 875887
1554280826 917890
1554280826 959879
1554280827 2465
1554280827 44596
1554280827 86441
1554280827 128060
1554280827 169924
1554280827 211917
1554280827 254260
1554280827 295930
1554280827 337893
1554280827 379910
1554280827 421889
1554280827 463948
1554280827 505922
1554280827 547984
1554280827 589884
1554280827 631902
1554280827 675451
1554280827 715902
1554280827 757917
1554280827 799897
1554280827 841918
1554280827 883962
1554280827 926012
1554280827 967972
1554280828 9916
1554280828 52028
1554280828 93890
1554280828 136733
1554280828 177933
1554280828 219898
1554280828 261900
1554280828 303910
1554280828 345945
1554280828 388442
1554280828 429917
1554280828 471969
1554280828 513875
1554280828 557911
1554280828 599893
1554280828 641885
1554280828 684037
1554280828 726035
1554280828 767976
1554280828 809928
1554280828 851896
1554280828 893920
1554280828 937979
1554280828 979883
1554280829 21909
1554280829 63897
1554280829 105953
1554280829 147935
1554280829 189908
1554280829 232036
1554280829 273892
1554280829 316762
