1554282374 887986
1554282374 930553
1554282374 974403
1554282375 16315
1554282375 58284
1554282375 101352
1554282375 144348
1554282375 186314
1554282375 228863
1554282375 270441
1554282375 313357
1554282375 356490
1554282375 398377
1554282375 440760
1554282375 482363
1554282375 524661
1554282375 566381
1554282375 608550
1554282375 650429
1554282375 692325
1554282375 734310
1554282375 776346
1554282375 818312
1554282375 861979
1554282375 904352
1554282375 946310
1554282375 990322
1554282376 33260
1554282376 76344
1554282376 118363
1554282376 160665
1554282376 202621
1554282376 244707
1554282376 287175
1554282376 328490
1554282376 370560
1554282376 412387
1554282376 454335
1554282376 496300
1554282376 538856
1554282376 582595
1554282376 624605
1554282376 666396
1554282376 708330
1554282376 752436
1554282376 794393
1554282376 836343
1554282376 878623
1554282376 920372
1554282376 962776
1554282377 4718
1554282377 46857
1554282377 88565
1554282377 130333
1554282377 172433
1554282377 214524
1554282377 256299
1554282377 298299
1554282377 340294
1554282377 384350
1554282377 426302
1554282377 468400
1554282377 511434
1554282377 554483
1554282377 596344
1554282377 638325
1554282377 680324
1554282377 722734
1554282377 764669
1554282377 806617
1554282377 848563
1554282377 890551
1554282377 932425
1554282377 974337
1554282378 16432
1554282378 58332
1554282378 100563
1554282378 144428
1554282378 186331
1554282378 228419
1554282378 270999
1554282378 312584
1554282378 355005
1554282378 398343
1554282378 440345
1554282378 483573
1554282378 526556
1554282378 568506
1554282378 610402
1554282378 653333
1554282378 696361
1554282378 738340
1554282378 780486
1554282378 824237
1554282378 866351
1554282378 908320
1554282378 951696
1554282378 994390
1554282379 36413
1554282379 78346
1554282379 120330
1554282379 162858
1554282379 204947
1554282379 248547
1554282379 290413
1554282379 332342
1554282379 374498
1554282379 416348
1554282379 458406
1554282379 500299
1554282379 544525
1554282379 586405
1554282379 628294
1554282379 670322
1554282379 712428
1554282379 754436
1554282379 796392
1554282379 838359
1554282379 880327
1554282379 922331
1554282379 965197
1554282380 6419
1554282380 48505
1554282380 90360
1554282380 132367
1554282380 174434
1554282380 218348
1554282380 260561
1554282380 302295
1554282380 346290
1554282380 388357
1554282380 430369
1554282380 472813
1554282380 514527
1554282380 556672
1554282380 598344
1554282380 640430
1554282380 682359
1554282380 725057
1554282380 766485
1554282380 808553
1554282380 850562
1554282380 892631
1554282380 934848
1554282380 976372
1554282381 18321
1554282381 60339
1554282381 102298
1554282381 145983
1554282381 188566
1554282381 230383
1554282381 273433
1554282381 316882
1554282381 358415
1554282381 400906
1554282381 442353
1554282381 484974
1554282381 527256
1554282381 570513
1554282381 612431
1554282381 654954
1554282381 696367
1554282381 738331
1554282381 780301
1554282381 822397
1554282381 866420
1554282381 908303
1554282381 950307
1554282381 994728
1554282382 36416
1554282382 78400
1554282382 120664
1554282382 162332
1554282382 204985
1554282382 247321
1554282382 290628
1554282382 332343
1554282382 375057
1554282382 416402
1554282382 458329
1554282382 500383
1554282382 542307
1554282382 586703
1554282382 628387
1554282382 670384
1554282382 712332
1554282382 754403
1554282382 796456
1554282382 838403
1554282382 880360
1554282382 922361
1554282382 964966
1554282383 8612
1554282383 50520
1554282383 92351
1554282383 134328
1554282383 176419
1554282383 220648
1554282383 262301
1554282383 304335
1554282383 348107
1554282383 390363
1554282383 432307
1554282383 474887
1554282383 516416
1554282383 558717
1554282383 600333
1554282383 642444
1554282383 684700
1554282383 727147
1554282383 768539
1554282383 810687
1554282383 852431
1554282383 894847
1554282383 936652
1554282383 978587
1554282384 20662
1554282384 62348
1554282384 104408
1554282384 148447
1554282384 190320
1554282384 232405
1554282384 275299
1554282384 319307
1554282384 362370
1554282384 404658
1554282384 446948
1554282384 488871
1554282384 530512
1554282384 572885
1554282384 614450
1554282384 656311
1554282384 698433
1554282384 740340
1554282384 782312
1554282384 824880
1554282384 868631
1554282384 910328
1554282384 952342
1554282384 994327
1554282385 38472
1554282385 80384
1554282385 122364
1554282385 164701
1554282385 206614
1554282385 249442
1554282385 292894
1554282385 334331
1554282385 376404
1554282385 418388
1554282385 460336
1554282385 502303
1554282385 544873
1554282385 586303
1554282385 630318
1554282385 672492
1554282385 714328
1554282385 756689
1554282385 798487
1554282385 840568
1554282385 882343
1554282385 924671
1554282385 966615
1554282386 9089
1554282386 50476
1554282386 92349
1554282386 134329
1554282386 176314
1554282386 218396
1554282386 264721
1554282386 306322
1554282386 349720
1554282386 392304
1554282386 434302
1554282386 477505
1554282386 521274
1554282386 564706
1554282386 606607
1554282386 649258
1554282386 690395
1554282386 732337
1554282386 774336
1554282386 816386
1554282386 858406
1554282386 901081
1554282386 944360
1554282386 986302
1554282387 30218
1554282387 72335
1554282387 114303
1554282387 157257
1554282387 200577
1554282387 242951
1554282387 284706
1554282387 326562
1554282387 368991
1554282387 410807
1554282387 452410
1554282387 494975
1554282387 536328
1554282387 578335
1554282387 620438
1554282387 662354
1554282387 704351
1554282387 746823
1554282387 790569
1554282387 832612
1554282387 874372
1554282387 916398
1554282387 958479
1554282388 1048
1554282388 44708
1554282388 86595
1554282388 128548
1554282388 171005
1554282388 212370
1554282388 255119
1554282388 298340
1554282388 340446
1554282388 384363
1554282388 426313
1554282388 468297
1554282388 511237
1554282388 554367
1554282388 596336
1554282388 638945
1554282388 680468
1554282388 723253
1554282388 764823
1554282388 806614
1554282388 848546
1554282388 891138
1554282388 936450
1554282388 978372
1554282389 20388
1554282389 62498
1554282389 104351
1554282389 146309
1554282389 188287
1554282389 231984
1554282389 274314
1554282389 316308
1554282389 359768
1554282389 402677
1554282389 444676
1554282389 486560
1554282389 528521
1554282389 570744
1554282389 612355
1554282389 654362
1554282389 696895
1554282389 738300
1554282389 781106
1554282389 824376
1554282389 866329
1554282389 908416
1554282389 952327
1554282389 994327
1554282390 36293
1554282390 78537
1554282390 122426
1554282390 164817
1554282390 206846
1554282390 248622
1554282390 290395
1554282390 333115
1554282390 376556
1554282390 418384
1554282390 460559
1554282390 502381
1554282390 544563
1554282390 586319
1554282390 628293
1554282390 672639
1554282390 714310
1554282390 756298
1554282390 798332
1554282390 840681
1554282390 882592
1554282390 924715
1554282390 966595
1554282391 8734
1554282391 50529
1554282391 92733
1554282391 134383
1554282391 176414
1554282391 218344
1554282391 260449
1554282391 302415
1554282391 344425
1554282391 386325
1554282391 428297
1554282391 470298
1554282391 513442
1554282391 556298
1554282391 598288
1554282391 641770
1554282391 684977
1554282391 726553
1554282391 768572
1554282391 810395
1554282391 853449
1554282391 896450
1554282391 938389
1554282391 980336
1554282392 22359
1554282392 64403
1554282392 106449
1554282392 148306
1554282392 190290
1554282392 234248
1554282392 276328
1554282392 318318
1554282392 361800
1554282392 405065
1554282392 446719
1554282392 488618
1554282392 530507
1554282392 572703
1554282392 615292
1554282392 658413
1554282392 700325
1554282392 742356
1554282392 784421
1554282392 826341
1554282392 868319
1554282392 910339
1554282392 954545
1554282392 996350
1554282393 38295
1554282393 80359
1554282393 124749
1554282393 166658
1554282393 208564
1554282393 250520
1554282393 292348
1554282393 335692
1554282393 378376
1554282393 420346
1554282393 462327
1554282393 504423
1554282393 546363
1554282393 588309
1554282393 630290
1554282393 672300
1554282393 716301
1554282393 758386
1554282393 800340
1554282393 843077
1554282393 886494
1554282393 928626
1554282393 970607
1554282394 12425
1554282394 55375
1554282394 98364
1554282394 140698
1554282394 182374
1554282394 224666
1554282394 278726
1554282394 323444
1554282394 366911
1554282394 408646
1554282394 450657
1554282394 492335
1554282394 534915
1554282394 576442
1554282394 618330
1554282394 660365
1554282394 702336
1554282394 744448
1554282394 786330
1554282394 828355
1554282394 870329
1554282394 912302
1554282394 956214
1554282394 998318
1554282395 40602
1554282395 83550
1554282395 127143
1554282395 168605
1554282395 210481
1554282395 253084
1554282395 294648
1554282395 337143
1554282395 380364
1554282395 422329
1554282395 464369
1554282395 506371
1554282395 548372
1554282395 590303
1554282395 632407
1554282395 676563
1554282395 718413
1554282395 761110
1554282395 802315
1554282395 844734
1554282395 889272
1554282395 932346
1554282395 975671
1554282396 18414
1554282396 60380
1554282396 102336
1554282396 144465
1554282396 186401
1554282396 230330
1554282396 272340
1554282396 314292
1554282396 358302
1554282396 400422
1554282396 442388
1554282396 484967
1554282396 526673
1554282396 568758
1554282396 610528
1554282396 652419
1554282396 694404
1554282396 736813
1554282396 778382
1554282396 820352
1554282396 862394
1554282396 904368
1554282396 946492
1554282396 988341
1554282397 30305
1554282397 72345
1554282397 114290
1554282397 157630
1554282397 200904
1554282397 242295
1554282397 285696
1554282397 329034
1554282397 370582
1554282397 412332
1554282397 454385
1554282397 496891
1554282397 538362
1554282397 580369
1554282397 622363
1554282397 664378
1554282397 706903
1554282397 750347
1554282397 792302
1554282397 834307
1554282397 878238
1554282397 920311
1554282397 962294
1554282398 6198
1554282398 48611
1554282398 90583
1554282398 132343
1554282398 174896
1554282398 216333
1554282398 259294
1554282398 302448
1554282398 344449
1554282398 386451
1554282398 428670
1554282398 470416
1554282398 512432
1554282398 554445
1554282398 598917
1554282398 640474
1554282398 682376
1554282398 724647
1554282398 768538
1554282398 810576
1554282398 852353
1554282398 894932
1554282398 936328
1554282398 979024
1554282399 20361
1554282399 62353
1554282399 104371
1554282399 147185
1554282399 190334
1554282399 232334
1554282399 274387
1554282399 316295
1554282399 359459
1554282399 402513
1554282399 444676
1554282399 486913
1554282399 528560
1554282399 570913
1554282399 612567
1554282399 654390
1554282399 696405
1554282399 738780
1554282399 780449
1554282399 822358
1554282399 864419
1554282399 906365
1554282399 948614
1554282399 990473
1554282400 32309
1554282400 74301
1554282400 116307
1554282400 160013
1554282400 202342
1554282400 244634
1554282400 288611
1554282400 330956
1554282400 372377
1554282400 414357
1554282400 456348
1554282400 498659
1554282400 541156
1554282400 584401
1554282400 626532
1554282400 668342
1554282400 710355
1554282400 752415
1554282400 794307
1554282400 836394
1554282400 880568
1554282400 922346
1554282400 964693
1554282401 7701
1554282401 50602
1554282401 92982
1554282401 134354
1554282401 176343
1554282401 218309
1554282401 261123
1554282401 304377
1554282401 346337
1554282401 388403
1554282401 430358
1554282401 472328
1554282401 514381
1554282401 556303
1554282401 598301
1554282401 642297
1554282401 684620
1554282401 726596
1554282401 768734
1554282401 810587
1554282401 852553
1554282401 894341
1554282401 936405
1554282401 978472
1554282402 20749
1554282402 62630
1554282402 104451
1554282402 146358
1554282402 188335
1554282402 230685
1554282402 272405
1554282402 314321
1554282402 356311
1554282402 398467
1554282402 441522
1554282402 484614
1554282402 526518
1554282402 569977
1554282402 616498
1554282402 658329
1554282402 700967
1554282402 742352
1554282402 784914
1554282402 826337
1554282402 868360
1554282402 910613
1554282402 952388
1554282402 994326
1554282403 36315
1554282403 78292
1554282403 122238
1554282403 164643
1554282403 206530
1554282403 249461
1554282403 292383
1554282403 334405
1554282403 376350
1554282403 418665
1554282403 460644
1554282403 502637
1554282403 544383
1554282403 586344
1554282403 628468
1554282403 670308
1554282403 712409
1554282403 754325
1554282403 796315
1554282403 838308
1554282403 882559
1554282403 924624
1554282403 966585
1554282404 9984
1554282404 52406
1554282404 94459
1554282404 136342
1554282404 178356
1554282404 220377
1554282404 262991
1554282404 304384
1554282404 346414
1554282404 388315
1554282404 430326
1554282404 472397
1554282404 514326
1554282404 556365
1554282404 598294
1554282404 640310
1554282404 683194
1554282404 724601
1554282404 766508
1554282404 808635
1554282404 850784
1554282404 892436
1554282404 934678
1554282404 976444
1554282405 18465
1554282405 60332
1554282405 103023
1554282405 144406
1554282405 186402
1554282405 228563
1554282405 270401
1554282405 312392
1554282405 354371
1554282405 398327
1554282405 440295
1554282405 483900
1554282405 527123
1554282405 568481
1554282405 611545
1554282405 654704
1554282405 696454
1554282405 738397
1554282405 781804
1554282405 824689
1554282405 866365
1554282405 908367
1554282405 950346
1554282405 992349
1554282406 34378
1554282406 76448
1554282406 118390
1554282406 160291
1554282406 204731
1554282406 246553
1554282406 288443
1554282406 331997
1554282406 374410
1554282406 416383
1554282406 458420
1554282406 500318
1554282406 542339
1554282406 585156
1554282406 628436
1554282406 670391
1554282406 712427
1554282406 754475
1554282406 796410
1554282406 838404
1554282406 880451
1554282406 925039
1554282406 966389
1554282407 9176
1554282407 50547
1554282407 92451
1554282407 134531
1554282407 176468
1554282407 218418
1554282407 261033
1554282407 302373
1554282407 344766
1554282407 386403
1554282407 428407
1554282407 470342
1554282407 512919
1554282407 556432
1554282407 598313
1554282407 640367
1554282407 682299
1554282407 725752
1554282407 768511
1554282407 810486
1554282407 853089
1554282407 894473
1554282407 936858
1554282407 978410
1554282408 20343
1554282408 62358
1554282408 104986
1554282408 146508
1554282408 188362
1554282408 230332
1554282408 272342
1554282408 314622
1554282408 356490
1554282408 400204
1554282408 442398
1554282408 486910
1554282408 528502
1554282408 570552
1554282408 613276
1554282408 657057
1554282408 698422
1554282408 740333
1554282408 782353
1554282408 824673
1554282408 867359
1554282408 910464
1554282408 952337
1554282408 994391
1554282409 36397
1554282409 78326
1554282409 120321
1554282409 162305
1554282409 207453
1554282409 250498
1554282409 292340
1554282409 336425
1554282409 378533
1554282409 420341
1554282409 462407
1554282409 504372
1554282409 547221
1554282409 590332
1554282409 632332
1554282409 674888
1554282409 718408
1554282409 760317
1554282409 802394
1554282409 846898
1554282409 888374
1554282409 930537
1554282409 972340
1554282410 15080
1554282410 56453
1554282410 98513
1554282410 140358
1554282410 182378
1554282410 224367
1554282410 266742
1554282410 308367
1554282410 350332
1554282410 392353
1554282410 434351
1554282410 476402
1554282410 518407
1554282410 560735
1554282410 602323
1554282410 644691
1554282410 688177
1554282410 730572
1554282410 772331
1554282410 816657
1554282410 858698
1554282410 900354
1554282410 942344
1554282410 984401
1554282411 26645
1554282411 69120
1554282411 112326
1554282411 154340
1554282411 196339
1554282411 238358
1554282411 280340
1554282411 322305
1554282411 364631
1554282411 408552
1554282411 450898
1554282411 492536
1554282411 535372
1554282411 578707
1554282411 622333
1554282411 664370
1554282411 706342
1554282411 749098
1554282411 793133
1554282411 834341
1554282411 876415
1554282411 918392
1554282411 960351
1554282412 2312
1554282412 44593
1554282412 88686
1554282412 130517
1554282412 172472
1554282412 214355
1554282412 258447
1554282412 300600
1554282412 342351
1554282412 384459
1554282412 426351
1554282412 468696
1554282412 510392
1554282412 552435
1554282412 594318
1554282412 636352
1554282412 679443
1554282412 722354
1554282412 764596
1554282412 806522
1554282412 850360
1554282412 892469
1554282412 934350
1554282412 976845
1554282413 18463
1554282413 60744
1554282413 102371
1554282413 144377
1554282413 186358
1554282413 228898
1554282413 270367
1554282413 312355
1554282413 354345
1554282413 396319
1554282413 438398
1554282413 480324
1554282413 522358
1554282413 564627
1554282413 606414
1554282413 650088
1554282413 692420
1554282413 734335
1554282413 777492
1554282413 821304
1554282413 864586
1554282413 906478
1554282413 949203
1554282413 994388
1554282414 36372
1554282414 78629
1554282414 120965
1554282414 162357
1554282414 204609
1554282414 246521
1554282414 291308
1554282414 334340
1554282414 376526
1554282414 420494
1554282414 462549
1554282414 504401
1554282414 546338
1554282414 588342
1554282414 630641
1554282414 672524
1554282414 714344
1554282414 756377
1554282414 799113
1554282414 840390
1554282414 882342
1554282414 924638
1554282414 966555
1554282415 11286
1554282415 54363
1554282415 96357
1554282415 138804
1554282415 180494
1554282415 222392
1554282415 264396
1554282415 306335
1554282415 348334
1554282415 390714
1554282415 432365
1554282415 474330
1554282415 516345
1554282415 558329
1554282415 600400
1554282415 642393
1554282415 684642
1554282415 726592
1554282415 768420
1554282415 811593
1554282415 854328
1554282415 896299
1554282415 939398
1554282415 983238
1554282416 26351
1554282416 68378
1554282416 110842
1554282416 152364
1554282416 194417
1554282416 236358
1554282416 278370
1554282416 320403
1554282416 362326
1554282416 404713
1554282416 446626
1554282416 489077
1554282416 534325
1554282416 576305
1554282416 619279
1554282416 662382
1554282416 705030
1554282416 746423
1554282416 788369
1554282416 831039
1554282416 874393
1554282416 916360
1554282416 958335
1554282417 377
1554282417 42436
1554282417 84622
1554282417 126837
1554282417 168515
