1554282374 887310
1554282374 929973
1554282374 973926
1554282375 15906
1554282375 57878
1554282375 100928
1554282375 143892
1554282375 185896
1554282375 228389
1554282375 269985
1554282375 312781
1554282375 355913
1554282375 397916
1554282375 440190
1554282375 481915
1554282375 523898
1554282375 565934
1554282375 607950
1554282375 649960
1554282375 691911
1554282375 733899
1554282375 775933
1554282375 817902
1554282375 861478
1554282375 903896
1554282375 945894
1554282375 988082
1554282376 32807
1554282376 75898
1554282376 117902
1554282376 159891
1554282376 202154
1554282376 243939
1554282376 286700
1554282376 328057
1554282376 369982
1554282376 411961
1554282376 453928
1554282376 495891
1554282376 538430
1554282376 582062
1554282376 624184
1554282376 665961
1554282376 707880
1554282376 751994
1554282376 793945
1554282376 835900
1554282376 878186
1554282376 919940
1554282376 962319
1554282377 4274
1554282377 46352
1554282377 88131
1554282377 129897
1554282377 171998
1554282377 214105
1554282377 255892
1554282377 297888
1554282377 339879
1554282377 383889
1554282377 425884
1554282377 467930
1554282377 510972
1554282377 554001
1554282377 595891
1554282377 637884
1554282377 679881
1554282377 722165
1554282377 763896
1554282377 806040
1554282377 847974
1554282377 889938
1554282377 931986
1554282377 973928
1554282378 16012
1554282378 57895
1554282378 100101
1554282378 143953
1554282378 185914
1554282378 227983
1554282378 270549
1554282378 312141
1554282378 354100
1554282378 397901
1554282378 439900
1554282378 483122
1554282378 526001
1554282378 567932
1554282378 609984
1554282378 652148
1554282378 695925
1554282378 737926
1554282378 780008
1554282378 823615
1554282378 865938
1554282378 907895
1554282378 949877
1554282378 993946
1554282379 35964
1554282379 77898
1554282379 119881
1554282379 162073
1554282379 204485
1554282379 247959
1554282379 289969
1554282379 331899
1554282379 374063
1554282379 415937
1554282379 457992
1554282379 499886
1554282379 541931
1554282379 585988
1554282379 627880
1554282379 669883
1554282379 711965
1554282379 753985
1554282379 795931
1554282379 837916
1554282379 879884
1554282379 921883
1554282379 964753
1554282380 5975
1554282380 48067
1554282380 89922
1554282380 131902
1554282380 173994
1554282380 217890
1554282380 259988
1554282380 301882
1554282380 345873
1554282380 387924
1554282380 429928
1554282380 472352
1554282380 514077
1554282380 556203
1554282380 597901
1554282380 639990
1554282380 681904
1554282380 724516
1554282380 765955
1554282380 808060
1554282380 849978
1554282380 891938
1554282380 934380
1554282380 975937
1554282381 17913
1554282381 59898
1554282381 101882
1554282381 145434
1554282381 188150
1554282381 229980
1554282381 272988
1554282381 315979
1554282381 357950
1554282381 400457
1554282381 441911
1554282381 484524
1554282381 526289
1554282381 569932
1554282381 611966
1554282381 654498
1554282381 695928
1554282381 737924
1554282381 779892
1554282381 821987
1554282381 865972
1554282381 907893
1554282381 949892
1554282381 992042
1554282382 35974
1554282382 77946
1554282382 120050
1554282382 161887
1554282382 203903
1554282382 246363
1554282382 289948
1554282382 331904
1554282382 374455
1554282382 415962
1554282382 457920
1554282382 499976
1554282382 541896
1554282382 583884
1554282382 627969
1554282382 669970
1554282382 711900
1554282382 753951
1554282382 796010
1554282382 837949
1554282382 879924
1554282382 921918
1554282382 964519
1554282383 8022
1554282383 49938
1554282383 91917
1554282383 133892
1554282383 175986
1554282383 219903
1554282383 261890
1554282383 303882
1554282383 347603
1554282383 389949
1554282383 431882
1554282383 474421
1554282383 515971
1554282383 557910
1554282383 599900
1554282383 641970
1554282383 683926
1554282383 726523
1554282383 767990
1554282383 810170
1554282383 851941
1554282383 894236
1554282383 936179
1554282383 978175
1554282384 20046
1554282384 61913
1554282384 103932
1554282384 147705
1554282384 189891
1554282384 231994
1554282384 273902
1554282384 317947
1554282384 361907
1554282384 403886
1554282384 446104
1554282384 488425
1554282384 529943
1554282384 572426
1554282384 614011
1554282384 655876
1554282384 697964
1554282384 739913
1554282384 781895
1554282384 824457
1554282384 865906
1554282384 909906
1554282384 951936
1554282384 993886
1554282385 37987
1554282385 79936
1554282385 121920
1554282385 163888
1554282385 206011
1554282385 248510
1554282385 291901
1554282385 333898
1554282385 375963
1554282385 417945
1554282385 459926
1554282385 501894
1554282385 544448
1554282385 585890
1554282385 629898
1554282385 672074
1554282385 713886
1554282385 756242
1554282385 798045
1554282385 840114
1554282385 881900
1554282385 923888
1554282385 966097
1554282386 8239
1554282386 49982
1554282386 91901
1554282386 133893
1554282386 175878
1554282386 217949
1554282386 264286
1554282386 305909
1554282386 349303
1554282386 391883
1554282386 433883
1554282386 477052
1554282386 519914
1554282386 563902
1554282386 606060
1554282386 648487
1554282386 689948
1554282386 731893
1554282386 773919
1554282386 815945
1554282386 857970
1554282386 900239
1554282386 943901
1554282386 985891
1554282387 29678
1554282387 71896
1554282387 113892
1554282387 155890
1554282387 199948
1554282387 242494
1554282387 283932
1554282387 326112
1554282387 368059
1554282387 410357
1554282387 451938
1554282387 494517
1554282387 535887
1554282387 577899
1554282387 619948
1554282387 661942
1554282387 703897
1554282387 746396
1554282387 787910
1554282387 832187
1554282387 873964
1554282387 915965
1554282387 958037
1554282388 593
1554282388 43911
1554282388 85982
1554282388 127951
1554282388 170403
1554282388 211920
1554282388 254646
1554282388 297902
1554282388 339958
1554282388 383887
1554282388 425898
1554282388 467887
1554282388 510808
1554282388 553910
1554282388 595892
1554282388 638493
1554282388 680014
1554282388 722792
1554282388 764364
1554282388 806049
1554282388 847940
1554282388 890646
1554282388 935936
1554282388 977931
1554282389 19944
1554282389 62083
1554282389 103897
1554282389 145893
1554282389 187881
1554282389 231355
1554282389 273899
1554282389 315893
1554282389 359321
1554282389 401892
1554282389 443901
1554282389 485971
1554282389 527935
1554282389 569967
1554282389 611928
1554282389 653947
1554282389 696470
1554282389 737889
1554282389 780119
1554282389 823890
1554282389 865915
1554282389 908011
1554282389 951898
1554282389 993910
1554282390 35879
1554282390 77897
1554282390 121980
1554282390 164355
1554282390 206187
1554282390 248146
1554282390 289928
1554282390 332160
1554282390 375958
1554282390 417947
1554282390 460084
1554282390 501944
1554282390 544146
1554282390 585903
1554282390 627889
1554282390 669900
1554282390 713896
1554282390 755883
1554282390 797895
1554282390 840102
1554282390 882151
1554282390 923935
1554282390 966033
1554282391 8061
1554282391 49958
1554282391 92181
1554282391 133945
1554282391 175989
1554282391 217906
1554282391 259959
1554282391 301973
1554282391 343982
1554282391 385915
1554282391 427886
1554282391 469888
1554282391 513015
1554282391 555889
1554282391 597881
1554282391 640631
1554282391 683891
1554282391 726088
1554282391 768058
1554282391 809925
1554282391 852877
1554282391 896003
1554282391 937951
1554282391 979899
1554282392 21918
1554282392 63916
1554282392 106028
1554282392 147892
1554282392 189883
1554282392 233535
1554282392 275914
1554282392 317899
1554282392 360635
1554282392 403941
1554282392 446223
1554282392 488045
1554282392 529958
1554282392 571933
1554282392 614837
1554282392 657906
1554282392 699884
1554282392 741915
1554282392 783935
1554282392 825933
1554282392 867902
1554282392 909913
1554282392 951873
1554282392 995926
1554282393 37881
1554282393 79918
1554282393 124297
1554282393 166192
1554282393 207999
1554282393 249939
1554282393 291906
1554282393 335034
1554282393 377923
1554282393 419898
1554282393 461885
1554282393 503939
1554282393 545957
1554282393 587901
1554282393 629877
1554282393 671886
1554282393 715888
1554282393 757978
1554282393 799898
1554282393 842625
1554282393 884325
1554282393 928058
1554282393 970020
1554282394 11983
1554282394 54935
1554282394 97926
1554282394 140068
1554282394 181911
1554282394 224075
1554282394 277347
1554282394 323008
1554282394 366446
1554282394 408089
1554282394 449957
1554282394 491896
1554282394 534347
1554282394 575993
1554282394 617890
1554282394 659931
1554282394 701895
1554282394 743960
1554282394 785925
1554282394 827920
1554282394 869893
1554282394 911888
1554282394 955626
1554282394 997900
1554282395 40060
1554282395 82347
1554282395 126026
1554282395 168147
1554282395 209925
1554282395 252645
1554282395 293897
1554282395 336204
1554282395 379915
1554282395 421886
1554282395 463882
1554282395 505929
1554282395 547930
1554282395 589891
1554282395 631998
1554282395 673881
1554282395 717918
1554282395 760697
1554282395 801879
1554282395 843941
1554282395 886290
1554282395 931899
1554282395 974444
1554282396 17925
1554282396 59916
1554282396 101896
1554282396 143967
1554282396 185954
1554282396 229910
1554282396 271931
1554282396 313878
1554282396 357893
1554282396 400012
1554282396 441947
1554282396 484513
1554282396 526092
1554282396 568230
1554282396 609930
1554282396 651976
1554282396 693974
1554282396 736184
1554282396 777932
1554282396 819910
1554282396 861961
1554282396 903891
1554282396 946027
1554282396 987926
1554282397 29891
1554282397 71933
1554282397 113880
1554282397 157202
1554282397 199902
1554282397 241881
1554282397 285065
1554282397 328121
1554282397 370117
1554282397 411894
1554282397 453953
1554282397 496418
1554282397 537946
1554282397 579932
1554282397 621920
1554282397 663892
1554282397 706447
1554282397 749919
1554282397 791892
1554282397 833893
1554282397 877718
1554282397 919897
1554282397 961883
1554282398 3891
1554282398 48010
1554282398 89950
1554282398 131907
1554282398 174433
1554282398 215899
1554282398 258340
1554282398 301901
1554282398 343973
1554282398 386008
1554282398 428092
1554282398 470008
1554282398 512017
1554282398 554030
1554282398 595993
1554282398 639968
1554282398 681965
1554282398 723903
1554282398 768087
1554282398 810127
1554282398 851906
1554282398 894472
1554282398 935894
1554282398 978571
1554282399 19917
1554282399 61902
1554282399 103887
1554282399 146452
1554282399 189925
1554282399 231922
1554282399 273983
1554282399 315887
1554282399 358934
1554282399 401960
1554282399 443942
1554282399 486463
1554282399 528064
1554282399 570389
1554282399 612018
1554282399 653960
1554282399 695962
1554282399 738212
1554282399 779959
1554282399 821908
1554282399 863933
1554282399 905930
1554282399 948176
1554282399 990062
1554282400 31899
1554282400 73887
1554282400 115901
1554282400 159527
1554282400 201932
1554282400 243898
1554282400 286250
1554282400 330023
1554282400 371913
1554282400 413908
1554282400 455911
1554282400 497903
1554282400 540159
1554282400 583915
1554282400 625997
1554282400 667901
1554282400 709921
1554282400 752003
1554282400 793895
1554282400 835983
1554282400 880081
1554282400 921927
1554282400 964280
1554282401 6140
1554282401 50015
1554282401 92496
1554282401 133903
1554282401 175892
1554282401 217882
1554282401 260131
1554282401 303896
1554282401 345902
1554282401 387970
1554282401 429913
1554282401 471922
1554282401 513974
1554282401 555891
1554282401 597899
1554282401 641878
1554282401 683889
1554282401 726038
1554282401 768138
1554282401 809996
1554282401 852109
1554282401 893893
1554282401 935965
1554282401 977876
1554282402 20150
1554282402 62054
1554282402 103956
1554282402 145900
1554282402 187895
1554282402 230096
1554282402 271995
1554282402 313910
1554282402 355900
1554282402 398047
1554282402 441093
1554282402 483886
1554282402 526092
1554282402 569230
1554282402 615979
1554282402 657887
1554282402 700359
1554282402 741907
1554282402 784461
1554282402 825895
1554282402 867921
1554282402 910168
1554282402 951941
1554282402 993915
1554282403 35906
1554282403 77882
1554282403 121601
1554282403 163918
1554282403 206088
1554282403 247926
1554282403 291939
1554282403 333961
1554282403 375898
1554282403 418206
1554282403 459896
1554282403 502167
1554282403 543893
1554282403 585910
1554282403 627958
1554282403 669878
1554282403 711966
1554282403 753912
1554282403 795904
1554282403 837895
1554282403 879877
1554282403 923902
1554282403 966163
1554282404 8208
1554282404 51958
1554282404 94007
1554282404 135904
1554282404 177896
1554282404 219916
1554282404 262407
1554282404 303900
1554282404 345976
1554282404 387881
1554282404 429887
1554282404 471955
1554282404 513911
1554282404 555956
1554282404 597884
1554282404 639895
1554282404 682762
1554282404 723878
1554282404 766087
1554282404 808065
1554282404 850344
1554282404 891988
1554282404 934228
1554282404 975989
1554282405 17991
1554282405 59892
1554282405 102480
1554282405 143918
1554282405 185960
1554282405 228123
1554282405 269960
1554282405 311954
1554282405 353963
1554282405 397911
1554282405 439887
1554282405 483415
1554282405 526689
1554282405 568069
1554282405 610933
1554282405 653923
1554282405 695984
1554282405 737903
1554282405 780539
1554282405 824199
1554282405 865935
1554282405 907926
1554282405 949906
1554282405 991910
1554282406 33926
1554282406 76001
1554282406 117897
1554282406 159883
1554282406 204278
1554282406 245988
1554282406 287983
1554282406 329932
1554282406 373962
1554282406 415932
1554282406 457977
1554282406 499884
1554282406 541898
1554282406 584200
1554282406 627894
1554282406 669961
1554282406 711992
1554282406 754036
1554282406 796000
1554282406 837998
1554282406 880032
1554282406 921963
1554282406 965939
1554282407 8724
1554282407 50077
1554282407 91986
1554282407 134069
1554282407 175958
1554282407 217956
1554282407 260585
1554282407 301915
1554282407 344223
1554282407 385941
1554282407 427939
1554282407 469903
1554282407 512447
1554282407 555941
1554282407 597901
1554282407 639952
1554282407 681888
1554282407 725322
1554282407 767957
1554282407 809938
1554282407 852602
1554282407 894025
1554282407 936408
1554282407 977943
1554282408 19897
1554282408 61927
1554282408 104414
1554282408 146000
1554282408 187932
1554282408 229903
1554282408 271910
1554282408 314164
1554282408 355967
1554282408 397888
1554282408 441991
1554282408 486473
1554282408 528087
1554282408 569994
1554282408 611908
1554282408 655989
1554282408 697983
1554282408 739895
1554282408 781898
1554282408 823886
1554282408 866415
1554282408 909945
1554282408 951903
1554282408 993956
1554282409 35956
1554282409 77915
1554282409 119911
1554282409 161889
1554282409 203895
1554282409 250046
1554282409 291898
1554282409 335975
1554282409 378070
1554282409 419896
1554282409 461959
1554282409 503887
1554282409 546253
1554282409 589900
1554282409 631893
1554282409 674446
1554282409 717919
1554282409 759907
1554282409 801899
1554282409 843880
1554282409 887953
1554282409 930115
1554282409 971896
1554282410 14629
1554282410 56009
1554282410 98066
1554282410 139908
1554282410 181927
1554282410 223881
1554282410 266169
1554282410 307917
1554282410 349895
1554282410 391910
1554282410 433916
1554282410 475958
1554282410 517917
1554282410 560187
1554282410 601914
1554282410 644281
1554282410 687433
1554282410 730135
1554282410 771919
1554282410 816089
1554282410 857902
1554282410 899909
1554282410 941899
1554282410 983901
1554282411 26200
1554282411 68171
1554282411 111886
1554282411 153909
1554282411 195903
1554282411 237918
1554282411 279933
1554282411 321896
1554282411 363912
1554282411 407956
1554282411 450078
1554282411 492125
1554282411 533883
1554282411 577967
1554282411 621902
1554282411 663884
1554282411 705914
1554282411 748141
1554282411 791905
1554282411 833902
1554282411 875978
1554282411 917952
1554282411 959950
1554282412 1905
1554282412 43885
1554282412 85958
1554282412 129985
1554282412 171927
1554282412 213914
1554282412 257999
1554282412 300105
1554282412 341911
1554282412 383963
1554282412 425902
1554282412 468237
1554282412 509935
1554282412 551993
1554282412 593877
1554282412 635931
1554282412 678170
1554282412 721953
1554282412 763881
1554282412 806015
1554282412 849927
1554282412 892064
1554282412 933920
1554282412 976395
1554282413 18028
1554282413 60246
1554282413 101938
1554282413 143898
1554282413 185910
1554282413 228318
1554282413 269920
1554282413 311920
1554282413 353914
1554282413 395877
1554282413 437958
1554282413 479918
1554282413 521953
1554282413 563907
1554282413 605976
1554282413 649460
1554282413 691913
1554282413 733904
1554282413 776110
1554282413 820854
1554282413 863898
1554282413 906034
1554282413 947979
1554282413 993946
1554282414 35911
1554282414 78047
1554282414 120182
1554282414 161950
1554282414 203896
1554282414 245995
1554282414 289991
1554282414 333898
1554282414 375894
1554282414 420004
1554282414 462106
1554282414 503914
1554282414 545898
1554282414 587895
1554282414 630178
1554282414 672018
1554282414 713900
1554282414 755947
1554282414 797896
1554282414 839947
1554282414 881927
1554282414 923921
1554282414 965970
1554282415 7935
1554282415 53953
1554282415 95899
1554282415 138360
1554282415 179997
1554282415 221941
1554282415 263908
1554282415 305893
1554282415 347895
1554282415 390155
1554282415 431921
1554282415 473892
1554282415 515913
1554282415 557889
1554282415 599963
1554282415 641912
1554282415 683920
1554282415 726124
1554282415 767972
1554282415 811130
1554282415 853884
1554282415 895880
1554282415 938944
1554282415 982777
1554282416 25899
1554282416 67937
1554282416 110273
1554282416 151922
1554282416 193979
1554282416 235915
1554282416 277938
1554282416 319960
1554282416 361914
1554282416 404297
1554282416 446157
1554282416 488477
1554282416 533904
1554282416 575892
1554282416 617903
1554282416 661931
1554282416 704573
1554282416 745977
1554282416 787897
1554282416 829928
1554282416 873952
1554282416 915919
1554282416 957895
1554282416 999941
1554282417 41964
1554282417 83911
1554282417 126243
1554282417 168069
