1554296689 751964
1554296689 796417
1554296689 841082
1554296689 886447
1554296689 932692
1554296689 976795
1554296690 31328
1554296690 74730
1554296690 118732
1554296690 174161
1554296690 261940
1554296690 314801
1554296690 364719
1554296690 417169
1554296690 460928
1554296690 506743
1554296690 552192
1554296690 595090
1554296690 638691
1554296690 686148
1554296690 729935
1554296690 772497
1554296690 818554
1554296690 862049
1554296690 908727
1554296690 952175
1554296690 996744
1554296691 41260
1554296691 90578
1554296691 142146
1554296691 191421
1554296691 235739
1554296691 278228
1554296691 320674
1554296691 366546
1554296691 411224
1554296691 454133
1554296691 498019
1554296691 540028
1554296691 582078
1554296691 624139
1554296691 668286
1554296691 714557
1554296691 759508
1554296691 803249
1554296691 846083
1554296691 890233
1554296691 932010
1554296691 975733
1554296692 39483
1554296692 88565
1554296692 133705
1554296692 178301
1554296692 222884
1554296692 268718
1554296692 314104
1554296692 356502
1554296692 400799
1554296692 443940
1554296692 487534
1554296692 531926
1554296692 575566
1554296692 628259
1554296692 680530
1554296692 725064
1554296692 768120
1554296692 812520
1554296692 859769
1554296692 902399
1554296692 946566
1554296692 992754
1554296693 36601
1554296693 83689
1554296693 125981
1554296693 170832
1554296693 214776
1554296693 260020
1554296693 303644
1554296693 346890
1554296693 392072
1554296693 434335
1554296693 479073
1554296693 522070
1554296693 565655
1554296693 608143
1554296693 652080
1554296693 695051
1554296693 739522
1554296693 782038
1554296693 824058
1554296693 869346
1554296693 912522
1554296693 956264
1554296694 698
1554296694 60919
1554296694 109364
1554296694 153534
1554296694 198588
1554296694 242207
1554296694 286036
1554296694 328277
1554296694 372024
1554296694 423956
1554296694 467425
1554296694 510531
1554296694 556199
1554296694 601989
1554296694 644108
1554296694 686789
1554296694 730648
1554296694 774194
1554296694 820501
1554296694 864244
1554296694 906130
1554296694 955329
1554296695 4640
1554296695 55420
1554296695 100708
1554296695 145734
1554296695 188877
1554296695 232619
1554296695 276900
1554296695 320837
1554296695 364385
1554296695 409188
1554296695 452518
1554296695 496045
1554296695 541026
1554296695 584991
1554296695 629093
1554296695 674109
1554296695 716003
1554296695 758886
1554296695 802862
1554296695 847765
1554296695 892470
1554296695 936750
1554296695 982033
1554296696 24799
1554296696 69760
1554296696 117422
1554296696 161038
1554296696 204718
1554296696 251171
1554296696 295155
1554296696 341643
1554296696 385027
1554296696 429419
1554296696 472769
1554296696 516229
1554296696 563016
1554296696 608138
1554296696 650150
1554296696 692713
1554296696 736786
1554296696 782192
1554296696 823973
1554296696 866145
1554296696 910386
1554296696 954966
1554296696 999665
1554296697 43444
1554296697 88116
1554296697 130284
1554296697 174386
1554296697 218822
1554296697 264915
1554296697 308073
1554296697 352470
1554296697 401413
1554296697 446052
1554296697 488873
1554296697 533652
1554296697 579409
1554296697 641360
1554296697 684907
1554296697 728474
1554296697 772464
1554296697 816932
1554296697 888764
1554296697 940289
1554296697 998715
1554296698 51461
1554296698 98833
1554296698 155425
1554296698 198246
1554296698 246083
1554296698 288292
1554296698 332528
1554296698 376054
1554296698 418584
1554296698 463187
1554296698 507475
1554296698 551103
1554296698 594815
1554296698 638940
1554296698 682628
1554296698 726228
1554296698 768991
1554296698 813040
1554296698 856952
1554296698 903433
1554296698 946078
1554296698 987935
1554296699 30422
1554296699 73988
1554296699 118712
1554296699 169651
1554296699 217512
1554296699 260021
1554296699 303591
1554296699 346564
1554296699 390988
1554296699 436496
1554296699 480727
1554296699 524912
1554296699 569064
1554296699 612649
1554296699 656565
1554296699 700149
1554296699 744137
1554296699 787255
1554296699 830912
1554296699 876567
1554296699 921011
1554296699 966208
1554296700 9460
1554296700 51974
1554296700 94716
1554296700 138086
1554296700 180026
1554296700 224396
1554296700 268260
1554296700 311979
1554296700 354313
1554296700 398768
1554296700 442447
1554296700 486121
1554296700 530604
1554296700 574284
1554296700 618161
1554296700 661250
1554296700 708358
1554296700 753626
1554296700 796408
1554296700 845503
1554296700 889039
1554296700 946236
1554296701 6260
1554296701 56189
1554296701 98160
1554296701 142611
1554296701 196758
1554296701 244785
1554296701 290779
1554296701 336812
1554296701 380151
1554296701 425422
1554296701 468200
1554296701 510369
1554296701 554187
1554296701 598495
1554296701 655717
1554296701 700757
1554296701 745533
1554296701 789566
1554296701 833364
1554296701 876727
1554296701 920380
1554296701 965550
1554296702 9046
1554296702 52416
1554296702 96135
1554296702 140730
1554296702 186383
1554296702 230346
1554296702 274832
1554296702 318851
1554296702 362609
1554296702 406718
1554296702 450317
1554296702 493998
1554296702 538477
1554296702 581983
1554296702 626274
1554296702 670739
1554296702 714607
1554296702 772019
1554296702 814231
1554296702 860642
1554296702 906258
1554296702 948128
1554296702 992425
1554296703 36691
1554296703 80431
1554296703 132261
1554296703 178602
1554296703 223632
1554296703 281156
1554296703 326992
1554296703 372974
1554296703 417309
1554296703 462707
1554296703 506648
1554296703 550365
1554296703 593992
1554296703 636164
1554296703 678765
1554296703 722339
1554296703 766055
1554296703 809061
1554296703 852578
1554296703 896176
1554296703 941018
1554296703 984666
1554296704 47570
1554296704 103544
1554296704 152082
1554296704 195630
1554296704 244126
1554296704 289420
1554296704 340056
1554296704 384109
1554296704 438907
1554296704 482148
1554296704 526992
1554296704 570606
1554296704 614325
1554296704 658145
1554296704 702516
1554296704 768230
1554296704 812007
1554296704 854077
1554296704 896762
1554296704 943622
1554296704 988800
1554296705 33000
1554296705 77579
1554296705 124293
1554296705 171928
1554296705 214057
1554296705 255953
1554296705 299474
1554296705 342015
1554296705 384123
1554296705 428128
1554296705 470166
1554296705 512483
1554296705 556584
1554296705 600031
1554296705 642776
1554296705 686053
1554296705 730563
1554296705 774152
1554296705 818075
1554296705 863517
1554296705 906227
1554296705 952662
1554296706 2980
1554296706 50598
1554296706 105379
1554296706 153261
1554296706 200080
1554296706 243255
1554296706 285962
1554296706 329982
1554296706 374008
1554296706 415960
1554296706 459049
1554296706 501952
1554296706 544105
1554296706 586008
1554296706 634709
1554296706 678044
1554296706 722803
1554296706 767441
1554296706 816578
1554296706 860070
1554296706 902192
1554296706 945086
1554296706 990944
1554296707 40473
1554296707 94076
1554296707 140513
1554296707 184235
1554296707 232541
1554296707 276912
1554296707 320260
1554296707 366565
1554296707 410703
1554296707 454560
1554296707 498096
1554296707 542006
1554296707 584870
1554296707 629919
1554296707 672675
1554296707 715980
1554296707 758737
1554296707 802576
1554296707 847080
1554296707 891796
1554296707 934246
1554296707 992733
1554296708 36302
1554296708 86168
1554296708 129262
1554296708 174923
1554296708 220305
1554296708 264592
1554296708 311724
1554296708 354139
1554296708 397463
1554296708 440758
1554296708 494732
1554296708 538146
1554296708 582941
1554296708 625942
1554296708 670864
1554296708 714949
1554296708 760689
1554296708 806780
1554296708 854248
1554296708 896528
1554296708 942640
1554296708 992309
1554296709 38978
1554296709 88563
1554296709 138710
1554296709 184239
1554296709 226808
1554296709 276253
1554296709 334527
1554296709 379664
1554296709 432103
1554296709 476633
1554296709 522806
1554296709 566263
1554296709 611985
1554296709 654347
1554296709 699948
1554296709 744424
1554296709 791519
1554296709 834696
1554296709 879328
1554296709 932071
1554296709 978239
1554296710 22110
1554296710 66299
1554296710 111637
1554296710 155729
1554296710 200465
1554296710 244099
1554296710 286584
1554296710 330134
1554296710 378547
1554296710 422115
1554296710 465914
1554296710 508146
1554296710 554546
1554296710 599303
1554296710 642460
1554296710 686111
1554296710 733352
1554296710 776861
1554296710 820012
1554296710 864227
1554296710 912774
1554296710 956911
1554296711 1240
1554296711 52395
1554296711 97535
1554296711 153282
1554296711 196465
1554296711 240326
1554296711 290372
1554296711 335232
1554296711 380857
1554296711 426690
1554296711 472721
1554296711 516430
1554296711 561100
1554296711 605804
1554296711 650249
1554296711 699359
1554296711 745951
1554296711 789340
1554296711 834705
1554296711 879075
1554296711 922640
1554296711 968053
1554296712 15091
1554296712 62228
1554296712 107136
1554296712 167550
1554296712 221256
1554296712 269240
1554296712 316678
1554296712 371075
1554296712 415212
1554296712 459539
1554296712 502302
1554296712 545981
1554296712 588370
1554296712 633422
1554296712 676379
1554296712 724140
1554296712 768480
1554296712 812433
1554296712 856303
1554296712 901392
1554296712 944097
1554296712 987944
1554296713 31260
1554296713 91075
1554296713 140196
1554296713 182634
1554296713 230457
1554296713 281436
1554296713 327304
1554296713 376941
1554296713 420958
1554296713 464564
1554296713 514229
1554296713 556201
1554296713 606945
1554296713 650824
1554296713 694446
1554296713 737997
1554296713 780297
1554296713 825455
1554296713 868124
1554296713 910495
1554296713 954536
1554296713 998070
1554296714 40374
1554296714 90999
1554296714 134615
1554296714 186354
1554296714 229999
1554296714 278098
1554296714 322369
1554296714 366523
1554296714 420283
1554296714 466292
1554296714 509191
1554296714 552502
1554296714 598727
1554296714 644222
1554296714 688084
1554296714 738141
1554296714 780837
1554296714 826097
1554296714 869414
1554296714 915321
1554296714 958060
1554296715 4333
1554296715 49242
1554296715 92644
1554296715 137506
1554296715 180831
1554296715 226308
1554296715 271599
1554296715 315687
1554296715 357933
1554296715 400815
1554296715 445211
1554296715 488696
1554296715 532344
1554296715 577179
1554296715 621341
1554296715 665267
1554296715 708335
1554296715 752927
1554296715 808716
1554296715 852558
1554296715 897067
1554296715 940716
1554296715 991746
1554296716 37148
1554296716 83538
1554296716 126413
1554296716 170488
1554296716 214503
1554296716 258222
1554296716 302799
1554296716 348413
1554296716 392075
1554296716 436903
1554296716 480964
1554296716 526040
1554296716 570216
1554296716 613948
1554296716 658091
1554296716 701237
1554296716 744225
1554296716 788500
1554296716 831958
1554296716 876978
1554296716 920040
1554296716 962109
1554296717 11183
1554296717 60859
1554296717 111598
1554296717 160118
1554296717 207153
1554296717 260991
1554296717 305498
1554296717 351223
1554296717 394483
1554296717 442275
1554296717 486296
1554296717 532171
1554296717 577292
1554296717 620634
1554296717 666437
1554296717 712646
1554296717 757560
1554296717 799960
1554296717 843273
1554296717 887605
1554296717 932134
1554296717 981469
1554296718 25393
1554296718 68265
1554296718 113405
1554296718 157774
1554296718 200098
1554296718 245725
1554296718 288141
1554296718 333667
1554296718 379088
1554296718 423288
1554296718 466029
1554296718 508981
1554296718 554328
1554296718 598726
1554296718 642029
1554296718 686166
1554296718 728340
1554296718 772727
1554296718 818734
1554296718 862277
1554296718 906117
1554296718 950170
1554296719 2071
1554296719 47665
1554296719 92682
1554296719 137251
1554296719 182098
1554296719 224841
1554296719 268491
1554296719 312406
1554296719 355972
1554296719 404118
1554296719 450025
1554296719 492575
1554296719 536266
1554296719 594677
1554296719 639611
1554296719 683741
1554296719 732439
1554296719 776131
1554296719 819929
1554296719 862182
1554296719 905453
1554296719 950113
1554296719 999253
1554296720 47540
1554296720 92368
1554296720 144974
1554296720 190120
1554296720 235186
1554296720 279287
1554296720 322085
1554296720 367059
1554296720 414996
1554296720 458443
1554296720 502260
1554296720 546374
1554296720 590786
1554296720 634246
1554296720 676013
1554296720 733976
1554296720 777091
1554296720 822205
1554296720 867237
1554296720 911170
1554296720 954096
1554296720 996865
1554296721 53967
1554296721 102555
1554296721 164107
1554296721 214590
1554296721 264475
1554296721 308023
1554296721 356119
1554296721 400094
1554296721 442665
1554296721 488116
1554296721 530108
1554296721 575359
1554296721 618948
1554296721 662097
1554296721 704932
1554296721 747973
1554296721 790294
1554296721 836870
1554296721 896934
1554296721 941358
1554296721 985609
1554296722 27990
1554296722 74408
1554296722 118118
1554296722 164666
1554296722 215528
1554296722 262252
1554296722 306948
1554296722 354040
1554296722 396909
1554296722 441397
1554296722 491361
1554296722 534102
1554296722 576264
1554296722 621148
1554296722 666076
1554296722 710104
1554296722 754615
1554296722 798624
1554296722 845795
1554296722 891458
1554296722 936927
1554296722 981693
1554296723 42539
1554296723 95303
1554296723 140637
1554296723 186077
1554296723 228449
1554296723 272496
1554296723 316263
1554296723 362074
1554296723 405463
1554296723 449756
1554296723 492785
1554296723 536581
1554296723 580638
1554296723 624160
1554296723 665936
1554296723 710824
1554296723 754933
1554296723 798022
1554296723 842891
1554296723 886657
1554296723 930126
1554296723 972572
1554296724 16427
1554296724 61095
1554296724 107211
1554296724 154082
1554296724 197393
1554296724 242526
1554296724 286089
1554296724 329461
1554296724 372055
1554296724 416805
1554296724 461011
1554296724 506264
1554296724 550295
1554296724 598773
1554296724 656763
1554296724 700251
1554296724 752426
1554296724 795998
1554296724 838808
1554296724 883517
1554296724 926818
1554296724 970801
1554296725 16645
1554296725 65106
1554296725 109091
1554296725 152178
1554296725 196231
1554296725 238774
1554296725 283714
1554296725 328448
1554296725 372979
1554296725 416895
1554296725 460779
1554296725 505586
1554296725 547952
1554296725 590490
1554296725 636099
1554296725 678747
1554296725 723703
1554296725 766890
1554296725 812661
1554296725 856468
1554296725 900106
1554296725 944099
1554296725 986377
1554296726 30724
1554296726 74297
1554296726 118423
1554296726 163872
1554296726 206672
1554296726 252022
1554296726 295894
1554296726 338127
1554296726 381615
1554296726 430808
1554296726 475185
1554296726 519802
1554296726 564931
1554296726 608651
1554296726 652200
1554296726 697653
1554296726 741274
1554296726 785202
1554296726 828176
1554296726 869986
1554296726 912482
1554296726 958617
1554296727 6885
1554296727 50308
1554296727 112804
1554296727 157753
1554296727 206042
1554296727 249194
1554296727 297349
1554296727 341035
1554296727 385230
1554296727 428465
1554296727 472197
1554296727 525661
1554296727 568781
1554296727 613163
1554296727 658193
1554296727 700627
1554296727 745185
1554296727 788697
1554296727 832112
1554296727 877359
1554296727 921813
1554296727 974064
1554296728 25614
1554296728 74443
1554296728 118476
1554296728 165111
1554296728 208790
1554296728 253182
1554296728 297172
1554296728 340771
1554296728 386178
1554296728 428670
1554296728 472479
1554296728 518231
1554296728 559938
1554296728 605415
1554296728 648097
1554296728 690264
1554296728 735268
1554296728 778790
1554296728 822686
1554296728 866193
1554296728 908144
1554296728 950600
1554296728 994413
1554296729 47959
1554296729 91532
1554296729 137149
1554296729 180266
1554296729 224455
1554296729 273533
1554296729 317207
1554296729 360233
1554296729 406367
1554296729 450510
1554296729 495661
1554296729 538544
1554296729 582043
1554296729 624964
1554296729 668756
1554296729 712196
1554296729 756811
1554296729 800252
1554296729 847364
1554296729 890255
1554296729 936110
1554296729 986284
1554296730 30086
1554296730 76301
1554296730 120340
1554296730 170861
1554296730 217196
1554296730 260198
1554296730 304267
1554296730 354241
1554296730 401950
1554296730 447459
1554296730 490289
1554296730 536671
1554296730 580386
1554296730 624740
1554296730 668036
1554296730 710857
1554296730 755759
1554296730 798516
1554296730 842173
1554296730 887094
1554296730 929991
1554296730 973054
1554296731 17423
1554296731 90683
1554296731 135551
1554296731 178482
1554296731 234196
1554296731 280479
1554296731 324098
1554296731 378548
1554296731 425344
1554296731 476376
1554296731 520773
1554296731 564230
1554296731 621152
1554296731 664117
1554296731 706364
1554296731 751271
1554296731 794089
1554296731 836767
1554296731 880120
1554296731 922797
1554296731 968397
1554296732 12062
1554296732 54645
1554296732 100098
1554296732 142317
1554296732 194848
1554296732 239026
1554296732 285772
1554296732 331971
1554296732 374223
1554296732 420409
1554296732 464691
1554296732 508831
1554296732 562962
1554296732 608829
1554296732 655068
1554296732 702418
1554296732 748525
1554296732 795046
1554296732 848587
1554296732 892253
1554296732 938219
1554296732 992225
1554296733 34282
1554296733 80215
1554296733 128713
1554296733 173485
1554296733 217666
1554296733 260919
1554296733 304226
1554296733 346044
1554296733 390670
1554296733 434378
1554296733 478417
1554296733 525758
1554296733 574452
1554296733 623397
1554296733 666094
1554296733 708712
1554296733 753225
1554296733 798672
1554296733 846097
1554296733 913690
1554296733 963172
1554296734 11082
1554296734 54676
1554296734 102460
1554296734 146407
1554296734 190451
1554296734 234617
1554296734 278737
1554296734 322177
1554296734 369650
1554296734 412510
1554296734 471252
1554296734 515468
1554296734 558335
1554296734 602519
1554296734 646829
1554296734 701206
1554296734 744775
1554296734 788774
1554296734 837625
1554296734 883681
1554296734 926128
1554296734 972568
1554296735 16730
1554296735 61725
1554296735 109020
1554296735 152291
