1554296689 850855
1554296689 859269
1554296689 924574
1554296690 18901
1554296690 22812
1554296690 49284
1554296690 66216
1554296690 99789
1554296690 171433
1554296690 210331
1554296690 300149
1554296690 353438
1554296690 404869
1554296690 458178
1554296690 486221
1554296690 534126
1554296690 588716
1554296690 621372
1554296690 668414
1554296690 744114
1554296690 762268
1554296690 793933
1554296690 843250
1554296690 965411
1554296690 994034
1554296691 46583
1554296691 59526
1554296691 67327
1554296691 132358
1554296691 159694
1554296691 215147
1554296691 281085
1554296691 301614
1554296691 364431
1554296691 394820
1554296691 460035
1554296691 495020
1554296691 572142
1554296691 586789
1554296691 619174
1554296691 689991
1554296691 735215
1554296691 759090
1554296691 783045
1554296691 859471
1554296691 919527
1554296691 986979
1554296691 999727
1554296692 30450
1554296692 75793
1554296692 141522
1554296692 204689
1554296692 229524
1554296692 230719
1554296692 300765
1554296692 340049
1554296692 392014
1554296692 474646
1554296692 489025
1554296692 541092
1554296692 559752
1554296692 640408
1554296692 669339
1554296692 740119
1554296692 808976
1554296692 820477
1554296692 913238
1554296692 988457
1554296693 47365
1554296693 52265
1554296693 53078
1554296693 76997
1554296693 188778
1554296693 207664
1554296693 236567
1554296693 262145
1554296693 308592
1554296693 354534
1554296693 448213
1554296693 450455
1554296693 451247
1554296693 495462
1554296693 556640
1554296693 626700
1554296693 672215
1554296693 685613
1554296693 734485
1554296693 774020
1554296693 844910
1554296693 910243
1554296693 943596
1554296694 23307
1554296694 34793
1554296694 65133
1554296694 132951
1554296694 149707
1554296694 239322
1554296694 284995
1554296694 287640
1554296694 349343
1554296694 367059
1554296694 413171
1554296694 461267
1554296694 524825
1554296694 575204
1554296694 591723
1554296694 608285
1554296694 664090
1554296694 749130
1554296694 771058
1554296694 822963
1554296694 872452
1554296694 882163
1554296694 951661
1554296695 465
1554296695 72423
1554296695 137153
1554296695 145271
1554296695 154469
1554296695 209994
1554296695 281057
1554296695 314467
1554296695 344711
1554296695 395108
1554296695 450334
1554296695 474229
1554296695 503630
1554296695 552480
1554296695 598647
1554296695 648075
1554296695 713276
1554296695 723397
1554296695 778221
1554296695 847698
1554296695 933577
1554296695 936660
1554296695 948430
1554296696 30481
1554296696 56687
1554296696 108367
1554296696 156546
1554296696 289063
1554296696 291750
1554296696 292986
1554296696 306828
1554296696 354849
1554296696 411672
1554296696 472627
1554296696 537059
1554296696 614192
1554296696 656407
1554296696 732587
1554296696 765535
1554296696 767907
1554296696 826477
1554296696 836726
1554296696 904781
1554296696 957540
1554296696 958799
1554296697 12342
1554296697 67676
1554296697 68170
1554296697 94862
1554296697 138394
1554296697 206980
1554296697 255779
1554296697 278218
1554296697 335070
1554296697 368692
1554296697 424817
1554296697 466611
1554296697 533116
1554296697 594012
1554296697 639478
1554296697 676553
1554296697 693666
1554296697 760522
1554296697 825698
1554296697 880799
1554296697 932309
1554296698 1812
1554296698 64627
1554296698 114541
1554296698 164954
1554296698 257313
1554296698 274585
1554296698 330650
1554296698 366053
1554296698 367033
1554296698 448211
1554296698 500075
1554296698 544770
1554296698 555193
1554296698 599127
1554296698 676800
1554296698 731709
1554296698 740625
1554296698 772765
1554296698 806718
1554296698 856837
1554296698 918843
1554296698 944511
1554296698 967672
1554296699 52472
1554296699 77406
1554296699 86308
1554296699 178183
1554296699 246052
1554296699 254363
1554296699 331021
1554296699 340287
1554296699 353452
1554296699 412740
1554296699 468175
1554296699 516762
1554296699 568747
1554296699 607970
1554296699 648675
1554296699 714445
1554296699 740124
1554296699 758320
1554296699 829419
1554296699 872789
1554296699 938519
1554296699 949086
1554296700 40551
1554296700 50844
1554296700 59182
1554296700 130841
1554296700 174026
1554296700 257465
1554296700 316684
1554296700 323464
1554296700 346183
1554296700 390049
1554296700 432380
1554296700 488698
1554296700 558955
1554296700 570618
1554296700 622324
1554296700 633057
1554296700 752150
1554296700 825965
1554296700 836545
1554296700 873813
1554296700 888826
1554296700 922516
1554296701 4821
1554296701 58734
1554296701 87139
1554296701 137620
1554296701 200770
1554296701 242585
1554296701 318678
1554296701 332156
1554296701 402761
1554296701 420352
1554296701 472390
1554296701 517659
1554296701 565704
1554296701 594776
1554296701 654988
1554296701 684698
1554296701 729270
1554296701 754764
1554296701 827209
1554296701 883526
1554296701 942954
1554296701 957621
1554296701 996946
1554296702 52334
1554296702 85134
1554296702 113353
1554296702 157054
1554296702 207413
1554296702 256082
1554296702 322422
1554296702 389362
1554296702 398930
1554296702 447743
1554296702 484122
1554296702 567655
1554296702 576715
1554296702 621046
1554296702 693098
1554296702 734533
1554296702 779723
1554296702 833658
1554296702 883198
1554296702 897716
1554296702 963020
1554296702 972801
1554296703 32583
1554296703 50723
1554296703 94139
1554296703 172071
1554296703 223570
1554296703 279401
1554296703 292265
1554296703 336714
1554296703 383725
1554296703 457209
1554296703 528391
1554296703 564980
1554296703 566609
1554296703 628475
1554296703 672369
1554296703 726108
1554296703 784626
1554296703 803767
1554296703 863556
1554296703 922301
1554296703 953063
1554296703 973975
1554296704 47466
1554296704 110538
1554296704 116353
1554296704 194673
1554296704 242944
1554296704 276579
1554296704 318761
1554296704 371791
1554296704 434186
1554296704 507685
1554296704 531267
1554296704 563608
1554296704 612248
1554296704 651190
1554296704 679593
1554296704 720208
1554296704 794892
1554296704 832483
1554296704 925183
1554296704 936996
1554296704 991278
1554296705 43104
1554296705 113044
1554296705 122171
1554296705 182149
1554296705 213290
1554296705 274071
1554296705 299383
1554296705 349088
1554296705 377220
1554296705 460303
1554296705 462895
1554296705 523637
1554296705 554104
1554296705 577007
1554296705 633426
1554296705 709581
1554296705 757274
1554296705 761147
1554296705 823943
1554296705 858104
1554296705 899406
1554296705 957358
1554296706 16248
1554296706 60075
1554296706 104767
1554296706 146288
1554296706 220286
1554296706 221082
1554296706 289941
1554296706 300598
1554296706 389467
1554296706 404333
1554296706 456786
1554296706 497485
1554296706 541344
1554296706 572417
1554296706 606485
1554296706 662395
1554296706 712156
1554296706 767358
1554296706 834414
1554296706 883070
1554296706 886466
1554296706 967234
1554296707 24918
1554296707 30520
1554296707 64363
1554296707 126577
1554296707 190553
1554296707 202270
1554296707 251588
1554296707 314660
1554296707 353184
1554296707 385045
1554296707 421291
1554296707 475505
1554296707 538697
1554296707 594609
1554296707 599503
1554296707 649752
1554296707 697786
1554296707 762645
1554296707 808665
1554296707 838625
1554296707 903795
1554296707 959151
1554296707 975578
1554296708 1373
1554296708 48893
1554296708 99155
1554296708 166050
1554296708 240060
1554296708 300923
1554296708 311496
1554296708 329776
1554296708 384169
1554296708 448739
1554296708 493140
1554296708 543247
1554296708 545924
1554296708 622205
1554296708 673301
1554296708 751137
1554296708 785317
1554296708 843739
1554296708 846242
1554296708 899035
1554296708 938686
1554296709 15463
1554296709 71302
1554296709 93720
1554296709 138646
1554296709 176421
1554296709 222990
1554296709 262422
1554296709 307565
1554296709 356780
1554296709 426210
1554296709 474172
1554296709 538109
1554296709 539544
1554296709 600383
1554296709 654284
1554296709 695765
1554296709 725310
1554296709 764715
1554296709 816170
1554296709 864696
1554296709 931596
1554296709 943024
1554296709 999672
1554296710 55729
1554296710 85990
1554296710 177509
1554296710 209930
1554296710 240797
1554296710 283162
1554296710 352727
1554296710 454673
1554296710 474583
1554296710 480333
1554296710 481194
1554296710 541926
1554296710 586285
1554296710 642391
1554296710 717580
1554296710 772370
1554296710 780285
1554296710 802096
1554296710 894319
1554296710 938330
1554296711 9080
1554296711 19275
1554296711 22769
1554296711 108724
1554296711 117649
1554296711 211765
1554296711 242944
1554296711 332430
1554296711 340875
1554296711 341706
1554296711 402699
1554296711 450423
1554296711 507730
1554296711 549626
1554296711 630267
1554296711 646219
1554296711 699136
1554296711 748972
1554296711 785244
1554296711 839532
1554296711 867110
1554296711 929135
1554296711 965567
1554296711 998813
1554296712 77330
1554296712 97496
1554296712 124919
1554296712 177556
1554296712 230333
1554296712 279982
1554296712 360205
1554296712 383125
1554296712 421785
1554296712 468288
1554296712 544181
1554296712 576512
1554296712 628266
1554296712 647783
1554296712 715504
1554296712 771566
1554296712 790041
1554296712 846616
1554296712 889562
1554296712 951146
1554296713 46162
1554296713 46995
1554296713 60041
1554296713 118161
1554296713 158298
1554296713 208044
1554296713 276809
1554296713 300617
1554296713 384465
1554296713 428116
1554296713 505199
1554296713 540602
1554296713 590929
1554296713 591753
1554296713 662347
1554296713 696687
1554296713 717174
1554296713 777767
1554296713 791751
1554296713 839982
1554296713 896406
1554296713 970055
1554296714 8126
1554296714 116740
1554296714 129521
1554296714 136707
1554296714 149149
1554296714 204422
1554296714 270241
1554296714 340402
1554296714 380632
1554296714 419000
1554296714 470073
1554296714 487512
1554296714 558426
1554296714 667588
1554296714 684595
1554296714 691721
1554296714 706920
1554296714 787285
1554296714 816793
1554296714 867636
1554296714 877650
1554296714 938148
1554296715 15469
1554296715 66320
1554296715 82855
1554296715 105335
1554296715 168031
1554296715 218211
1554296715 252735
1554296715 285736
1554296715 341000
1554296715 397808
1554296715 472474
1554296715 523340
1554296715 538292
1554296715 586936
1554296715 638292
1554296715 739376
1554296715 799045
1554296715 808513
1554296715 819685
1554296715 832773
1554296715 912509
1554296715 973717
1554296715 984838
1554296716 20308
1554296716 62787
1554296716 113773
1554296716 159233
1554296716 231319
1554296716 291767
1554296716 335547
1554296716 339576
1554296716 455671
1554296716 468442
1554296716 503702
1554296716 508046
1554296716 570098
1554296716 592051
1554296716 682006
1554296716 730390
1554296716 744110
1554296716 759636
1554296716 825187
1554296716 892759
1554296716 932226
1554296716 950955
1554296717 25543
1554296717 40532
1554296717 73703
1554296717 126588
1554296717 168889
1554296717 234532
1554296717 291744
1554296717 344648
1554296717 385413
1554296717 430518
1554296717 483138
1554296717 540705
1554296717 576991
1554296717 662169
1554296717 670156
1554296717 674790
1554296717 747971
1554296717 791427
1554296717 872454
1554296717 918001
1554296717 918806
1554296717 974633
1554296718 18456
1554296718 32605
1554296718 82541
1554296718 176377
1554296718 209377
1554296718 226162
1554296718 333615
1554296718 360295
1554296718 371666
1554296718 423235
1554296718 434974
1554296718 520792
1554296718 589622
1554296718 607168
1554296718 611540
1554296718 683150
1554296718 701590
1554296718 745761
1554296718 801459
1554296718 842931
1554296718 929454
1554296718 975013
1554296719 24001
1554296719 25016
1554296719 101275
1554296719 104561
1554296719 151762
1554296719 217384
1554296719 297646
1554296719 315754
1554296719 323023
1554296719 412946
1554296719 464685
1554296719 532779
1554296719 536169
1554296719 621020
1554296719 660440
1554296719 681276
1554296719 764652
1554296719 774851
1554296719 829212
1554296719 929101
1554296719 946012
1554296719 946833
1554296719 963733
1554296720 23617
1554296720 72718
1554296720 129645
1554296720 204532
1554296720 241977
1554296720 264348
1554296720 350475
1554296720 360386
1554296720 394620
1554296720 443570
1554296720 494270
1554296720 555367
1554296720 600440
1554296720 670017
1554296720 670811
1554296720 806502
1554296720 821653
1554296720 828460
1554296720 829517
1554296720 907267
1554296720 951627
1554296721 11961
1554296721 24382
1554296721 96579
1554296721 151007
1554296721 218992
1554296721 293426
1554296721 307774
1554296721 320817
1554296721 372755
1554296721 435573
1554296721 486897
1554296721 523302
1554296721 581123
1554296721 629757
1554296721 652773
1554296721 704742
1554296721 736487
1554296721 822557
1554296721 850461
1554296721 905428
1554296721 933260
1554296721 947416
1554296722 20403
1554296722 101098
1554296722 153142
1554296722 214248
1554296722 226986
1554296722 295684
1554296722 298775
1554296722 352803
1554296722 386632
1554296722 423581
1554296722 460888
1554296722 516092
1554296722 566411
1554296722 645209
1554296722 683568
1554296722 687091
1554296722 754551
1554296722 836207
1554296722 837483
1554296722 922349
1554296722 948719
1554296722 957940
1554296723 25113
1554296723 78414
1554296723 145119
1554296723 233255
1554296723 251023
1554296723 265416
1554296723 328765
1554296723 395918
1554296723 398108
1554296723 433711
1554296723 471454
1554296723 536382
1554296723 554508
1554296723 620562
1554296723 648719
1554296723 693595
1554296723 745461
1554296723 794475
1554296723 861436
1554296723 864850
1554296723 916445
1554296723 970479
1554296724 48820
1554296724 62978
1554296724 114549
1554296724 157083
1554296724 169101
1554296724 235379
1554296724 269187
1554296724 315922
1554296724 365540
1554296724 435476
1554296724 438659
1554296724 486417
1554296724 566014
1554296724 589308
1554296724 661683
1554296724 705105
1554296724 773793
1554296724 790203
1554296724 862950
1554296724 877158
1554296724 939034
1554296725 7519
1554296725 55525
1554296725 85316
1554296725 87599
1554296725 147797
1554296725 224099
1554296725 238617
1554296725 294625
1554296725 398376
1554296725 408807
1554296725 451789
1554296725 459590
1554296725 475613
1554296725 512518
1554296725 555538
1554296725 619286
1554296725 661030
1554296725 715748
1554296725 769265
1554296725 811466
1554296725 865646
1554296725 884686
1554296725 936172
1554296725 973533
1554296726 67632
1554296726 90346
1554296726 108449
1554296726 199336
1554296726 215215
1554296726 256249
1554296726 310839
1554296726 358479
1554296726 366497
1554296726 408737
1554296726 461503
1554296726 514316
1554296726 551548
1554296726 601422
1554296726 673084
1554296726 728219
1554296726 745272
1554296726 767789
1554296726 839497
1554296726 869767
1554296726 950112
1554296726 956092
1554296726 971418
1554296727 36998
1554296727 90780
1554296727 146234
1554296727 198605
1554296727 272754
1554296727 294607
1554296727 307624
1554296727 371752
1554296727 412583
1554296727 465116
1554296727 518481
1554296727 581497
1554296727 600974
1554296727 654727
1554296727 706964
1554296727 778561
1554296727 779442
1554296727 858688
1554296727 920412
1554296727 968588
1554296727 986059
1554296728 31709
1554296728 69608
1554296728 148203
1554296728 195001
1554296728 215563
1554296728 231779
1554296728 300475
1554296728 347261
1554296728 408353
1554296728 428426
1554296728 446381
1554296728 489575
1554296728 554340
1554296728 621479
1554296728 669646
1554296728 720169
1554296728 732745
1554296728 808894
1554296728 872393
1554296728 878133
1554296728 891419
1554296729 16059
1554296729 34369
1554296729 39717
1554296729 67015
1554296729 119349
1554296729 169110
1554296729 229483
1554296729 288915
1554296729 339512
1554296729 342842
1554296729 395967
1554296729 457068
1554296729 514319
1554296729 535067
1554296729 580835
1554296729 620184
1554296729 672390
1554296729 678402
1554296729 719053
1554296729 769590
1554296729 816923
1554296729 889353
1554296729 963739
1554296729 983086
1554296730 1348
1554296730 58056
1554296730 132333
1554296730 189995
1554296730 262620
1554296730 295504
1554296730 298999
1554296730 344712
1554296730 429315
1554296730 489088
1554296730 512517
1554296730 513357
1554296730 572953
1554296730 622681
1554296730 696387
1554296730 705622
1554296730 753684
1554296730 768445
1554296730 822608
1554296730 860890
1554296730 935581
1554296731 39733
1554296731 64743
1554296731 83254
1554296731 134137
1554296731 181541
1554296731 232154
1554296731 273592
1554296731 331799
1554296731 358653
1554296731 412707
1554296731 469448
1554296731 542736
1554296731 576870
1554296731 611096
1554296731 660334
1554296731 712212
1554296731 747368
1554296731 796632
1554296731 802660
1554296731 869515
1554296731 941216
1554296732 38515
1554296732 42858
1554296732 59714
1554296732 75794
1554296732 152655
1554296732 188427
1554296732 242303
1554296732 272383
1554296732 373779
1554296732 392838
1554296732 489902
1554296732 505265
1554296732 512205
1554296732 536741
1554296732 582153
1554296732 651429
1554296732 690100
1554296732 741670
1554296732 794769
1554296732 859749
1554296732 908696
1554296732 935383
1554296732 958302
1554296733 28735
1554296733 74395
1554296733 110591
1554296733 173423
1554296733 185510
1554296733 301944
1554296733 312630
1554296733 460557
1554296733 474034
1554296733 480688
1554296733 505978
1554296733 531301
1554296733 570681
1554296733 623333
1554296733 637325
1554296733 712372
1554296733 785364
1554296733 841302
1554296733 842578
1554296733 953520
1554296733 957190
1554296734 14160
1554296734 67470
1554296734 122335
1554296734 181210
1554296734 244606
1554296734 294349
1554296734 314705
1554296734 348448
1554296734 419338
1554296734 420409
1554296734 443378
1554296734 491221
1554296734 536522
1554296734 597691
1554296734 652591
1554296734 710385
1554296734 759392
1554296734 854224
1554296734 896894
1554296734 925747
1554296734 952604
1554296734 954747
1554296734 995515
1554296735 32438
1554296735 99126
1554296735 185468
1554296735 251629
