1554296689 812567
1554296689 890647
1554296689 914885
1554296690 25534
1554296690 28568
1554296690 29414
1554296690 106594
1554296690 149575
1554296690 186446
1554296690 195083
1554296690 338625
1554296690 369251
1554296690 380516
1554296690 464246
1554296690 468861
1554296690 542698
1554296690 580306
1554296690 645791
1554296690 671676
1554296690 758794
1554296690 782272
1554296690 783392
1554296690 848662
1554296690 939646
1554296690 984238
1554296691 30647
1554296691 40954
1554296691 79203
1554296691 164464
1554296691 178990
1554296691 267145
1554296691 277709
1554296691 290217
1554296691 342201
1554296691 397306
1554296691 481161
1554296691 502790
1554296691 509059
1554296691 573418
1554296691 610545
1554296691 671292
1554296691 680713
1554296691 744133
1554296691 802459
1554296691 834960
1554296691 889671
1554296691 930514
1554296691 997619
1554296692 42464
1554296692 94969
1554296692 112477
1554296692 202568
1554296692 232110
1554296692 261390
1554296692 299771
1554296692 342765
1554296692 403747
1554296692 433193
1554296692 468604
1554296692 506157
1554296692 568093
1554296692 622396
1554296692 677599
1554296692 724987
1554296692 731619
1554296692 814882
1554296692 881155
1554296692 882535
1554296692 932684
1554296693 21694
1554296693 75335
1554296693 82559
1554296693 147550
1554296693 162130
1554296693 176696
1554296693 222082
1554296693 280301
1554296693 330131
1554296693 400399
1554296693 422728
1554296693 478723
1554296693 526634
1554296693 592812
1554296693 676712
1554296693 691645
1554296693 741769
1554296693 787553
1554296693 803107
1554296693 836607
1554296693 888518
1554296693 889779
1554296693 935919
1554296693 996910
1554296694 50508
1554296694 104672
1554296694 173494
1554296694 192457
1554296694 216621
1554296694 296298
1554296694 317455
1554296694 350592
1554296694 391093
1554296694 448477
1554296694 510346
1554296694 586731
1554296694 633491
1554296694 653513
1554296694 665122
1554296694 724744
1554296694 790871
1554296694 806803
1554296694 854589
1554296694 898063
1554296694 934909
1554296694 993151
1554296695 40531
1554296695 124582
1554296695 141704
1554296695 162649
1554296695 267748
1554296695 272535
1554296695 338184
1554296695 408781
1554296695 448732
1554296695 457207
1554296695 534182
1554296695 536432
1554296695 547528
1554296695 613930
1554296695 664599
1554296695 710935
1554296695 750687
1554296695 808808
1554296695 845501
1554296695 888223
1554296695 964531
1554296695 994342
1554296696 5187
1554296696 48567
1554296696 102747
1554296696 136670
1554296696 198327
1554296696 268869
1554296696 310249
1554296696 314650
1554296696 384298
1554296696 428148
1554296696 437978
1554296696 524577
1554296696 527773
1554296696 599651
1554296696 649986
1554296696 676834
1554296696 718758
1554296696 765334
1554296696 814200
1554296696 878476
1554296696 897149
1554296697 9355
1554296697 23728
1554296697 35647
1554296697 58140
1554296697 97678
1554296697 165532
1554296697 215294
1554296697 258226
1554296697 306512
1554296697 325188
1554296697 372210
1554296697 419587
1554296697 488395
1554296697 556550
1554296697 589944
1554296697 603071
1554296697 648574
1554296697 706503
1554296697 754202
1554296697 809786
1554296697 879649
1554296697 936722
1554296697 986127
1554296698 35935
1554296698 98593
1554296698 140285
1554296698 188798
1554296698 223966
1554296698 328539
1554296698 337673
1554296698 346481
1554296698 414284
1554296698 482659
1554296698 483475
1554296698 524308
1554296698 587225
1554296698 634895
1554296698 685807
1554296698 700289
1554296698 754997
1554296698 811065
1554296698 894605
1554296698 995405
1554296699 5635
1554296699 20160
1554296699 46068
1554296699 67226
1554296699 112515
1554296699 156355
1554296699 210310
1554296699 230774
1554296699 288310
1554296699 345052
1554296699 354958
1554296699 409710
1554296699 467138
1554296699 522916
1554296699 565517
1554296699 600651
1554296699 636723
1554296699 705797
1554296699 785399
1554296699 813452
1554296699 815214
1554296699 876443
1554296699 950166
1554296699 965973
1554296700 48049
1554296700 87217
1554296700 97278
1554296700 111123
1554296700 210378
1554296700 265479
1554296700 294248
1554296700 314165
1554296700 394585
1554296700 408705
1554296700 472803
1554296700 516659
1554296700 578890
1554296700 591669
1554296700 602766
1554296700 666776
1554296700 729283
1554296700 788109
1554296700 816491
1554296700 819708
1554296700 965650
1554296701 45810
1554296701 49723
1554296701 50732
1554296701 71126
1554296701 115602
1554296701 186554
1554296701 241310
1554296701 283199
1554296701 360682
1554296701 380001
1554296701 391294
1554296701 446234
1554296701 492714
1554296701 558686
1554296701 562664
1554296701 692938
1554296701 700627
1554296701 726993
1554296701 774338
1554296701 812955
1554296701 859612
1554296701 908439
1554296701 995159
1554296702 56564
1554296702 75041
1554296702 179451
1554296702 188876
1554296702 194091
1554296702 212282
1554296702 262089
1554296702 342355
1554296702 410057
1554296702 449027
1554296702 451738
1554296702 470729
1554296702 572902
1554296702 586716
1554296702 628577
1554296702 668455
1554296702 741409
1554296702 813761
1554296702 854482
1554296702 882119
1554296702 943167
1554296702 955363
1554296703 27612
1554296703 28761
1554296703 88865
1554296703 113759
1554296703 190485
1554296703 301355
1554296703 320904
1554296703 326890
1554296703 372715
1554296703 406764
1554296703 516638
1554296703 535689
1554296703 567496
1554296703 617566
1554296703 643378
1554296703 686740
1554296703 736891
1554296703 793488
1554296703 839992
1554296703 861337
1554296703 932223
1554296703 935806
1554296703 996473
1554296704 62563
1554296704 91429
1554296704 150025
1554296704 189488
1554296704 236270
1554296704 285331
1554296704 325740
1554296704 390164
1554296704 429565
1554296704 482084
1554296704 558125
1554296704 578289
1554296704 582472
1554296704 633785
1554296704 691004
1554296704 736884
1554296704 793580
1554296704 824353
1554296704 877099
1554296704 938629
1554296705 47686
1554296705 56838
1554296705 63538
1554296705 149291
1554296705 159713
1554296705 217314
1554296705 324926
1554296705 336921
1554296705 355324
1554296705 361255
1554296705 423978
1554296705 508873
1554296705 564158
1554296705 583491
1554296705 588877
1554296705 642717
1554296705 672780
1554296705 764490
1554296705 785662
1554296705 825058
1554296705 861329
1554296705 936767
1554296705 971714
1554296705 982237
1554296706 31640
1554296706 116162
1554296706 185723
1554296706 192116
1554296706 213593
1554296706 273969
1554296706 335460
1554296706 392574
1554296706 441945
1554296706 462632
1554296706 481938
1554296706 580772
1554296706 592478
1554296706 633101
1554296706 674533
1554296706 726027
1554296706 740498
1554296706 785909
1554296706 826603
1554296706 904767
1554296706 954426
1554296706 986375
1554296707 37698
1554296707 89981
1554296707 205464
1554296707 222380
1554296707 230640
1554296707 243577
1554296707 350590
1554296707 372293
1554296707 402680
1554296707 422586
1554296707 493452
1554296707 555468
1554296707 615234
1554296707 624976
1554296707 638802
1554296707 700961
1554296707 783736
1554296707 810386
1554296707 859206
1554296707 955274
1554296707 976797
1554296707 991100
1554296708 36142
1554296708 60250
1554296708 102969
1554296708 157775
1554296708 247566
1554296708 315639
1554296708 340406
1554296708 358780
1554296708 381072
1554296708 437752
1554296708 488010
1554296708 523166
1554296708 575223
1554296708 618818
1554296708 661461
1554296708 738887
1554296708 756668
1554296708 794335
1554296708 896271
1554296708 913761
1554296708 925030
1554296708 987930
1554296709 18119
1554296709 92638
1554296709 132350
1554296709 167377
1554296709 216614
1554296709 264563
1554296709 334269
1554296709 387040
1554296709 448555
1554296709 507092
1554296709 576312
1554296709 592874
1554296709 593643
1554296709 642616
1554296709 697295
1554296709 718088
1554296709 785643
1554296709 837392
1554296709 899169
1554296709 972995
1554296709 978187
1554296709 995256
1554296710 41386
1554296710 104189
1554296710 175532
1554296710 232127
1554296710 249686
1554296710 305186
1554296710 325003
1554296710 418495
1554296710 444866
1554296710 499732
1554296710 513811
1554296710 561001
1554296710 595769
1554296710 672854
1554296710 690903
1554296710 721055
1554296710 776661
1554296710 800652
1554296710 861660
1554296710 917499
1554296711 17022
1554296711 32462
1554296711 67342
1554296711 88816
1554296711 200762
1554296711 259062
1554296711 330687
1554296711 338545
1554296711 339498
1554296711 372322
1554296711 404911
1554296711 458747
1554296711 508743
1554296711 577450
1554296711 627280
1554296711 639751
1554296711 702337
1554296711 745787
1554296711 773791
1554296711 822269
1554296711 901374
1554296711 944489
1554296711 949110
1554296712 30654
1554296712 85462
1554296712 115401
1554296712 148306
1554296712 224882
1554296712 260094
1554296712 316435
1554296712 369400
1554296712 418176
1554296712 450684
1554296712 489635
1554296712 542748
1554296712 607996
1554296712 650096
1554296712 675632
1554296712 725615
1554296712 768408
1554296712 804822
1554296712 896533
1554296712 920444
1554296712 928348
1554296712 970013
1554296713 36545
1554296713 90995
1554296713 163671
1554296713 186515
1554296713 229101
1554296713 270675
1554296713 328911
1554296713 347292
1554296713 409545
1554296713 500276
1554296713 529739
1554296713 549493
1554296713 602468
1554296713 619152
1554296713 723601
1554296713 740523
1554296713 812128
1554296713 856920
1554296713 920042
1554296714 9504
1554296714 25192
1554296714 44524
1554296714 54758
1554296714 90945
1554296714 118772
1554296714 179060
1554296714 226998
1554296714 298089
1554296714 318429
1554296714 378291
1554296714 416620
1554296714 465358
1554296714 488608
1554296714 576600
1554296714 588524
1554296714 642821
1554296714 672622
1554296714 731594
1554296714 768782
1554296714 804647
1554296714 887155
1554296714 907753
1554296714 950112
1554296715 2646
1554296715 120108
1554296715 121035
1554296715 135382
1554296715 192273
1554296715 214425
1554296715 250691
1554296715 297515
1554296715 345256
1554296715 388210
1554296715 466973
1554296715 511353
1554296715 522374
1554296715 584625
1554296715 640010
1554296715 680730
1554296715 702620
1554296715 759417
1554296715 800101
1554296715 863015
1554296715 870578
1554296715 932361
1554296716 71449
1554296716 82716
1554296716 99534
1554296716 100573
1554296716 166040
1554296716 251160
1554296716 295070
1554296716 347727
1554296716 359280
1554296716 428509
1554296716 430634
1554296716 479332
1554296716 533699
1554296716 578535
1554296716 593185
1554296716 651209
1554296716 688171
1554296716 739176
1554296716 779206
1554296716 827247
1554296716 870523
1554296716 942410
1554296717 28132
1554296717 52879
1554296717 53710
1554296717 102956
1554296717 158121
1554296717 210842
1554296717 254293
1554296717 288507
1554296717 332919
1554296717 371009
1554296717 414677
1554296717 473339
1554296717 521436
1554296717 573071
1554296717 665706
1554296717 672652
1554296717 679590
1554296717 753431
1554296717 789312
1554296717 860516
1554296717 882775
1554296717 901686
1554296717 972352
1554296718 38883
1554296718 113225
1554296718 124193
1554296718 135409
1554296718 185487
1554296718 233546
1554296718 291521
1554296718 295049
1554296718 377028
1554296718 414494
1554296718 469284
1554296718 535249
1554296718 579068
1554296718 600935
1554296718 632725
1554296718 727022
1554296718 741325
1554296718 742362
1554296718 815403
1554296718 865344
1554296718 934464
1554296718 949716
1554296718 955738
1554296719 38284
1554296719 86825
1554296719 137089
1554296719 162665
1554296719 216188
1554296719 242625
1554296719 294801
1554296719 355588
1554296719 400558
1554296719 473941
1554296719 495807
1554296719 519398
1554296719 661770
1554296719 680495
1554296719 689049
1554296719 768325
1554296719 773216
1554296719 791945
1554296719 940580
1554296719 956228
1554296719 976597
1554296720 2305
1554296720 36486
1554296720 88665
1554296720 133713
1554296720 208672
1554296720 266212
1554296720 290960
1554296720 347090
1554296720 361803
1554296720 435753
1554296720 488854
1554296720 500408
1554296720 552545
1554296720 594551
1554296720 621042
1554296720 689494
1554296720 737727
1554296720 760435
1554296720 849170
1554296720 854800
1554296720 916367
1554296720 995640
1554296721 6521
1554296721 30205
1554296721 97743
1554296721 148578
1554296721 209138
1554296721 258952
1554296721 309458
1554296721 334704
1554296721 376122
1554296721 433247
1554296721 485279
1554296721 504481
1554296721 556150
1554296721 604202
1554296721 661579
1554296721 729598
1554296721 731579
1554296721 818598
1554296721 836651
1554296721 895446
1554296721 974740
1554296721 982946
1554296722 68398
1554296722 74361
1554296722 84410
1554296722 150123
1554296722 197469
1554296722 249204
1554296722 303119
1554296722 340674
1554296722 394035
1554296722 445810
1554296722 475559
1554296722 536561
1554296722 610707
1554296722 615987
1554296722 633768
1554296722 676609
1554296722 743680
1554296722 795666
1554296722 845712
1554296722 923648
1554296722 936735
1554296722 956835
1554296723 20793
1554296723 83487
1554296723 115302
1554296723 148747
1554296723 195685
1554296723 265167
1554296723 308322
1554296723 354190
1554296723 403157
1554296723 477211
1554296723 486099
1554296723 541650
1554296723 555461
1554296723 622374
1554296723 654602
1554296723 705396
1554296723 742933
1554296723 818725
1554296723 857021
1554296723 872726
1554296723 913248
1554296723 988706
1554296724 45138
1554296724 59137
1554296724 109096
1554296724 124105
1554296724 229085
1554296724 238564
1554296724 289024
1554296724 304529
1554296724 392382
1554296724 450386
1554296724 462443
1554296724 510017
1554296724 523294
1554296724 621529
1554296724 677697
1554296724 727548
1554296724 784160
1554296724 874429
1554296724 896908
1554296724 917494
1554296724 935566
1554296724 985257
1554296725 56993
1554296725 109035
1554296725 119035
1554296725 183179
1554296725 219233
1554296725 272192
1554296725 278347
1554296725 351347
1554296725 368049
1554296725 382778
1554296725 448448
1554296725 491998
1554296725 572864
1554296725 588603
1554296725 632234
1554296725 670090
1554296725 705718
1554296725 778057
1554296725 804365
1554296725 909363
1554296725 978416
1554296725 986330
1554296726 11261
1554296726 13311
1554296726 65739
1554296726 109982
1554296726 190412
1554296726 209022
1554296726 228216
1554296726 298335
1554296726 367767
1554296726 385296
1554296726 388826
1554296726 479497
1554296726 519640
1554296726 569611
1554296726 638612
1554296726 655316
1554296726 663651
1554296726 729153
1554296726 770469
1554296726 810952
1554296726 880315
1554296726 934346
1554296727 12210
1554296727 18882
1554296727 58518
1554296727 160853
1554296727 169923
1554296727 186666
1554296727 276660
1554296727 288620
1554296727 306620
1554296727 362049
1554296727 419168
1554296727 461342
1554296727 548799
1554296727 559785
1554296727 647604
1554296727 700377
1554296727 710657
1554296727 727397
1554296727 792148
1554296727 811289
1554296727 838176
1554296727 894731
1554296727 950792
1554296728 11488
1554296728 58630
1554296728 152417
1554296728 208463
1554296728 246984
1554296728 252356
1554296728 266009
1554296728 335328
1554296728 415758
1554296728 467521
1554296728 476608
1554296728 511534
1554296728 558573
1554296728 594369
1554296728 614398
1554296728 654478
1554296728 710177
1554296728 778713
1554296728 822354
1554296728 857028
1554296728 914767
1554296728 935570
1554296729 8596
1554296729 75753
1554296729 82173
1554296729 129185
1554296729 167954
1554296729 218497
1554296729 295607
1554296729 329254
1554296729 332748
1554296729 392583
1554296729 432015
1554296729 492539
1554296729 503259
1554296729 550656
1554296729 599685
1554296729 665148
1554296729 708057
1554296729 778230
1554296729 834775
1554296729 847090
1554296729 859945
1554296729 946859
1554296730 23318
1554296730 34181
1554296730 73344
1554296730 137192
1554296730 160410
1554296730 217064
1554296730 307665
1554296730 358652
1554296730 361152
1554296730 434072
1554296730 487577
1554296730 505620
1554296730 507174
1554296730 576270
1554296730 620409
1554296730 667948
1554296730 688188
1554296730 743670
1554296730 790592
1554296730 869416
1554296730 923912
1554296730 943055
1554296730 960050
1554296731 35441
1554296731 84556
1554296731 103070
1554296731 147080
1554296731 204828
1554296731 268758
1554296731 311351
1554296731 354399
1554296731 430617
1554296731 472025
1554296731 544334
1554296731 563021
1554296731 602527
1554296731 634389
1554296731 680387
1554296731 757734
1554296731 774660
1554296731 825346
1554296731 875188
1554296731 931542
1554296731 984712
1554296732 102740
1554296732 114111
1554296732 186185
1554296732 251589
1554296732 252596
1554296732 263604
1554296732 264876
1554296732 334651
1554296732 372299
1554296732 431335
1554296732 435099
1554296732 472808
1554296732 552113
1554296732 600714
1554296732 652543
1554296732 702174
1554296732 733598
1554296732 788978
1554296732 835654
1554296732 889791
1554296732 970585
1554296732 986220
1554296733 68873
1554296733 79696
1554296733 143084
1554296733 158870
1554296733 258984
1554296733 284329
1554296733 304115
1554296733 318098
1554296733 409139
1554296733 431448
1554296733 476102
1554296733 502377
1554296733 544637
1554296733 613356
1554296733 652548
1554296733 692220
1554296733 734090
1554296733 855432
1554296733 863467
1554296733 952442
1554296733 958887
1554296734 32070
1554296734 59151
1554296734 110802
1554296734 226204
1554296734 240051
1554296734 274334
1554296734 290802
1554296734 337136
1554296734 391807
1554296734 423424
1554296734 444606
1554296734 492498
1554296734 539749
1554296734 602110
1554296734 642973
1554296734 694717
1554296734 776110
1554296734 860366
1554296734 880301
1554296734 883630
1554296734 934325
1554296735 26033
1554296735 82065
1554296735 130655
1554296735 226376
1554296735 227253
1554296735 282892
