1554296689 840665
1554296689 874995
1554296689 879472
1554296689 950829
1554296689 991588
1554296690 34288
1554296690 74517
1554296690 111586
1554296690 138633
1554296690 234032
1554296690 305551
1554296690 351812
1554296690 408087
1554296690 459357
1554296690 501157
1554296690 556900
1554296690 572409
1554296690 624596
1554296690 677958
1554296690 752219
1554296690 771331
1554296690 818400
1554296690 866398
1554296690 908662
1554296691 18908
1554296691 22645
1554296691 23511
1554296691 98927
1554296691 166921
1554296691 221019
1554296691 231280
1554296691 261670
1554296691 295405
1554296691 353752
1554296691 411036
1554296691 442079
1554296691 521208
1554296691 591627
1554296691 653273
1554296691 662659
1554296691 663459
1554296691 709116
1554296691 757314
1554296691 787757
1554296691 837331
1554296691 864634
1554296691 914781
1554296691 983542
1554296692 36025
1554296692 92962
1554296692 122355
1554296692 188127
1554296692 213014
1554296692 274208
1554296692 284698
1554296692 348196
1554296692 389653
1554296692 441157
1554296692 476866
1554296692 522238
1554296692 558832
1554296692 615631
1554296692 752419
1554296692 794862
1554296692 798950
1554296692 799797
1554296692 911544
1554296692 954455
1554296693 8545
1554296693 12107
1554296693 49068
1554296693 75640
1554296693 134116
1554296693 199255
1554296693 209299
1554296693 233734
1554296693 276418
1554296693 343369
1554296693 386902
1554296693 456099
1554296693 474832
1554296693 532319
1554296693 547062
1554296693 629384
1554296693 681007
1554296693 694815
1554296693 736879
1554296693 786649
1554296693 799989
1554296693 891410
1554296693 950396
1554296694 13802
1554296694 41206
1554296694 45535
1554296694 124696
1554296694 158209
1554296694 232499
1554296694 297589
1554296694 320277
1554296694 321421
1554296694 346935
1554296694 406289
1554296694 438250
1554296694 492242
1554296694 556132
1554296694 632438
1554296694 685675
1554296694 700624
1554296694 768883
1554296694 772630
1554296694 798558
1554296694 847221
1554296694 892774
1554296695 12341
1554296695 21739
1554296695 90197
1554296695 93447
1554296695 168242
1554296695 182289
1554296695 248261
1554296695 263011
1554296695 341597
1554296695 364276
1554296695 384629
1554296695 428289
1554296695 492387
1554296695 561273
1554296695 583644
1554296695 635303
1554296695 651642
1554296695 718619
1554296695 758563
1554296695 823362
1554296695 897458
1554296695 954661
1554296696 8350
1554296696 24629
1554296696 42801
1554296696 49815
1554296696 94706
1554296696 144229
1554296696 190173
1554296696 254699
1554296696 258616
1554296696 305704
1554296696 367104
1554296696 417706
1554296696 495317
1554296696 559258
1554296696 606787
1554296696 653084
1554296696 664866
1554296696 678713
1554296696 734728
1554296696 774423
1554296696 815244
1554296696 873677
1554296696 896187
1554296696 967189
1554296696 969603
1554296697 26722
1554296697 72451
1554296697 178204
1554296697 197711
1554296697 199145
1554296697 303637
1554296697 343084
1554296697 398761
1554296697 451675
1554296697 505106
1554296697 516942
1554296697 536377
1554296697 575500
1554296697 635303
1554296697 653005
1554296697 718166
1554296697 757595
1554296697 816847
1554296697 878436
1554296697 927185
1554296697 973596
1554296698 32414
1554296698 79722
1554296698 137794
1554296698 195688
1554296698 238719
1554296698 309687
1554296698 323529
1554296698 369381
1554296698 447025
1554296698 499023
1554296698 548757
1554296698 592061
1554296698 600273
1554296698 678664
1554296698 697100
1554296698 729427
1554296698 783447
1554296698 839440
1554296698 840648
1554296698 889608
1554296698 925598
1554296698 968828
1554296699 66202
1554296699 97043
1554296699 130131
1554296699 220541
1554296699 242726
1554296699 255650
1554296699 389336
1554296699 402738
1554296699 405466
1554296699 406422
1554296699 476788
1554296699 520061
1554296699 566758
1554296699 604849
1554296699 643504
1554296699 698781
1554296699 764382
1554296699 820293
1554296699 827236
1554296699 896751
1554296699 910034
1554296699 928336
1554296699 985464
1554296700 19959
1554296700 88349
1554296700 119781
1554296700 194285
1554296700 260250
1554296700 271070
1554296700 309268
1554296700 362810
1554296700 412306
1554296700 478243
1554296700 479229
1554296700 564561
1554296700 571724
1554296700 613546
1554296700 649189
1554296700 706907
1554296700 759548
1554296700 799196
1554296700 807586
1554296700 898775
1554296700 990372
1554296700 996399
1554296701 55325
1554296701 88779
1554296701 120551
1554296701 171363
1554296701 235337
1554296701 286239
1554296701 351696
1554296701 408716
1554296701 419238
1554296701 435183
1554296701 499166
1554296701 542965
1554296701 626458
1554296701 650596
1554296701 686728
1554296701 722828
1554296701 765719
1554296701 804823
1554296701 862765
1554296701 911520
1554296701 960210
1554296701 973050
1554296702 42290
1554296702 82647
1554296702 110677
1554296702 152388
1554296702 199748
1554296702 252739
1554296702 315212
1554296702 349695
1554296702 401259
1554296702 437701
1554296702 490344
1554296702 535416
1554296702 557229
1554296702 597955
1554296702 681115
1554296702 730666
1554296702 758244
1554296702 840239
1554296702 860433
1554296702 884604
1554296702 930187
1554296702 999568
1554296703 31168
1554296703 61452
1554296703 122043
1554296703 173535
1554296703 218829
1554296703 256685
1554296703 288698
1554296703 349197
1554296703 408440
1554296703 462644
1554296703 525169
1554296703 571214
1554296703 634695
1554296703 692245
1554296703 730716
1554296703 799052
1554296703 857328
1554296703 889614
1554296703 890759
1554296703 967388
1554296704 27594
1554296704 82279
1554296704 102631
1554296704 103451
1554296704 136668
1554296704 183305
1554296704 220120
1554296704 273788
1554296704 322344
1554296704 392270
1554296704 442744
1554296704 476035
1554296704 550318
1554296704 568407
1554296704 609956
1554296704 622712
1554296704 677574
1554296704 762211
1554296704 796969
1554296704 851364
1554296704 914536
1554296704 930253
1554296704 952585
1554296705 12749
1554296705 72417
1554296705 104562
1554296705 166346
1554296705 208225
1554296705 319707
1554296705 334198
1554296705 382513
1554296705 390018
1554296705 461573
1554296705 463784
1554296705 476718
1554296705 542488
1554296705 580084
1554296705 636933
1554296705 694404
1554296705 698555
1554296705 755091
1554296705 809188
1554296705 874170
1554296705 891649
1554296705 916833
1554296706 15106
1554296706 71660
1554296706 122969
1554296706 199066
1554296706 202535
1554296706 206759
1554296706 271696
1554296706 342190
1554296706 398589
1554296706 414784
1554296706 463699
1554296706 499454
1554296706 546535
1554296706 568739
1554296706 634528
1554296706 665558
1554296706 718824
1554296706 753675
1554296706 811089
1554296706 896126
1554296706 959238
1554296707 23782
1554296707 31420
1554296707 32496
1554296707 65465
1554296707 129779
1554296707 180230
1554296707 193730
1554296707 246833
1554296707 340535
1554296707 392161
1554296707 432492
1554296707 435639
1554296707 476729
1554296707 553248
1554296707 617785
1554296707 632780
1554296707 683224
1554296707 728777
1554296707 795115
1554296707 796073
1554296707 851789
1554296707 871644
1554296707 953348
1554296708 25300
1554296708 74811
1554296708 135084
1554296708 184791
1554296708 197269
1554296708 262547
1554296708 298902
1554296708 314181
1554296708 368319
1554296708 413489
1554296708 443007
1554296708 498373
1554296708 571680
1554296708 582862
1554296708 603150
1554296708 674388
1554296708 719355
1554296708 737359
1554296708 793266
1554296708 828277
1554296708 906975
1554296708 924059
1554296708 981794
1554296709 5531
1554296709 65677
1554296709 104865
1554296709 163962
1554296709 224417
1554296709 256254
1554296709 328188
1554296709 379347
1554296709 417612
1554296709 466013
1554296709 543677
1554296709 581571
1554296709 611649
1554296709 692633
1554296709 693576
1554296709 735699
1554296709 779691
1554296709 829065
1554296709 882212
1554296709 955731
1554296709 976788
1554296709 988240
1554296710 38930
1554296710 91452
1554296710 188017
1554296710 248099
1554296710 267748
1554296710 295713
1554296710 313340
1554296710 423638
1554296710 473433
1554296710 496514
1554296710 516886
1554296710 537130
1554296710 619279
1554296710 667218
1554296710 685696
1554296710 715395
1554296710 767751
1554296710 807732
1554296710 877423
1554296710 970374
1554296711 24504
1554296711 28034
1554296711 69030
1554296711 91361
1554296711 148053
1554296711 170140
1554296711 250360
1554296711 295091
1554296711 299242
1554296711 348431
1554296711 401286
1554296711 446711
1554296711 506458
1554296711 568341
1554296711 608885
1554296711 612710
1554296711 663815
1554296711 738828
1554296711 789289
1554296711 863731
1554296711 874575
1554296711 889273
1554296711 933503
1554296712 1349
1554296712 52168
1554296712 102349
1554296712 139103
1554296712 196140
1554296712 248715
1554296712 319204
1554296712 388547
1554296712 439270
1554296712 493231
1554296712 500233
1554296712 510629
1554296712 654136
1554296712 674670
1554296712 719150
1554296712 729750
1554296712 771472
1554296712 837593
1554296712 900243
1554296712 950257
1554296713 21109
1554296713 25542
1554296713 26821
1554296713 62653
1554296713 126715
1554296713 167743
1554296713 213802
1554296713 268765
1554296713 319495
1554296713 380512
1554296713 447974
1554296713 477811
1554296713 495671
1554296713 600957
1554296713 616292
1554296713 691606
1554296713 743289
1554296713 820920
1554296713 864327
1554296713 888132
1554296713 889327
1554296713 910445
1554296713 942894
1554296713 982605
1554296714 52489
1554296714 126040
1554296714 176619
1554296714 186259
1554296714 221211
1554296714 310606
1554296714 337008
1554296714 354884
1554296714 425470
1554296714 462647
1554296714 502846
1554296714 556836
1554296714 587503
1554296714 616143
1554296714 650108
1554296714 709190
1554296714 759581
1554296714 813129
1554296714 888910
1554296714 892883
1554296714 936922
1554296714 998959
1554296715 52353
1554296715 124794
1554296715 141718
1554296715 200828
1554296715 249685
1554296715 265740
1554296715 290175
1554296715 331492
1554296715 384709
1554296715 444997
1554296715 462796
1554296715 525733
1554296715 572564
1554296715 604414
1554296715 684581
1554296715 703785
1554296715 733601
1554296715 783358
1554296715 829990
1554296715 895379
1554296715 982400
1554296716 31045
1554296716 39561
1554296716 78495
1554296716 126367
1554296716 140291
1554296716 214085
1554296716 240699
1554296716 270011
1554296716 330254
1554296716 379025
1554296716 439692
1554296716 463961
1554296716 535547
1554296716 559526
1554296716 613228
1554296716 646558
1554296716 698968
1554296716 712789
1554296716 762470
1554296716 814262
1554296716 889257
1554296716 939482
1554296717 30640
1554296717 47075
1554296717 80419
1554296717 105577
1554296717 159730
1554296717 213345
1554296717 257670
1554296717 300333
1554296717 381586
1554296717 403078
1554296717 447090
1554296717 459206
1554296717 539270
1554296717 614815
1554296717 659091
1554296717 697589
1554296717 698713
1554296717 762739
1554296717 820950
1554296717 840707
1554296717 870919
1554296717 904293
1554296717 984658
1554296718 25238
1554296718 84919
1554296718 105016
1554296718 199987
1554296718 210710
1554296718 279626
1554296718 283286
1554296718 340715
1554296718 384473
1554296718 394879
1554296718 463337
1554296718 505510
1554296718 580677
1554296718 675358
1554296718 678870
1554296718 679672
1554296718 760541
1554296718 775122
1554296718 818381
1554296718 828529
1554296718 978765
1554296719 66899
1554296719 130748
1554296719 179485
1554296719 257337
1554296719 263606
1554296719 283669
1554296719 285596
1554296719 308477
1554296719 309751
1554296719 348139
1554296719 408617
1554296719 441410
1554296719 512035
1554296719 541502
1554296719 585682
1554296719 636217
1554296719 673014
1554296719 706937
1554296719 752983
1554296719 814539
1554296719 874892
1554296719 888419
1554296719 931338
1554296720 2109
1554296720 46657
1554296720 59726
1554296720 143690
1554296720 223357
1554296720 234455
1554296720 248650
1554296720 311041
1554296720 372487
1554296720 399774
1554296720 448241
1554296720 496697
1554296720 556664
1554296720 597019
1554296720 691195
1554296720 696438
1554296720 857758
1554296720 872001
1554296720 887699
1554296720 888677
1554296720 889528
1554296721 9413
1554296721 26740
1554296721 27702
1554296721 99160
1554296721 153814
1554296721 217264
1554296721 292413
1554296721 306760
1554296721 350193
1554296721 363668
1554296721 430796
1554296721 491517
1554296721 496415
1554296721 586430
1554296721 624804
1554296721 697770
1554296721 703268
1554296721 713421
1554296721 789731
1554296721 855086
1554296721 922700
1554296721 938727
1554296721 950484
1554296722 23322
1554296722 77287
1554296722 83197
1554296722 157280
1554296722 184776
1554296722 323732
1554296722 338239
1554296722 392250
1554296722 396719
1554296722 436573
1554296722 489767
1554296722 498225
1554296722 562045
1554296722 641226
1554296722 697623
1554296722 702145
1554296722 752144
1554296722 823397
1554296722 853075
1554296722 898722
1554296722 902732
1554296722 984235
1554296723 32240
1554296723 86654
1554296723 135041
1554296723 153315
1554296723 221703
1554296723 260709
1554296723 306019
1554296723 349658
1554296723 387479
1554296723 453305
1554296723 492145
1554296723 540652
1554296723 558850
1554296723 618868
1554296723 634072
1554296723 685684
1554296723 746600
1554296723 808999
1554296723 859518
1554296723 893009
1554296723 943243
1554296724 47218
1554296724 71006
1554296724 106915
1554296724 124662
1554296724 158712
1554296724 216104
1554296724 274669
1554296724 345281
1554296724 395142
1554296724 413927
1554296724 423030
1554296724 455034
1554296724 501319
1554296724 554623
1554296724 586100
1554296724 652944
1554296724 724733
1554296724 744815
1554296724 819383
1554296724 878711
1554296724 898104
1554296724 923794
1554296724 980698
1554296725 63179
1554296725 90356
1554296725 94399
1554296725 167559
1554296725 226172
1554296725 297188
1554296725 328232
1554296725 334543
1554296725 335368
1554296725 386008
1554296725 428029
1554296725 498466
1554296725 536106
1554296725 568629
1554296725 614932
1554296725 666332
1554296725 712280
1554296725 765624
1554296725 839324
1554296725 894841
1554296725 959587
1554296725 993001
1554296726 37699
1554296726 96908
1554296726 158625
1554296726 167482
1554296726 168821
1554296726 201196
1554296726 232456
1554296726 299524
1554296726 353930
1554296726 415663
1554296726 465262
1554296726 507553
1554296726 518682
1554296726 574531
1554296726 639507
1554296726 646525
1554296726 686330
1554296726 778423
1554296726 786274
1554296726 795709
1554296726 927242
1554296726 991523
1554296727 61192
1554296727 76925
1554296727 79451
1554296727 85094
1554296727 155073
1554296727 196434
1554296727 270405
1554296727 318846
1554296727 334740
1554296727 382546
1554296727 434304
1554296727 478414
1554296727 535211
1554296727 593343
1554296727 616424
1554296727 630361
1554296727 679111
1554296727 730591
1554296727 782430
1554296727 798666
1554296727 841310
1554296727 899957
1554296727 947653
1554296728 22596
1554296728 50518
1554296728 110058
1554296728 193447
1554296728 214311
1554296728 219770
1554296728 277786
1554296728 319666
1554296728 379787
1554296728 460389
1554296728 478001
1554296728 514981
1554296728 529246
1554296728 600432
1554296728 647619
1554296728 667421
1554296728 728744
1554296728 771295
1554296728 820737
1554296728 860008
1554296728 890346
1554296728 941801
1554296729 78115
1554296729 91363
1554296729 110014
1554296729 110845
1554296729 201218
1554296729 249216
1554296729 312807
1554296729 317171
1554296729 362400
1554296729 413690
1554296729 468126
1554296729 481994
1554296729 572788
1554296729 592610
1554296729 596091
1554296729 652778
1554296729 700453
1554296729 785515
1554296729 849065
1554296729 908249
1554296729 909137
1554296729 935320
1554296729 949781
1554296730 16688
1554296730 79302
1554296730 106449
1554296730 212225
1554296730 238987
1554296730 253290
1554296730 301307
1554296730 339725
1554296730 399299
1554296730 466615
1554296730 530075
1554296730 540837
1554296730 583668
1554296730 666569
1554296730 670812
1554296730 692752
1554296730 738349
1554296730 788433
1554296730 862390
1554296730 867196
1554296730 949078
1554296731 9044
1554296731 15553
1554296731 82752
1554296731 99427
1554296731 150576
1554296731 208703
1554296731 257620
1554296731 323520
1554296731 376727
1554296731 427714
1554296731 494722
1554296731 541271
1554296731 574448
1554296731 613164
1554296731 658820
1554296731 709646
1554296731 744691
1554296731 790553
1554296731 801114
1554296731 854493
1554296731 930384
1554296731 996093
1554296732 26224
1554296732 27339
1554296732 104202
1554296732 140683
1554296732 190492
1554296732 236359
1554296732 253773
1554296732 311784
1554296732 382395
1554296732 450196
1554296732 482468
1554296732 546581
1554296732 560092
1554296732 611329
1554296732 619438
1554296732 685310
1554296732 731550
1554296732 785687
1554296732 832054
1554296732 925352
1554296732 969343
1554296732 993678
1554296733 23433
1554296733 73073
1554296733 120195
1554296733 170685
1554296733 234168
1554296733 237668
1554296733 273552
1554296733 341301
1554296733 386872
1554296733 400917
1554296733 469794
1554296733 518960
1554296733 574240
1554296733 582422
1554296733 662313
1554296733 703485
1554296733 745432
1554296733 789493
1554296733 826296
1554296733 913598
1554296733 979984
1554296733 996582
1554296734 71356
1554296734 95549
1554296734 140639
1554296734 152614
1554296734 197723
1554296734 277584
1554296734 358189
1554296734 397301
1554296734 414629
1554296734 436124
1554296734 493476
1554296734 532039
1554296734 589064
1554296734 644375
1554296734 706091
1554296734 733793
1554296734 828858
1554296734 836879
1554296734 920735
1554296734 941516
1554296734 980234
1554296734 999744
1554296735 46276
1554296735 112089
1554296735 144099
1554296735 218404
