1554296689 800262
1554296689 852251
1554296689 910819
1554296689 932547
1554296689 948406
1554296690 10607
1554296690 69814
1554296690 114289
1554296690 178024
1554296690 227319
1554296690 317947
1554296690 379455
1554296690 436911
1554296690 504187
1554296690 506612
1554296690 529428
1554296690 589674
1554296690 632861
1554296690 680241
1554296690 715247
1554296690 795371
1554296690 799516
1554296690 865013
1554296690 928714
1554296690 956918
1554296691 27754
1554296691 35667
1554296691 83051
1554296691 111201
1554296691 183155
1554296691 207626
1554296691 270774
1554296691 326365
1554296691 372706
1554296691 421395
1554296691 529578
1554296691 593669
1554296691 632224
1554296691 710165
1554296691 720494
1554296691 724725
1554296691 746583
1554296691 747417
1554296691 819534
1554296691 839108
1554296691 939238
1554296691 949511
1554296691 962904
1554296692 24163
1554296692 88104
1554296692 151582
1554296692 221437
1554296692 268587
1554296692 303921
1554296692 351052
1554296692 365710
1554296692 399548
1554296692 473517
1554296692 480870
1554296692 540239
1554296692 579680
1554296692 638779
1554296692 664212
1554296692 716195
1554296692 773614
1554296692 782920
1554296692 859712
1554296692 874782
1554296692 924568
1554296693 15313
1554296693 71608
1554296693 89716
1554296693 125644
1554296693 184070
1554296693 203025
1554296693 226055
1554296693 274039
1554296693 351649
1554296693 392012
1554296693 404453
1554296693 446329
1554296693 514019
1554296693 549515
1554296693 624336
1554296693 689124
1554296693 718633
1554296693 722431
1554296693 771432
1554296693 830286
1554296693 852766
1554296693 882982
1554296693 952037
1554296694 8095
1554296694 56462
1554296694 127186
1554296694 147615
1554296694 228605
1554296694 283598
1554296694 304341
1554296694 363974
1554296694 375623
1554296694 403663
1554296694 452674
1554296694 506044
1554296694 562154
1554296694 584714
1554296694 636865
1554296694 691558
1554296694 760201
1554296694 802143
1554296694 822727
1554296694 836054
1554296694 894922
1554296694 977443
1554296695 13949
1554296695 128304
1554296695 181375
1554296695 223814
1554296695 238458
1554296695 295144
1554296695 392671
1554296695 406947
1554296695 462685
1554296695 483362
1554296695 484330
1554296695 485156
1554296695 584741
1554296695 666083
1554296695 670462
1554296695 671304
1554296695 685460
1554296695 767321
1554296695 815694
1554296695 830738
1554296695 962461
1554296696 33249
1554296696 93060
1554296696 111137
1554296696 116515
1554296696 117354
1554296696 154414
1554296696 218616
1554296696 250682
1554296696 290493
1554296696 327563
1554296696 371701
1554296696 424738
1554296696 466368
1554296696 538520
1554296696 595984
1554296696 647413
1554296696 687709
1554296696 690452
1554296696 704252
1554296696 750281
1554296696 823747
1554296696 932074
1554296696 934568
1554296696 935431
1554296696 997038
1554296697 59036
1554296697 102689
1554296697 158966
1554296697 203428
1554296697 204398
1554296697 288554
1554296697 346051
1554296697 355015
1554296697 376099
1554296697 416444
1554296697 493492
1554296697 577086
1554296697 596681
1554296697 627154
1554296697 719731
1554296697 728315
1554296697 739559
1554296697 834632
1554296697 887096
1554296697 924324
1554296698 15552
1554296698 70096
1554296698 95956
1554296698 155330
1554296698 228240
1554296698 236617
1554296698 319999
1554296698 332086
1554296698 345491
1554296698 438512
1554296698 490039
1554296698 505391
1554296698 556421
1554296698 589569
1554296698 638780
1554296698 669269
1554296698 692167
1554296698 746468
1554296698 825661
1554296698 887169
1554296698 932392
1554296698 949047
1554296699 11022
1554296699 60355
1554296699 61155
1554296699 126154
1554296699 173392
1554296699 211752
1554296699 256516
1554296699 290554
1554296699 320789
1554296699 362678
1554296699 436315
1554296699 475653
1554296699 514024
1554296699 530742
1554296699 578677
1554296699 633113
1554296699 697700
1554296699 741411
1554296699 776653
1554296699 811782
1554296699 859811
1554296699 918400
1554296699 992868
1554296700 4842
1554296700 38354
1554296700 99161
1554296700 140692
1554296700 152843
1554296700 219453
1554296700 249044
1554296700 300616
1554296700 341418
1554296700 403786
1554296700 461019
1554296700 476943
1554296700 501785
1554296700 580216
1554296700 620481
1554296700 629593
1554296700 695542
1554296700 776516
1554296700 840739
1554296700 900886
1554296700 939628
1554296700 941566
1554296700 950800
1554296701 15207
1554296701 67223
1554296701 110901
1554296701 170446
1554296701 230656
1554296701 280493
1554296701 310389
1554296701 363283
1554296701 397310
1554296701 459548
1554296701 502416
1554296701 588015
1554296701 627412
1554296701 651589
1554296701 679460
1554296701 740382
1554296701 786299
1554296701 814292
1554296701 892636
1554296701 927227
1554296701 949278
1554296702 55003
1554296702 71547
1554296702 178577
1554296702 229961
1554296702 243226
1554296702 340677
1554296702 360562
1554296702 366585
1554296702 368289
1554296702 369216
1554296702 439053
1554296702 492398
1554296702 538109
1554296702 578740
1554296702 608442
1554296702 690561
1554296702 731814
1554296702 750508
1554296702 792693
1554296702 827813
1554296702 879188
1554296702 940688
1554296702 982016
1554296703 53211
1554296703 125729
1554296703 187634
1554296703 203235
1554296703 302767
1554296703 332726
1554296703 367512
1554296703 389658
1554296703 390757
1554296703 452716
1554296703 541672
1554296703 578642
1554296703 591274
1554296703 602256
1554296703 663481
1554296703 709681
1554296703 755526
1554296703 772344
1554296703 818851
1554296703 875007
1554296703 936845
1554296703 982321
1554296704 37104
1554296704 54640
1554296704 125072
1554296704 177074
1554296704 239010
1554296704 288412
1554296704 348675
1554296704 394810
1554296704 411369
1554296704 510987
1554296704 538578
1554296704 542631
1554296704 590481
1554296704 652544
1554296704 728790
1554296704 745068
1554296704 805365
1554296704 856753
1554296704 928925
1554296704 973774
1554296704 999676
1554296705 24564
1554296705 77484
1554296705 120295
1554296705 145573
1554296705 212209
1554296705 252300
1554296705 323782
1554296705 333416
1554296705 383386
1554296705 392552
1554296705 469440
1554296705 499961
1554296705 535570
1554296705 592388
1554296705 630876
1554296705 650185
1554296705 691978
1554296705 743732
1554296705 806117
1554296705 870038
1554296705 894559
1554296705 932584
1554296706 43566
1554296706 46774
1554296706 99531
1554296706 161217
1554296706 230219
1554296706 239330
1554296706 261043
1554296706 325382
1554296706 373911
1554296706 383797
1554296706 453368
1554296706 491026
1554296706 535583
1554296706 594674
1554296706 615969
1554296706 671502
1554296706 730212
1554296706 764082
1554296706 804491
1554296706 888896
1554296706 892656
1554296706 943186
1554296707 35109
1554296707 45742
1554296707 73538
1554296707 137613
1554296707 174435
1554296707 224767
1554296707 270484
1554296707 286500
1554296707 331102
1554296707 407413
1554296707 448418
1554296707 488990
1554296707 531273
1554296707 572940
1554296707 620482
1554296707 658544
1554296707 706550
1554296707 777342
1554296707 782449
1554296707 821465
1554296707 877058
1554296707 932069
1554296708 13685
1554296708 65510
1554296708 110960
1554296708 132880
1554296708 178366
1554296708 198430
1554296708 231116
1554296708 297697
1554296708 341815
1554296708 412537
1554296708 446661
1554296708 513806
1554296708 525703
1554296708 556401
1554296708 616674
1554296708 658482
1554296708 732165
1554296708 772558
1554296708 773358
1554296708 835365
1554296708 889235
1554296708 935701
1554296708 992262
1554296709 41326
1554296709 95041
1554296709 130859
1554296709 176670
1554296709 223286
1554296709 276049
1554296709 342941
1554296709 385269
1554296709 435454
1554296709 489017
1554296709 546085
1554296709 569368
1554296709 615176
1554296709 644998
1554296709 660340
1554296709 714574
1554296709 777216
1554296709 812316
1554296709 874108
1554296709 935727
1554296709 952584
1554296710 45313
1554296710 61023
1554296710 106363
1554296710 121360
1554296710 237219
1554296710 255185
1554296710 299116
1554296710 354513
1554296710 378474
1554296710 404759
1554296710 451503
1554296710 492230
1554296710 558148
1554296710 617714
1554296710 658412
1554296710 724763
1554296710 739094
1554296710 749381
1554296710 823187
1554296710 854541
1554296710 974913
1554296711 14508
1554296711 73103
1554296711 85269
1554296711 114737
1554296711 115525
1554296711 189014
1554296711 229184
1554296711 301751
1554296711 355747
1554296711 358676
1554296711 419600
1554296711 474480
1554296711 480870
1554296711 555487
1554296711 628565
1554296711 655596
1554296711 696761
1554296711 709111
1554296711 775465
1554296711 825511
1554296711 877502
1554296711 955057
1554296712 10177
1554296712 19991
1554296712 83509
1554296712 100037
1554296712 149507
1554296712 203656
1554296712 257162
1554296712 305284
1554296712 356091
1554296712 411104
1554296712 443287
1554296712 482143
1554296712 520506
1554296712 586987
1554296712 659352
1554296712 723274
1554296712 732722
1554296712 764472
1554296712 801174
1554296712 894654
1554296712 911331
1554296712 984333
1554296712 986868
1554296712 995277
1554296713 71320
1554296713 111178
1554296713 150985
1554296713 209063
1554296713 258608
1554296713 309508
1554296713 357076
1554296713 411772
1554296713 493714
1554296713 541580
1554296713 560030
1554296713 569700
1554296713 646714
1554296713 708476
1554296713 711605
1554296713 784663
1554296713 788466
1554296713 867434
1554296713 909276
1554296713 937802
1554296714 60371
1554296714 71731
1554296714 76638
1554296714 103497
1554296714 159322
1554296714 214374
1554296714 267620
1554296714 319655
1554296714 332739
1554296714 390619
1554296714 440723
1554296714 499360
1554296714 545774
1554296714 618534
1554296714 638816
1554296714 659756
1554296714 712245
1554296714 777615
1554296714 822252
1554296714 903807
1554296714 952437
1554296715 39308
1554296715 48188
1554296715 49025
1554296715 134718
1554296715 178237
1554296715 198461
1554296715 306392
1554296715 349283
1554296715 364301
1554296715 487149
1554296715 532154
1554296715 579722
1554296715 595808
1554296715 637159
1554296715 735773
1554296715 752875
1554296715 760823
1554296715 763557
1554296715 792399
1554296715 793191
1554296715 857465
1554296715 885070
1554296715 981107
1554296715 990699
1554296716 69378
1554296716 73340
1554296716 119244
1554296716 173107
1554296716 219175
1554296716 230178
1554296716 266462
1554296716 326602
1554296716 386697
1554296716 433294
1554296716 480782
1554296716 528868
1554296716 582388
1554296716 627174
1554296716 653737
1554296716 682623
1554296716 724845
1554296716 780486
1554296716 818727
1554296716 872738
1554296716 946840
1554296716 975106
1554296717 11132
1554296717 54803
1554296717 79756
1554296717 142995
1554296717 179614
1554296717 228436
1554296717 271712
1554296717 319631
1554296717 364322
1554296717 429463
1554296717 471615
1554296717 513755
1554296717 589894
1554296717 591157
1554296717 628728
1554296717 680884
1554296717 743092
1554296717 828246
1554296717 854089
1554296717 880548
1554296717 900667
1554296717 961229
1554296718 46601
1554296718 103753
1554296718 148351
1554296718 163508
1554296718 204691
1554296718 217430
1554296718 265439
1554296718 302919
1554296718 348020
1554296718 411450
1554296718 474582
1554296718 484567
1554296718 514472
1554296718 584042
1554296718 615967
1554296718 668476
1554296718 703801
1554296718 749749
1554296718 807147
1554296718 854752
1554296718 920305
1554296718 952570
1554296718 984711
1554296719 46288
1554296719 74472
1554296719 99087
1554296719 144262
1554296719 223461
1554296719 287398
1554296719 290506
1554296719 350770
1554296719 395999
1554296719 472915
1554296719 484703
1554296719 531665
1554296719 616940
1554296719 674085
1554296719 686431
1554296719 729204
1554296719 743440
1554296719 823505
1554296719 848176
1554296719 902506
1554296719 937561
1554296719 955185
1554296720 16504
1554296720 66300
1554296720 141590
1554296720 189380
1554296720 259287
1554296720 313658
1554296720 320462
1554296720 330938
1554296720 381970
1554296720 422454
1554296720 472355
1554296720 535059
1554296720 569346
1554296720 629345
1554296720 688464
1554296720 753036
1554296720 774609
1554296720 811127
1554296720 834046
1554296720 906224
1554296720 954050
1554296721 43507
1554296721 45602
1554296721 65251
1554296721 114137
1554296721 195437
1554296721 226969
1554296721 284497
1554296721 331213
1554296721 382077
1554296721 437575
1554296721 462654
1554296721 500828
1554296721 569415
1554296721 618451
1554296721 685380
1554296721 701163
1554296721 715815
1554296721 787304
1554296721 796096
1554296721 900943
1554296721 954576
1554296721 955349
1554296722 14431
1554296722 108736
1554296722 145532
1554296722 164437
1554296722 204830
1554296722 276488
1554296722 330687
1554296722 347236
1554296722 370884
1554296722 408601
1554296722 467546
1554296722 523951
1554296722 564259
1554296722 602237
1554296722 642443
1554296722 690736
1554296722 737183
1554296722 787257
1554296722 843070
1554296722 856402
1554296722 934400
1554296722 975362
1554296723 65654
1554296723 126680
1554296723 137159
1554296723 211970
1554296723 224254
1554296723 278974
1554296723 337143
1554296723 348400
1554296723 368731
1554296723 414844
1554296723 463983
1554296723 514275
1554296723 575262
1554296723 644072
1554296723 702394
1554296723 714891
1554296723 768737
1554296723 834078
1554296723 836471
1554296723 853497
1554296723 910949
1554296723 965310
1554296724 51117
1554296724 94274
1554296724 97646
1554296724 145595
1554296724 190560
1554296724 261678
1554296724 278793
1554296724 338549
1554296724 416706
1554296724 421414
1554296724 443324
1554296724 491580
1554296724 547664
1554296724 592383
1554296724 674234
1554296724 693603
1554296724 767142
1554296724 822768
1554296724 838533
1554296724 945456
1554296724 965211
1554296724 967534
1554296725 44683
1554296725 64466
1554296725 113643
1554296725 191746
1554296725 196140
1554296725 210252
1554296725 264752
1554296725 314590
1554296725 377213
1554296725 422348
1554296725 460641
1554296725 472829
1554296725 515793
1554296725 559698
1554296725 628271
1554296725 665202
1554296725 716975
1554296725 789282
1554296725 818123
1554296725 847673
1554296725 880730
1554296725 933524
1554296725 954817
1554296726 50689
1554296726 71324
1554296726 112792
1554296726 183598
1554296726 188699
1554296726 236097
1554296726 290420
1554296726 369343
1554296726 379154
1554296726 459532
1554296726 472393
1554296726 488968
1554296726 552669
1554296726 606279
1554296726 678397
1554296726 696363
1554296726 711715
1554296726 781337
1554296726 818305
1554296726 873271
1554296726 877344
1554296726 918422
1554296726 970157
1554296727 46829
1554296727 104847
1554296727 157683
1554296727 216277
1554296727 280469
1554296727 285459
1554296727 332162
1554296727 368393
1554296727 417074
1554296727 468207
1554296727 510645
1554296727 532875
1554296727 580002
1554296727 633808
1554296727 691556
1554296727 733142
1554296727 788091
1554296727 830481
1554296727 854416
1554296727 919342
1554296727 960646
1554296728 25523
1554296728 89323
1554296728 106920
1554296728 128136
1554296728 174582
1554296728 245804
1554296728 288175
1554296728 350508
1554296728 382928
1554296728 425244
1554296728 455220
1554296728 500994
1554296728 551790
1554296728 602555
1554296728 650534
1554296728 697405
1554296728 754592
1554296728 807801
1554296728 810660
1554296728 829806
1554296728 912537
1554296728 972321
1554296728 993110
1554296729 9454
1554296729 70771
1554296729 128131
1554296729 175532
1554296729 231702
1554296729 254995
1554296729 314037
1554296729 326928
1554296729 376480
1554296729 442945
1554296729 511961
1554296729 553167
1554296729 556578
1554296729 621268
1554296729 660788
1554296729 710803
1554296729 750109
1554296729 793446
1554296729 833405
1554296729 875806
1554296729 968737
1554296730 35539
1554296730 48649
1554296730 80539
1554296730 114294
1554296730 207583
1554296730 273671
1554296730 276931
1554296730 278399
1554296730 349989
1554296730 391214
1554296730 468085
1554296730 508560
1554296730 512085
1554296730 560454
1554296730 614350
1554296730 691446
1554296730 718550
1554296730 751092
1554296730 826597
1554296730 883062
1554296730 884453
1554296730 928795
1554296730 988810
1554296731 32869
1554296731 109813
1554296731 158712
1554296731 176356
1554296731 230603
1554296731 261339
1554296731 319644
1554296731 377741
1554296731 438253
1554296731 482294
1554296731 505192
1554296731 528973
1554296731 584507
1554296731 628905
1554296731 690658
1554296731 751204
1554296731 824549
1554296731 848689
1554296731 849468
1554296731 910872
1554296732 48813
1554296732 105422
1554296732 117433
1554296732 220040
1554296732 229573
1554296732 279393
1554296732 282765
1554296732 292569
1554296732 347271
1554296732 379803
1554296732 464393
1554296732 501175
1554296732 519092
1554296732 537799
1554296732 588440
1554296732 642240
1554296732 715040
1554296732 751550
1554296732 810275
1554296732 882010
1554296732 919774
1554296732 982856
1554296732 991631
1554296733 60440
1554296733 64260
1554296733 133407
1554296733 212585
1554296733 224073
1554296733 251573
1554296733 311389
1554296733 329977
1554296733 383087
1554296733 428337
1554296733 445774
1554296733 511777
1554296733 561980
1554296733 618806
1554296733 671247
1554296733 718851
1554296733 752544
1554296733 816266
1554296733 836822
1554296733 899165
1554296733 966105
1554296733 998162
1554296734 66547
1554296734 155098
1554296734 182400
1554296734 194556
1554296734 224817
1554296734 262022
1554296734 342415
1554296734 424629
1554296734 428444
1554296734 514315
1554296734 533106
1554296734 544500
1554296734 596692
1554296734 646592
1554296734 700970
1554296734 771550
1554296734 785007
1554296734 822499
1554296734 861754
1554296734 922804
1554296734 965015
1554296735 54795
1554296735 69289
1554296735 102646
1554296735 148885
1554296735 229586
