1554296689 803456
1554296689 870358
1554296689 906529
1554296689 928116
1554296689 943710
1554296690 332
1554296690 72135
1554296690 110029
1554296690 132644
1554296690 194073
1554296690 307200
1554296690 357054
1554296690 410150
1554296690 460700
1554296690 510841
1554296690 546171
1554296690 559975
1554296690 642655
1554296690 682792
1554296690 721398
1554296690 800983
1554296690 804661
1554296690 837015
1554296690 929595
1554296691 48236
1554296691 53987
1554296691 60782
1554296691 66399
1554296691 119788
1554296691 174898
1554296691 219546
1554296691 304519
1554296691 323093
1554296691 373591
1554296691 390442
1554296691 488807
1554296691 533565
1554296691 552149
1554296691 578555
1554296691 634177
1554296691 639136
1554296691 762425
1554296691 772674
1554296691 784594
1554296691 843180
1554296691 941285
1554296691 992622
1554296692 19605
1554296692 47039
1554296692 65299
1554296692 146210
1554296692 195317
1554296692 253236
1554296692 263244
1554296692 319474
1554296692 373788
1554296692 435232
1554296692 446518
1554296692 452601
1554296692 526642
1554296692 594595
1554296692 642329
1554296692 712947
1554296692 755544
1554296692 756945
1554296692 814951
1554296692 871545
1554296692 891801
1554296692 952469
1554296693 33786
1554296693 93519
1554296693 148673
1554296693 163217
1554296693 184635
1554296693 252794
1554296693 269323
1554296693 270679
1554296693 344521
1554296693 389173
1554296693 437335
1554296693 442399
1554296693 503011
1554296693 562661
1554296693 633523
1554296693 686818
1554296693 702800
1554296693 712295
1554296693 796828
1554296693 896456
1554296693 956077
1554296693 981694
1554296694 9374
1554296694 25289
1554296694 37140
1554296694 94698
1554296694 116179
1554296694 166241
1554296694 213655
1554296694 282206
1554296694 335223
1554296694 357000
1554296694 421096
1554296694 461241
1554296694 496961
1554296694 553518
1554296694 631715
1554296694 655802
1554296694 686737
1554296694 721160
1554296694 785224
1554296694 788691
1554296694 860980
1554296694 915109
1554296694 952802
1554296695 1449
1554296695 53039
1554296695 102420
1554296695 145674
1554296695 174526
1554296695 225059
1554296695 266234
1554296695 310778
1554296695 343583
1554296695 376165
1554296695 424552
1554296695 482429
1554296695 554065
1554296695 572535
1554296695 641064
1554296695 652684
1554296695 742240
1554296695 798714
1554296695 837052
1554296695 857184
1554296695 928591
1554296695 966665
1554296696 38862
1554296696 44349
1554296696 51713
1554296696 94466
1554296696 138911
1554296696 192739
1554296696 242129
1554296696 278899
1554296696 376563
1554296696 382399
1554296696 399799
1554296696 505013
1554296696 514796
1554296696 586057
1554296696 602838
1554296696 638548
1554296696 714669
1554296696 726207
1554296696 778657
1554296696 828909
1554296696 906198
1554296696 954719
1554296696 968406
1554296696 971335
1554296697 77774
1554296697 86164
1554296697 117512
1554296697 176988
1554296697 209960
1554296697 271007
1554296697 274659
1554296697 345047
1554296697 392416
1554296697 439081
1554296697 484907
1554296697 527512
1554296697 586625
1554296697 667399
1554296697 688828
1554296697 694701
1554296697 758923
1554296697 791995
1554296697 876685
1554296697 924942
1554296698 9775
1554296698 38856
1554296698 107600
1554296698 145668
1554296698 225291
1554296698 243062
1554296698 286169
1554296698 293767
1554296698 348600
1554296698 411047
1554296698 449797
1554296698 494540
1554296698 537372
1554296698 576368
1554296698 628575
1554296698 646122
1554296698 709720
1554296698 763932
1554296698 805633
1554296698 877665
1554296698 926958
1554296698 930337
1554296699 1243
1554296699 116910
1554296699 175248
1554296699 215023
1554296699 216602
1554296699 217418
1554296699 231735
1554296699 315035
1554296699 366924
1554296699 381091
1554296699 434868
1554296699 487747
1554296699 499369
1554296699 586570
1554296699 612583
1554296699 660365
1554296699 669976
1554296699 746850
1554296699 751187
1554296699 798625
1554296699 864877
1554296699 916169
1554296699 981000
1554296700 13282
1554296700 46615
1554296700 101015
1554296700 114189
1554296700 214309
1554296700 268075
1554296700 347335
1554296700 360044
1554296700 374233
1554296700 376042
1554296700 438718
1554296700 507535
1554296700 522620
1554296700 551182
1554296700 601360
1554296700 653981
1554296700 736595
1554296700 829448
1554296700 852563
1554296700 861648
1554296700 891596
1554296700 946189
1554296701 533
1554296701 81279
1554296701 94985
1554296701 148291
1554296701 203240
1554296701 227405
1554296701 358157
1554296701 375338
1554296701 382689
1554296701 398566
1554296701 458548
1554296701 506178
1554296701 547478
1554296701 614182
1554296701 635679
1554296701 694816
1554296701 749588
1554296701 782617
1554296701 798637
1554296701 871543
1554296701 917962
1554296701 990432
1554296702 48728
1554296702 87953
1554296702 118946
1554296702 134001
1554296702 173639
1554296702 209655
1554296702 273079
1554296702 308345
1554296702 390665
1554296702 397625
1554296702 467034
1554296702 485634
1554296702 534039
1554296702 548049
1554296702 611036
1554296702 642661
1554296702 726003
1554296702 802764
1554296702 889358
1554296702 900705
1554296702 935634
1554296702 936758
1554296703 44303
1554296703 62550
1554296703 83037
1554296703 97639
1554296703 170368
1554296703 221335
1554296703 284644
1554296703 322851
1554296703 360853
1554296703 411927
1554296703 460239
1554296703 523710
1554296703 588594
1554296703 596768
1554296703 604501
1554296703 660358
1554296703 720821
1554296703 756688
1554296703 788559
1554296703 822258
1554296703 882287
1554296703 997707
1554296704 29023
1554296704 84638
1554296704 101411
1554296704 151325
1554296704 199594
1554296704 212578
1554296704 308937
1554296704 360081
1554296704 399917
1554296704 453724
1554296704 476971
1554296704 573572
1554296704 581221
1554296704 597553
1554296704 636701
1554296704 680782
1554296704 716529
1554296704 799560
1554296704 868894
1554296704 910637
1554296704 953706
1554296704 955575
1554296705 52731
1554296705 82341
1554296705 102505
1554296705 142106
1554296705 200271
1554296705 250095
1554296705 304719
1554296705 318188
1554296705 369156
1554296705 415798
1554296705 458644
1554296705 509530
1554296705 597154
1554296705 608373
1554296705 671765
1554296705 734659
1554296705 779752
1554296705 839795
1554296705 862652
1554296705 863454
1554296705 954732
1554296706 22541
1554296706 42319
1554296706 57747
1554296706 124284
1554296706 190193
1554296706 190981
1554296706 214828
1554296706 274655
1554296706 323132
1554296706 407585
1554296706 454519
1554296706 501696
1554296706 509661
1554296706 584955
1554296706 585740
1554296706 599036
1554296706 655541
1554296706 698983
1554296706 765030
1554296706 844183
1554296706 919482
1554296706 926206
1554296706 927040
1554296706 982054
1554296707 49428
1554296707 87424
1554296707 158806
1554296707 175435
1554296707 261338
1554296707 266944
1554296707 304419
1554296707 390877
1554296707 444494
1554296707 454442
1554296707 483278
1554296707 533705
1554296707 627385
1554296707 671499
1554296707 733546
1554296707 751660
1554296707 753757
1554296707 792983
1554296707 854986
1554296707 873476
1554296708 12462
1554296708 31219
1554296708 67016
1554296708 126735
1554296708 140560
1554296708 192216
1554296708 263423
1554296708 267600
1554296708 284239
1554296708 332913
1554296708 386620
1554296708 420611
1554296708 494502
1554296708 527136
1554296708 566550
1554296708 608596
1554296708 664306
1554296708 712975
1554296708 786696
1554296708 806197
1554296708 824451
1554296708 876381
1554296708 942568
1554296709 24251
1554296709 36740
1554296709 57697
1554296709 115683
1554296709 169118
1554296709 213681
1554296709 282411
1554296709 340828
1554296709 353735
1554296709 414205
1554296709 468259
1554296709 529022
1554296709 556181
1554296709 603574
1554296709 650471
1554296709 730904
1554296709 748392
1554296709 754259
1554296709 807661
1554296709 856243
1554296709 922030
1554296709 974631
1554296710 8212
1554296710 48485
1554296710 97677
1554296710 153523
1554296710 186481
1554296710 219789
1554296710 278343
1554296710 333582
1554296710 344603
1554296710 406114
1554296710 436153
1554296710 488058
1554296710 549089
1554296710 592822
1554296710 638962
1554296710 692799
1554296710 722751
1554296710 748057
1554296710 810065
1554296710 856732
1554296710 892267
1554296710 947634
1554296711 52347
1554296711 75223
1554296711 142799
1554296711 147041
1554296711 175099
1554296711 225243
1554296711 285484
1554296711 362356
1554296711 407421
1554296711 410597
1554296711 464761
1554296711 503976
1554296711 557543
1554296711 635146
1554296711 652989
1554296711 678469
1554296711 708019
1554296711 768674
1554296711 812700
1554296711 905801
1554296711 976131
1554296711 984288
1554296711 985137
1554296712 58850
1554296712 114461
1554296712 153726
1554296712 221169
1554296712 264581
1554296712 322099
1554296712 394274
1554296712 412710
1554296712 436657
1554296712 477593
1554296712 545559
1554296712 588309
1554296712 655597
1554296712 694819
1554296712 698640
1554296712 742541
1554296712 802654
1554296712 854381
1554296712 955044
1554296713 2325
1554296713 3177
1554296713 41425
1554296713 95577
1554296713 181364
1554296713 198584
1554296713 199406
1554296713 261179
1554296713 310495
1554296713 359060
1554296713 406283
1554296713 457110
1554296713 537268
1554296713 588812
1554296713 590131
1554296713 689035
1554296713 746058
1554296713 815562
1554296713 861614
1554296713 899567
1554296713 903209
1554296713 931368
1554296713 945442
1554296713 965635
1554296714 27030
1554296714 89758
1554296714 172921
1554296714 185510
1554296714 199458
1554296714 277761
1554296714 349668
1554296714 369354
1554296714 385646
1554296714 432229
1554296714 495121
1554296714 542483
1554296714 592165
1554296714 664047
1554296714 695040
1554296714 736840
1554296714 749699
1554296714 855454
1554296714 880739
1554296714 920168
1554296714 978395
1554296714 990436
1554296715 17561
1554296715 56226
1554296715 129305
1554296715 187494
1554296715 212786
1554296715 262025
1554296715 278561
1554296715 346541
1554296715 400752
1554296715 416685
1554296715 477412
1554296715 508463
1554296715 560312
1554296715 615338
1554296715 670146
1554296715 689130
1554296715 725163
1554296715 796688
1554296715 852338
1554296715 869531
1554296715 926371
1554296715 947961
1554296716 24822
1554296716 52154
1554296716 110708
1554296716 168626
1554296716 255597
1554296716 300302
1554296716 343668
1554296716 344847
1554296716 391343
1554296716 431793
1554296716 470782
1554296716 521801
1554296716 572666
1554296716 591102
1554296716 652608
1554296716 704692
1554296716 737590
1554296716 758696
1554296716 849237
1554296716 941004
1554296716 969662
1554296716 997988
1554296717 18559
1554296717 100701
1554296717 112921
1554296717 141479
1554296717 191357
1554296717 248574
1554296717 304796
1554296717 340548
1554296717 374444
1554296717 418694
1554296717 467761
1554296717 536606
1554296717 593306
1554296717 647612
1554296717 663076
1554296717 704572
1554296717 752358
1554296717 868702
1554296717 909437
1554296717 910637
1554296717 912394
1554296717 979532
1554296718 10300
1554296718 110255
1554296718 139486
1554296718 161082
1554296718 181939
1554296718 242002
1554296718 282193
1554296718 299289
1554296718 351555
1554296718 393706
1554296718 454698
1554296718 533565
1554296718 554109
1554296718 628243
1554296718 654906
1554296718 705586
1554296718 711673
1554296718 751242
1554296718 808824
1554296718 852580
1554296718 912989
1554296718 937475
1554296718 983600
1554296719 65420
1554296719 92539
1554296719 132928
1554296719 154756
1554296719 221031
1554296719 288911
1554296719 293622
1554296719 334250
1554296719 415176
1554296719 462410
1554296719 528263
1554296719 544937
1554296719 591487
1554296719 663518
1554296719 683664
1554296719 734715
1554296719 744542
1554296719 826741
1554296719 914502
1554296719 964998
1554296719 970461
1554296720 53384
1554296720 96093
1554296720 149538
1554296720 261010
1554296720 283915
1554296720 288969
1554296720 293483
1554296720 294719
1554296720 343603
1554296720 385021
1554296720 430121
1554296720 475465
1554296720 540506
1554296720 582448
1554296720 636687
1554296720 675941
1554296720 750167
1554296720 784773
1554296720 808891
1554296720 851656
1554296720 923004
1554296721 5089
1554296721 36104
1554296721 36922
1554296721 101072
1554296721 127187
1554296721 206938
1554296721 261269
1554296721 312984
1554296721 345167
1554296721 394536
1554296721 513364
1554296721 570865
1554296721 585043
1554296721 595156
1554296721 612769
1554296721 686775
1554296721 699647
1554296721 717208
1554296721 779676
1554296721 830451
1554296721 893310
1554296721 964367
1554296721 967147
1554296722 26687
1554296722 90192
1554296722 105271
1554296722 140877
1554296722 190324
1554296722 252070
1554296722 306765
1554296722 379652
1554296722 385186
1554296722 433366
1554296722 490917
1554296722 501713
1554296722 594746
1554296722 649765
1554296722 663588
1554296722 673667
1554296722 738353
1554296722 814351
1554296722 838584
1554296722 928866
1554296722 944673
1554296723 35403
1554296723 38499
1554296723 100450
1554296723 133412
1554296723 223157
1554296723 234383
1554296723 243881
1554296723 312109
1554296723 392032
1554296723 426351
1554296723 445291
1554296723 460580
1554296723 530656
1554296723 571266
1554296723 651508
1554296723 664740
1554296723 716212
1554296723 753381
1554296723 826429
1554296723 835500
1554296723 850912
1554296723 918520
1554296723 967636
1554296724 16328
1554296724 23451
1554296724 91763
1554296724 149798
1554296724 193792
1554296724 273289
1554296724 336002
1554296724 387039
1554296724 406694
1554296724 467580
1554296724 477796
1554296724 498791
1554296724 545350
1554296724 618172
1554296724 645586
1554296724 715624
1554296724 738032
1554296724 778347
1554296724 806894
1554296724 860370
1554296724 910590
1554296725 34893
1554296725 38067
1554296725 58213
1554296725 79460
1554296725 140391
1554296725 198797
1554296725 206979
1554296725 274105
1554296725 311779
1554296725 372912
1554296725 405612
1554296725 440455
1554296725 505533
1554296725 563648
1554296725 571265
1554296725 618233
1554296725 649789
1554296725 718464
1554296725 793223
1554296725 824460
1554296725 846824
1554296725 899778
1554296725 976321
1554296726 29605
1554296726 87719
1554296726 100561
1554296726 179184
1554296726 180484
1554296726 181363
1554296726 255038
1554296726 293648
1554296726 336596
1554296726 422875
1554296726 440669
1554296726 460175
1554296726 516603
1554296726 556630
1554296726 608595
1554296726 627525
1554296726 658779
1554296726 715322
1554296726 759718
1554296726 827088
1554296726 900190
1554296726 912254
1554296726 995591
1554296727 64914
1554296727 78293
1554296727 86292
1554296727 150454
1554296727 212031
1554296727 296071
1554296727 296936
1554296727 308747
1554296727 358764
1554296727 432282
1554296727 496889
1554296727 516280
1554296727 590298
1554296727 623506
1554296727 627105
1554296727 690230
1554296727 737119
1554296727 786599
1554296727 828916
1554296727 877262
1554296727 967192
1554296727 987112
1554296728 39691
1554296728 80008
1554296728 117208
1554296728 186937
1554296728 202342
1554296728 240266
1554296728 297008
1554296728 340478
1554296728 355988
1554296728 391685
1554296728 452089
1554296728 508172
1554296728 552893
1554296728 599134
1554296728 634104
1554296728 677605
1554296728 714111
1554296728 758343
1554296728 847354
1554296728 863247
1554296728 927488
1554296729 31682
1554296729 37546
1554296729 40785
1554296729 68475
1554296729 122309
1554296729 171377
1554296729 214721
1554296729 263367
1554296729 347428
1554296729 382177
1554296729 402206
1554296729 448352
1554296729 537554
1554296729 547483
1554296729 571126
1554296729 608289
1554296729 656099
1554296729 702841
1554296729 741662
1554296729 798621
1554296729 850988
1554296729 863424
1554296729 940929
1554296729 955979
1554296730 8408
1554296730 75546
1554296730 111775
1554296730 173561
1554296730 242527
1554296730 289527
1554296730 296741
1554296730 354113
1554296730 372351
1554296730 457432
1554296730 474201
1554296730 531158
1554296730 575050
1554296730 618155
1554296730 651536
1554296730 682572
1554296730 740449
1554296730 785686
1554296730 840204
1554296730 919703
1554296730 937114
1554296730 958769
1554296730 982264
1554296731 93959
1554296731 170643
1554296731 229370
1554296731 235511
1554296731 250700
1554296731 340573
1554296731 370635
1554296731 418617
1554296731 474254
1554296731 535054
1554296731 580258
1554296731 619008
1554296731 662102
1554296731 705538
1554296731 717377
1554296731 792698
1554296731 878278
1554296731 885329
1554296731 932305
1554296732 18285
1554296732 33562
1554296732 53075
1554296732 93785
1554296732 142226
1554296732 172729
1554296732 210308
1554296732 269052
1554296732 318519
1554296732 361055
1554296732 425125
1554296732 429228
1554296732 480408
1554296732 541690
1554296732 591781
1554296732 633456
1554296732 696376
1554296732 758275
1554296732 792480
1554296732 883060
1554296732 884195
1554296732 962818
1554296732 973519
1554296733 11585
1554296733 53709
1554296733 130966
1554296733 211524
1554296733 217522
1554296733 266495
1554296733 275724
1554296733 343330
1554296733 412216
1554296733 472897
1554296733 484476
1554296733 506917
1554296733 553123
1554296733 601101
1554296733 661034
1554296733 702652
1554296733 782664
1554296733 819633
1554296733 838964
1554296733 930286
1554296734 747
1554296734 26542
1554296734 30774
1554296734 100070
1554296734 143140
1554296734 231483
1554296734 243559
1554296734 256098
1554296734 317785
1554296734 384421
1554296734 406310
1554296734 469228
1554296734 509524
1554296734 555773
1554296734 614962
1554296734 631172
1554296734 682196
1554296734 758280
1554296734 794763
1554296734 817232
1554296734 910994
1554296734 935793
1554296734 992981
1554296735 66259
1554296735 77924
1554296735 87280
1554296735 220691
1554296735 225114
