1554296689 810291
1554296689 882174
1554296689 886348
1554296689 955027
1554296690 31271
1554296690 41375
1554296690 116301
1554296690 146499
1554296690 170267
1554296690 219502
1554296690 311238
1554296690 363301
1554296690 451462
1554296690 483384
1554296690 498512
1554296690 554655
1554296690 600266
1554296690 644272
1554296690 720345
1554296690 722947
1554296690 809049
1554296690 831168
1554296690 871385
1554296690 944914
1554296691 8780
1554296691 14661
1554296691 50411
1554296691 98759
1554296691 167091
1554296691 191335
1554296691 235679
1554296691 283309
1554296691 329645
1554296691 362949
1554296691 380007
1554296691 451586
1554296691 519164
1554296691 557097
1554296691 561144
1554296691 614149
1554296691 641978
1554296691 714451
1554296691 768733
1554296691 818585
1554296691 841204
1554296691 935414
1554296691 966814
1554296691 972114
1554296692 43485
1554296692 82211
1554296692 139618
1554296692 182172
1554296692 207768
1554296692 229017
1554296692 291189
1554296692 334398
1554296692 386215
1554296692 408999
1554296692 472213
1554296692 524425
1554296692 571262
1554296692 624648
1554296692 680311
1554296692 723592
1554296692 772398
1554296692 784282
1554296692 865680
1554296692 886582
1554296692 942398
1554296693 2300
1554296693 25217
1554296693 56496
1554296693 123552
1554296693 170567
1554296693 214631
1554296693 248863
1554296693 300657
1554296693 352849
1554296693 374134
1554296693 461654
1554296693 470717
1554296693 530694
1554296693 596702
1554296693 599680
1554296693 670857
1554296693 684706
1554296693 726848
1554296693 758680
1554296693 815146
1554296693 895021
1554296693 959706
1554296694 15001
1554296694 54976
1554296694 57456
1554296694 130486
1554296694 151140
1554296694 223165
1554296694 237303
1554296694 303196
1554296694 371420
1554296694 377503
1554296694 423544
1554296694 463004
1554296694 516133
1554296694 588934
1554296694 612321
1554296694 616068
1554296694 689541
1554296694 714283
1554296694 752168
1554296694 809598
1554296694 851596
1554296694 891258
1554296694 936019
1554296695 14807
1554296695 88572
1554296695 91736
1554296695 134036
1554296695 158482
1554296695 213688
1554296695 257605
1554296695 316753
1554296695 390658
1554296695 436821
1554296695 447540
1554296695 517140
1554296695 535345
1554296695 560680
1554296695 603145
1554296695 654733
1554296695 732564
1554296695 734022
1554296695 794165
1554296695 866572
1554296695 877057
1554296695 985696
1554296696 73113
1554296696 106573
1554296696 114355
1554296696 115262
1554296696 153629
1554296696 204651
1554296696 267059
1554296696 324584
1554296696 336638
1554296696 378691
1554296696 395152
1554296696 487987
1554296696 518903
1554296696 523291
1554296696 584685
1554296696 654543
1554296696 692483
1554296696 702831
1554296696 746917
1554296696 802888
1554296696 890339
1554296696 930457
1554296696 951616
1554296696 987563
1554296697 36744
1554296697 112504
1554296697 148205
1554296697 184339
1554296697 218766
1554296697 226206
1554296697 330079
1554296697 386596
1554296697 396773
1554296697 450469
1554296697 496752
1554296697 509583
1554296697 592124
1554296697 630986
1554296697 679413
1554296697 723382
1554296697 778223
1554296697 807694
1554296697 856335
1554296697 952860
1554296698 8334
1554296698 27609
1554296698 76592
1554296698 147645
1554296698 202994
1554296698 218800
1554296698 276174
1554296698 318563
1554296698 371377
1554296698 441307
1554296698 507424
1554296698 550105
1554296698 608583
1554296698 680154
1554296698 711205
1554296698 716664
1554296698 717531
1554296698 764971
1554296698 803360
1554296698 906155
1554296698 953339
1554296699 17118
1554296699 25517
1554296699 26614
1554296699 117604
1554296699 150803
1554296699 172447
1554296699 206973
1554296699 235632
1554296699 296109
1554296699 346382
1554296699 373770
1554296699 419322
1554296699 466003
1554296699 539024
1554296699 590569
1554296699 651018
1554296699 658972
1554296699 667153
1554296699 770846
1554296699 787196
1554296699 799653
1554296699 870737
1554296699 920774
1554296699 964863
1554296700 9400
1554296700 20966
1554296700 92495
1554296700 122580
1554296700 208292
1554296700 236531
1554296700 237567
1554296700 279797
1554296700 357341
1554296700 393298
1554296700 436266
1554296700 480565
1554296700 511557
1554296700 547600
1554296700 608011
1554296700 651366
1554296700 698931
1554296700 763708
1554296700 785168
1554296700 874568
1554296700 875423
1554296700 979939
1554296701 3006
1554296701 96317
1554296701 102619
1554296701 112356
1554296701 181330
1554296701 238805
1554296701 290650
1554296701 356679
1554296701 375803
1554296701 427663
1554296701 462494
1554296701 480779
1554296701 540842
1554296701 618044
1554296701 649357
1554296701 731952
1554296701 743081
1554296701 756972
1554296701 830367
1554296701 894688
1554296701 974665
1554296702 20688
1554296702 66767
1554296702 94858
1554296702 132395
1554296702 136633
1554296702 226822
1554296702 237470
1554296702 271689
1554296702 317154
1554296702 383593
1554296702 400259
1554296702 444118
1554296702 493708
1554296702 532513
1554296702 569157
1554296702 619463
1554296702 654649
1554296702 737732
1554296702 790649
1554296702 812482
1554296702 886918
1554296702 909029
1554296702 958384
1554296703 22713
1554296703 74094
1554296703 103742
1554296703 148415
1554296703 181380
1554296703 273697
1554296703 308439
1554296703 325780
1554296703 371234
1554296703 417253
1554296703 427284
1554296703 499514
1554296703 583688
1554296703 640734
1554296703 669191
1554296703 688436
1554296703 732897
1554296703 838707
1554296703 859345
1554296703 913609
1554296703 951952
1554296703 978687
1554296704 5092
1554296704 86001
1554296704 98953
1554296704 138796
1554296704 162387
1554296704 232394
1554296704 295651
1554296704 353215
1554296704 379209
1554296704 446681
1554296704 493514
1554296704 526821
1554296704 560247
1554296704 596436
1554296704 655766
1554296704 725264
1554296704 749986
1554296704 791186
1554296704 842762
1554296704 887563
1554296704 978431
1554296705 23240
1554296705 25423
1554296705 118169
1554296705 138645
1554296705 163618
1554296705 211060
1554296705 258946
1554296705 282342
1554296705 327214
1554296705 370577
1554296705 419322
1554296705 471492
1554296705 487635
1554296705 545652
1554296705 591253
1554296705 658072
1554296705 675399
1554296705 770383
1554296705 816907
1554296705 841459
1554296705 903210
1554296705 985116
1554296705 991395
1554296706 9427
1554296706 65697
1554296706 93497
1554296706 144001
1554296706 219191
1554296706 225769
1554296706 272763
1554296706 329935
1554296706 396820
1554296706 411636
1554296706 458331
1554296706 480550
1554296706 578892
1554296706 622089
1554296706 676994
1554296706 729761
1554296706 739616
1554296706 864291
1554296706 900738
1554296706 901537
1554296706 910090
1554296706 952558
1554296707 16613
1554296707 52857
1554296707 75490
1554296707 208620
1554296707 226959
1554296707 232496
1554296707 239332
1554296707 312455
1554296707 366463
1554296707 377689
1554296707 447001
1554296707 492230
1554296707 559390
1554296707 580793
1554296707 618927
1554296707 666750
1554296707 684508
1554296707 758476
1554296707 798539
1554296707 819635
1554296707 898379
1554296707 973706
1554296707 984827
1554296708 19439
1554296708 56513
1554296708 113261
1554296708 170781
1554296708 233330
1554296708 251686
1554296708 293738
1554296708 336066
1554296708 392398
1554296708 436309
1554296708 486542
1554296708 573774
1554296708 586745
1554296708 606116
1554296708 676574
1554296708 747348
1554296708 776581
1554296708 796303
1554296708 907938
1554296708 996546
1554296709 16621
1554296709 35566
1554296709 38165
1554296709 76554
1554296709 108020
1554296709 156145
1554296709 225599
1554296709 280078
1554296709 320623
1554296709 366335
1554296709 428336
1554296709 476384
1554296709 522558
1554296709 561168
1554296709 618633
1554296709 691473
1554296709 728865
1554296709 743367
1554296709 783299
1554296709 840230
1554296709 891267
1554296709 971544
1554296709 975702
1554296710 28562
1554296710 63654
1554296710 94600
1554296710 159584
1554296710 193132
1554296710 235674
1554296710 289438
1554296710 338236
1554296710 359450
1554296710 415355
1554296710 440632
1554296710 506482
1554296710 545811
1554296710 585175
1554296710 636084
1554296710 707788
1554296710 714197
1554296710 770359
1554296710 786636
1554296710 949179
1554296710 956656
1554296711 55448
1554296711 64989
1554296711 130203
1554296711 140896
1554296711 141735
1554296711 209482
1554296711 236567
1554296711 287611
1554296711 371424
1554296711 416491
1554296711 426603
1554296711 448215
1554296711 515264
1554296711 560213
1554296711 633686
1554296711 650080
1554296711 735474
1554296711 745417
1554296711 759399
1554296711 850535
1554296711 925529
1554296711 926901
1554296711 942061
1554296712 5556
1554296712 54970
1554296712 104459
1554296712 156992
1554296712 212307
1554296712 261449
1554296712 315096
1554296712 364467
1554296712 414399
1554296712 425970
1554296712 483039
1554296712 526085
1554296712 602077
1554296712 636066
1554296712 681992
1554296712 689736
1554296712 755732
1554296712 807264
1554296712 861565
1554296712 865718
1554296712 990996
1554296713 22382
1554296713 27776
1554296713 61054
1554296713 108247
1554296713 171926
1554296713 212761
1554296713 275192
1554296713 318302
1554296713 372244
1554296713 440631
1554296713 460308
1554296713 518880
1554296713 542746
1554296713 568371
1554296713 636245
1554296713 670407
1554296713 704569
1554296713 775180
1554296713 797541
1554296713 875696
1554296713 940127
1554296714 57304
1554296714 80158
1554296714 84232
1554296714 121324
1554296714 137720
1554296714 167439
1554296714 224061
1554296714 264224
1554296714 328452
1554296714 329565
1554296714 396308
1554296714 439434
1554296714 486313
1554296714 547331
1554296714 622061
1554296714 682900
1554296714 690445
1554296714 719410
1554296714 775423
1554296714 845753
1554296714 917110
1554296714 939120
1554296714 965190
1554296715 9728
1554296715 25715
1554296715 71537
1554296715 132594
1554296715 171528
1554296715 239651
1554296715 296606
1554296715 307955
1554296715 359748
1554296715 418703
1554296715 519726
1554296715 530244
1554296715 543754
1554296715 590628
1554296715 600836
1554296715 690385
1554296715 748102
1554296715 801971
1554296715 812613
1554296715 823066
1554296715 905798
1554296715 980040
1554296715 991689
1554296716 12279
1554296716 79652
1554296716 107799
1554296716 177043
1554296716 186105
1554296716 273237
1554296716 278556
1554296716 320006
1554296716 390168
1554296716 459707
1554296716 477424
1554296716 489615
1554296716 547681
1554296716 608762
1554296716 679023
1554296716 698021
1554296716 708993
1554296716 772555
1554296716 820984
1554296716 886229
1554296716 914205
1554296716 929296
1554296717 22225
1554296717 99602
1554296717 101721
1554296717 189326
1554296717 209272
1554296717 252771
1554296717 339501
1554296717 375100
1554296717 385735
1554296717 438380
1554296717 479473
1554296717 519403
1554296717 613316
1554296717 632109
1554296717 652364
1554296717 700172
1554296717 760148
1554296717 835047
1554296717 890974
1554296717 903019
1554296717 905480
1554296717 978120
1554296718 54890
1554296718 64263
1554296718 119738
1554296718 145755
1554296718 192451
1554296718 260923
1554296718 308379
1554296718 344367
1554296718 367656
1554296718 418594
1554296718 473544
1554296718 489294
1554296718 531648
1554296718 591382
1554296718 622324
1554296718 707765
1554296718 720247
1554296718 781133
1554296718 791449
1554296718 881284
1554296718 970563
1554296719 14130
1554296719 69298
1554296719 121081
1554296719 187462
1554296719 262233
1554296719 266762
1554296719 297731
1554296719 301108
1554296719 302269
1554296719 354389
1554296719 391328
1554296719 479131
1554296719 521411
1554296719 567026
1554296719 628879
1554296719 629689
1554296719 653705
1554296719 696748
1554296719 756121
1554296719 812285
1554296719 860405
1554296719 891482
1554296719 985379
1554296720 32018
1554296720 50932
1554296720 67568
1554296720 137299
1554296720 194971
1554296720 201397
1554296720 314766
1554296720 321428
1554296720 353195
1554296720 440577
1554296720 502043
1554296720 536762
1554296720 551093
1554296720 604803
1554296720 617035
1554296720 659235
1554296720 727767
1554296720 788536
1554296720 792041
1554296720 855758
1554296720 894116
1554296721 10835
1554296721 25600
1554296721 31770
1554296721 95453
1554296721 155067
1554296721 194151
1554296721 244658
1554296721 274061
1554296721 328436
1554296721 383189
1554296721 427674
1554296721 508124
1554296721 567008
1554296721 582161
1554296721 632305
1554296721 653688
1554296721 708100
1554296721 732671
1554296721 824196
1554296721 857088
1554296721 931962
1554296721 972659
1554296721 992053
1554296722 35471
1554296722 55183
1554296722 103737
1554296722 195135
1554296722 215421
1554296722 258113
1554296722 297597
1554296722 317975
1554296722 374543
1554296722 422452
1554296722 474585
1554296722 531146
1554296722 588269
1554296722 643620
1554296722 664805
1554296722 692548
1554296722 741303
1554296722 791726
1554296722 863573
1554296722 916158
1554296722 935554
1554296722 971811
1554296723 47787
1554296723 94539
1554296723 127916
1554296723 217182
1554296723 268213
1554296723 276124
1554296723 339384
1554296723 442746
1554296723 489615
1554296723 543192
1554296723 556630
1554296723 557572
1554296723 577673
1554296723 644639
1554296723 668590
1554296723 690912
1554296723 736754
1554296723 796737
1554296723 869224
1554296723 882894
1554296723 937465
1554296724 14544
1554296724 18994
1554296724 27010
1554296724 90414
1554296724 150928
1554296724 224741
1554296724 232880
1554296724 250355
1554296724 311788
1554296724 357803
1554296724 398601
1554296724 434015
1554296724 497491
1554296724 556688
1554296724 596349
1554296724 668730
1554296724 700028
1554296724 787595
1554296724 792376
1554296724 868448
1554296724 871809
1554296724 946629
1554296724 998101
1554296724 998877
1554296725 47526
1554296725 110164
1554296725 145606
1554296725 220569
1554296725 234533
1554296725 344541
1554296725 365608
1554296725 369030
1554296725 416650
1554296725 466632
1554296725 479380
1554296725 574720
1554296725 627190
1554296725 638316
1554296725 677255
1554296725 720071
1554296725 798519
1554296725 861194
1554296725 888420
1554296725 889517
1554296725 938502
1554296725 966618
1554296726 36683
1554296726 103523
1554296726 132098
1554296726 141665
1554296726 178367
1554296726 257490
1554296726 312136
1554296726 401007
1554296726 418405
1554296726 439674
1554296726 478038
1554296726 526201
1554296726 581511
1554296726 635763
1554296726 648709
1554296726 734612
1554296726 748333
1554296726 755558
1554296726 841107
1554296726 865712
1554296726 989563
1554296727 13480
1554296727 20274
1554296727 21111
1554296727 118305
1554296727 151403
1554296727 210291
1554296727 249127
1554296727 327607
1554296727 340795
1554296727 381111
1554296727 391002
1554296727 494826
1554296727 566653
1554296727 574216
1554296727 661459
1554296727 670424
1554296727 680820
1554296727 739508
1554296727 780966
1554296727 853085
1554296727 856322
1554296727 927752
1554296727 957668
1554296728 8261
1554296728 54238
1554296728 156093
1554296728 196832
1554296728 256684
1554296728 268917
1554296728 295517
1554296728 328694
1554296728 400682
1554296728 456926
1554296728 463156
1554296728 518120
1554296728 574164
1554296728 591008
1554296728 646248
1554296728 663318
1554296728 717732
1554296728 770070
1554296728 812252
1554296728 837909
1554296728 883019
1554296728 938390
1554296728 958349
1554296729 74281
1554296729 97545
1554296729 112013
1554296729 191565
1554296729 251180
1554296729 281976
1554296729 305393
1554296729 367308
1554296729 380513
1554296729 460265
1554296729 476509
1554296729 558539
1554296729 562174
1554296729 615363
1554296729 663697
1554296729 727490
1554296729 756392
1554296729 782813
1554296729 837765
1554296729 870791
1554296729 943485
1554296729 981748
1554296730 13366
1554296730 54672
1554296730 120276
1554296730 201377
1554296730 222562
1554296730 271224
1554296730 322590
1554296730 336570
1554296730 409639
1554296730 431604
1554296730 529055
1554296730 534239
1554296730 549290
1554296730 660188
1554296730 701035
1554296730 716524
1554296730 747755
1554296730 795688
1554296730 873665
1554296730 894787
1554296730 941571
1554296730 969390
1554296731 63544
1554296731 82191
1554296731 117622
1554296731 177730
1554296731 227245
1554296731 254368
1554296731 305513
1554296731 360965
1554296731 420790
1554296731 467195
1554296731 519034
1554296731 572836
1554296731 617362
1554296731 642208
1554296731 719212
1554296731 772199
1554296731 833455
1554296731 884334
1554296731 915509
1554296731 936972
1554296731 962172
1554296732 66228
1554296732 109704
1554296732 180748
1554296732 213596
1554296732 218264
1554296732 255267
1554296732 262675
1554296732 329925
1554296732 357287
1554296732 440010
1554296732 492289
1554296732 544255
1554296732 555141
1554296732 570528
1554296732 630163
1554296732 706033
1554296732 755399
1554296732 777213
1554296732 838227
1554296732 886195
1554296732 951127
1554296733 24847
1554296733 40250
1554296733 43672
1554296733 114099
1554296733 166331
1554296733 236346
1554296733 253699
1554296733 274636
1554296733 340100
1554296733 390448
1554296733 455581
1554296733 464968
1554296733 491227
1554296733 552107
1554296733 593403
1554296733 642474
1554296733 697716
1554296733 772107
1554296733 798304
1554296733 852690
1554296733 906306
1554296733 954913
1554296734 10998
1554296734 54482
1554296734 116453
1554296734 189644
1554296734 200746
1554296734 231739
1554296734 278682
1554296734 326859
1554296734 346964
1554296734 451777
1554296734 466115
1554296734 518606
1554296734 554880
1554296734 614100
1554296734 658985
1554296734 698323
1554296734 811731
1554296734 830413
1554296734 831238
1554296734 867584
1554296734 945083
1554296734 955701
1554296734 985482
1554296735 36963
1554296735 114425
1554296735 152084
1554296735 231479
