1554296689 806837
1554296689 901105
1554296689 922655
1554296690 13810
1554296690 34893
1554296690 43118
1554296690 107562
1554296690 151063
1554296690 172644
1554296690 218357
1554296690 312642
1554296690 364465
1554296690 414631
1554296690 480683
1554296690 494231
1554296690 517512
1554296690 570686
1554296690 630651
1554296690 712407
1554296690 734735
1554296690 821401
1554296690 853292
1554296690 862001
1554296690 930561
1554296690 954645
1554296690 980695
1554296691 6758
1554296691 124451
1554296691 125550
1554296691 189153
1554296691 223282
1554296691 246621
1554296691 332103
1554296691 370712
1554296691 420530
1554296691 492674
1554296691 524975
1554296691 575143
1554296691 633295
1554296691 699618
1554296691 718971
1554296691 726138
1554296691 727105
1554296691 792465
1554296691 855660
1554296691 869723
1554296691 903570
1554296691 962290
1554296692 32684
1554296692 68448
1554296692 115538
1554296692 219535
1554296692 264449
1554296692 312962
1554296692 369744
1554296692 421176
1554296692 437732
1554296692 450555
1554296692 451433
1554296692 514611
1554296692 573663
1554296692 628097
1554296692 688888
1554296692 720584
1554296692 802748
1554296692 821287
1554296692 900081
1554296692 926898
1554296692 928677
1554296693 13125
1554296693 27537
1554296693 83635
1554296693 145108
1554296693 160758
1554296693 182373
1554296693 246241
1554296693 296578
1554296693 342227
1554296693 382378
1554296693 453524
1554296693 454998
1554296693 524642
1554296693 581247
1554296693 603268
1554296693 638742
1554296693 704232
1554296693 710996
1554296693 790059
1554296693 846214
1554296693 869088
1554296693 901672
1554296693 932513
1554296694 6902
1554296694 64110
1554296694 72354
1554296694 176069
1554296694 204742
1554296694 295246
1554296694 311779
1554296694 326802
1554296694 359774
1554296694 400352
1554296694 454769
1554296694 503759
1554296694 570450
1554296694 640560
1554296694 672803
1554296694 673625
1554296694 797247
1554296694 814041
1554296694 870651
1554296694 921407
1554296694 945997
1554296694 964334
1554296694 996560
1554296695 51012
1554296695 97162
1554296695 176608
1554296695 187642
1554296695 243025
1554296695 276668
1554296695 349544
1554296695 411635
1554296695 451436
1554296695 454541
1554296695 506506
1554296695 563190
1554296695 576398
1554296695 636708
1554296695 676940
1554296695 746798
1554296695 773745
1554296695 774616
1554296695 873794
1554296695 926044
1554296695 926930
1554296695 965567
1554296696 64778
1554296696 65640
1554296696 86619
1554296696 131984
1554296696 234025
1554296696 246636
1554296696 316096
1554296696 332128
1554296696 350891
1554296696 404087
1554296696 480941
1554296696 503399
1554296696 604208
1554296696 615508
1554296696 623030
1554296696 724788
1554296696 783536
1554296696 807125
1554296696 819124
1554296696 866088
1554296696 943159
1554296696 996106
1554296697 8421
1554296697 63100
1554296697 84962
1554296697 171767
1554296697 185614
1554296697 194531
1554296697 264800
1554296697 307993
1554296697 314585
1554296697 364423
1554296697 427086
1554296697 471356
1554296697 520145
1554296697 595481
1554296697 641128
1554296697 712044
1554296697 713569
1554296697 785241
1554296697 827478
1554296697 903212
1554296697 963584
1554296698 14279
1554296698 59483
1554296698 109782
1554296698 166346
1554296698 291559
1554296698 294928
1554296698 296418
1554296698 306103
1554296698 356871
1554296698 418519
1554296698 430309
1554296698 474904
1554296698 540358
1554296698 578551
1554296698 631199
1554296698 713033
1554296698 734600
1554296698 775348
1554296698 881176
1554296698 900460
1554296698 959542
1554296698 997740
1554296699 9726
1554296699 24542
1554296699 40680
1554296699 106098
1554296699 140705
1554296699 202638
1554296699 250292
1554296699 338040
1554296699 341320
1554296699 385315
1554296699 431328
1554296699 490600
1554296699 589000
1554296699 616752
1554296699 641075
1554296699 649679
1554296699 693635
1554296699 737272
1554296699 818802
1554296699 826338
1554296699 842103
1554296699 905484
1554296699 932638
1554296699 990334
1554296700 28281
1554296700 79343
1554296700 133143
1554296700 179969
1554296700 216246
1554296700 232146
1554296700 326296
1554296700 329692
1554296700 386800
1554296700 429781
1554296700 451998
1554296700 496101
1554296700 562426
1554296700 596746
1554296700 659476
1554296700 721151
1554296700 746908
1554296700 809017
1554296700 812434
1554296700 893222
1554296701 21936
1554296701 42933
1554296701 77492
1554296701 91548
1554296701 152292
1554296701 208312
1554296701 228375
1554296701 302240
1554296701 339505
1554296701 342779
1554296701 388129
1554296701 449235
1554296701 496607
1554296701 549596
1554296701 619453
1554296701 674099
1554296701 728127
1554296701 739149
1554296701 788610
1554296701 805933
1554296701 888706
1554296701 991781
1554296702 13381
1554296702 63117
1554296702 130486
1554296702 168677
1554296702 204569
1554296702 205480
1554296702 227324
1554296702 250060
1554296702 336463
1554296702 403151
1554296702 411003
1554296702 427232
1554296702 488941
1554296702 520063
1554296702 580180
1554296702 629016
1554296702 635674
1554296702 722061
1554296702 787116
1554296702 811249
1554296702 855631
1554296702 886766
1554296702 934583
1554296702 976080
1554296703 58536
1554296703 120377
1554296703 140451
1554296703 200004
1554296703 232495
1554296703 296757
1554296703 312746
1554296703 340521
1554296703 388741
1554296703 454950
1554296703 503106
1554296703 520440
1554296703 609550
1554296703 612963
1554296703 652169
1554296703 702193
1554296703 758846
1554296703 812558
1554296703 843465
1554296703 904767
1554296703 975124
1554296703 992394
1554296704 42130
1554296704 76276
1554296704 117456
1554296704 180420
1554296704 223011
1554296704 280034
1554296704 338243
1554296704 405381
1554296704 452797
1554296704 519204
1554296704 523372
1554296704 610772
1554296704 613195
1554296704 647534
1554296704 724027
1554296704 748553
1554296704 808401
1554296704 862041
1554296704 901653
1554296704 976128
1554296705 16062
1554296705 20279
1554296705 73558
1554296705 111236
1554296705 138566
1554296705 191559
1554296705 254536
1554296705 329207
1554296705 351787
1554296705 359359
1554296705 421804
1554296705 493293
1554296705 551596
1554296705 602808
1554296705 662754
1554296705 682284
1554296705 693017
1554296705 773723
1554296705 792968
1554296705 814338
1554296705 943532
1554296705 962689
1554296706 56152
1554296706 74723
1554296706 114761
1554296706 129096
1554296706 184691
1554296706 193000
1554296706 210738
1554296706 264752
1554296706 350071
1554296706 410583
1554296706 466229
1554296706 512251
1554296706 618915
1554296706 632854
1554296706 646066
1554296706 646917
1554296706 669636
1554296706 705111
1554296706 766379
1554296706 820556
1554296706 823644
1554296706 879951
1554296706 930932
1554296706 994585
1554296707 11196
1554296707 78775
1554296707 143970
1554296707 183989
1554296707 258430
1554296707 262234
1554296707 345241
1554296707 364951
1554296707 443164
1554296707 463793
1554296707 510590
1554296707 583770
1554296707 587413
1554296707 610988
1554296707 664624
1554296707 712756
1554296707 792278
1554296707 807057
1554296707 818491
1554296707 896741
1554296708 7635
1554296708 20485
1554296708 83792
1554296708 118441
1554296708 119304
1554296708 182235
1554296708 220200
1554296708 246650
1554296708 302333
1554296708 338414
1554296708 394498
1554296708 445310
1554296708 515193
1554296708 530640
1554296708 548018
1554296708 612251
1554296708 687709
1554296708 784141
1554296708 858930
1554296708 865455
1554296708 866503
1554296708 867402
1554296708 933534
1554296709 13563
1554296709 48807
1554296709 84252
1554296709 143177
1554296709 182393
1554296709 195246
1554296709 287721
1554296709 338708
1554296709 370329
1554296709 437935
1554296709 531368
1554296709 533654
1554296709 534592
1554296709 608351
1554296709 647753
1554296709 724458
1554296709 767097
1554296709 771256
1554296709 834451
1554296709 892418
1554296710 13521
1554296710 27317
1554296710 36819
1554296710 37642
1554296710 102162
1554296710 179091
1554296710 225258
1554296710 228468
1554296710 297172
1554296710 317667
1554296710 375208
1554296710 395654
1554296710 428672
1554296710 521328
1554296710 570956
1554296710 603314
1554296710 674542
1554296710 688811
1554296710 697552
1554296710 756512
1554296710 805521
1554296710 859000
1554296710 982142
1554296711 34638
1554296711 37960
1554296711 82328
1554296711 125152
1554296711 155625
1554296711 186214
1554296711 221781
1554296711 282443
1554296711 364343
1554296711 379503
1554296711 435966
1554296711 475613
1554296711 493608
1554296711 580556
1554296711 605730
1554296711 637060
1554296711 667638
1554296711 720062
1554296711 764681
1554296711 815755
1554296711 899683
1554296711 953691
1554296711 994940
1554296711 995749
1554296712 44931
1554296712 116716
1554296712 155581
1554296712 210513
1554296712 269182
1554296712 313740
1554296712 370808
1554296712 433602
1554296712 453085
1554296712 502138
1554296712 540427
1554296712 598301
1554296712 599115
1554296712 660689
1554296712 716979
1554296712 767179
1554296712 809503
1554296712 883681
1554296712 901262
1554296712 957942
1554296712 981143
1554296713 45061
1554296713 89588
1554296713 169126
1554296713 218354
1554296713 230410
1554296713 280529
1554296713 295552
1554296713 386471
1554296713 435063
1554296713 533409
1554296713 574506
1554296713 578347
1554296713 598776
1554296713 650729
1554296713 677419
1554296713 730181
1554296713 799632
1554296713 846390
1554296713 849570
1554296713 892785
1554296713 947603
1554296714 14802
1554296714 69507
1554296714 75525
1554296714 104831
1554296714 158217
1554296714 225180
1554296714 317279
1554296714 406267
1554296714 407128
1554296714 413621
1554296714 458335
1554296714 504977
1554296714 540203
1554296714 614640
1554296714 640936
1554296714 696437
1554296714 730282
1554296714 792358
1554296714 812200
1554296714 897434
1554296714 962988
1554296714 982962
1554296714 989226
1554296715 40764
1554296715 61782
1554296715 102129
1554296715 164667
1554296715 223378
1554296715 298894
1554296715 310873
1554296715 333636
1554296715 413678
1554296715 469029
1554296715 527510
1554296715 583182
1554296715 629267
1554296715 659767
1554296715 686016
1554296715 704964
1554296715 741545
1554296715 770520
1554296715 839204
1554296715 887728
1554296715 935343
1554296716 7180
1554296716 23420
1554296716 73258
1554296716 123581
1554296716 137421
1554296716 201388
1554296716 286908
1554296716 337472
1554296716 338803
1554296716 408541
1554296716 466789
1554296716 492664
1554296716 496716
1554296716 543668
1554296716 606883
1554296716 655394
1554296716 726320
1554296716 783534
1554296716 788130
1554296716 794126
1554296716 944323
1554296717 10236
1554296717 38388
1554296717 60100
1554296717 88614
1554296717 118288
1554296717 153371
1554296717 207096
1554296717 260934
1554296717 307513
1554296717 349421
1554296717 360559
1554296717 422051
1554296717 462185
1554296717 511764
1554296717 570699
1554296717 642331
1554296717 706333
1554296717 711354
1554296717 719348
1554296717 833197
1554296717 846414
1554296717 878456
1554296717 902727
1554296717 965299
1554296718 41124
1554296718 109281
1554296718 127536
1554296718 131404
1554296718 188997
1554296718 239655
1554296718 314318
1554296718 369510
1554296718 422173
1554296718 433711
1554296718 481459
1554296718 537259
1554296718 586544
1554296718 608652
1554296718 623372
1554296718 681443
1554296718 728279
1554296718 754376
1554296718 810445
1554296718 866524
1554296718 924678
1554296718 981127
1554296719 51246
1554296719 59719
1554296719 90377
1554296719 108214
1554296719 148105
1554296719 222218
1554296719 306725
1554296719 315051
1554296719 326124
1554296719 393435
1554296719 475376
1554296719 490293
1554296719 562579
1554296719 582070
1554296719 633498
1554296719 690789
1554296719 711199
1554296719 769459
1554296719 825245
1554296719 856543
1554296719 889470
1554296719 911312
1554296719 982377
1554296720 28578
1554296720 82564
1554296720 151663
1554296720 183459
1554296720 262109
1554296720 349454
1554296720 365011
1554296720 369511
1554296720 414248
1554296720 464599
1554296720 473318
1554296720 528364
1554296720 579289
1554296720 631958
1554296720 672230
1554296720 725361
1554296720 744480
1554296720 782588
1554296720 828059
1554296720 899171
1554296720 948804
1554296720 966265
1554296721 42498
1554296721 121088
1554296721 134274
1554296721 214403
1554296721 255752
1554296721 289111
1554296721 354907
1554296721 364605
1554296721 461221
1554296721 525217
1554296721 546496
1554296721 550217
1554296721 613748
1554296721 660221
1554296721 734276
1554296721 741315
1554296721 814503
1554296721 832157
1554296721 937386
1554296721 941207
1554296721 969387
1554296722 27934
1554296722 96661
1554296722 163152
1554296722 175671
1554296722 186443
1554296722 262031
1554296722 305431
1554296722 344446
1554296722 362207
1554296722 420178
1554296722 464501
1554296722 528021
1554296722 574958
1554296722 618134
1554296722 662462
1554296722 704593
1554296722 762401
1554296722 875619
1554296722 897366
1554296722 903788
1554296722 904855
1554296722 965007
1554296723 16702
1554296723 90283
1554296723 143173
1554296723 182445
1554296723 208502
1554296723 264111
1554296723 314263
1554296723 377680
1554296723 410896
1554296723 447646
1554296723 457729
1554296723 531982
1554296723 580366
1554296723 617792
1554296723 630285
1554296723 710090
1554296723 725395
1554296723 837731
1554296723 884334
1554296723 899112
1554296723 911561
1554296723 983095
1554296724 36477
1554296724 54968
1554296724 92529
1554296724 148660
1554296724 197332
1554296724 263733
1554296724 277608
1554296724 343243
1554296724 412529
1554296724 446669
1554296724 453789
1554296724 513144
1554296724 550101
1554296724 616503
1554296724 638063
1554296724 707251
1554296724 750425
1554296724 820543
1554296724 837380
1554296724 930215
1554296724 949726
1554296724 973754
1554296725 11111
1554296725 67006
1554296725 105070
1554296725 143307
1554296725 186559
1554296725 250644
1554296725 268151
1554296725 345575
1554296725 370640
1554296725 420078
1554296725 447341
1554296725 524727
1554296725 577349
1554296725 587515
1554296725 623676
1554296725 660119
1554296725 699908
1554296725 759244
1554296725 850291
1554296725 914971
1554296725 932335
1554296725 940327
1554296726 27674
1554296726 48399
1554296726 60295
1554296726 138124
1554296726 206468
1554296726 222507
1554296726 237099
1554296726 309345
1554296726 329739
1554296726 407652
1554296726 424513
1554296726 448594
1554296726 492711
1554296726 541601
1554296726 592148
1554296726 676611
1554296726 690129
1554296726 708589
1554296726 776939
1554296726 807740
1554296726 857774
1554296726 940108
1554296727 5657
1554296727 27154
1554296727 54127
1554296727 75969
1554296727 139768
1554296727 192409
1554296727 235750
1554296727 299567
1554296727 326101
1554296727 365509
1554296727 418190
1554296727 475684
1554296727 546481
1554296727 606493
1554296727 646419
1554296727 649016
1554296727 702626
1554296727 807329
1554296727 822532
1554296727 831413
1554296727 885428
1554296727 917249
1554296727 977469
1554296728 28257
1554296728 70637
1554296728 139650
1554296728 167499
1554296728 189702
1554296728 232868
1554296728 298979
1554296728 330727
1554296728 394385
1554296728 413803
1554296728 449550
1554296728 499953
1554296728 546772
1554296728 625209
1554296728 641119
1554296728 692948
1554296728 741182
1554296728 794281
1554296728 816690
1554296728 873515
1554296728 879096
1554296728 974326
1554296729 33001
1554296729 38636
1554296729 61749
1554296729 116792
1554296729 179088
1554296729 222693
1554296729 270217
1554296729 336375
1554296729 338157
1554296729 421557
1554296729 438127
1554296729 495607
1554296729 567372
1554296729 609524
1554296729 611722
1554296729 667078
1554296729 732143
1554296729 754636
1554296729 792931
1554296729 830246
1554296729 873286
1554296729 914241
1554296729 960045
1554296730 12168
1554296730 71755
1554296730 135620
1554296730 164066
1554296730 260115
1554296730 281399
1554296730 313759
1554296730 334725
1554296730 393476
1554296730 470622
1554296730 520642
1554296730 541955
1554296730 579234
1554296730 589608
1554296730 699240
1554296730 755429
1554296730 760340
1554296730 841221
1554296730 849039
1554296730 860956
1554296730 906856
1554296730 976447
1554296731 38532
1554296731 114924
1554296731 131245
1554296731 162448
1554296731 216465
1554296731 266535
1554296731 322435
1554296731 363620
1554296731 424184
1554296731 498180
1554296731 512553
1554296731 532640
1554296731 588609
1554296731 631133
1554296731 692927
1554296731 763676
1554296731 820273
1554296731 839406
1554296731 864209
1554296731 908604
1554296732 19770
1554296732 54422
1554296732 78754
1554296732 79755
1554296732 155384
1554296732 159482
1554296732 205655
1554296732 273568
1554296732 304778
1554296732 381171
1554296732 402609
1554296732 441319
1554296732 476315
1554296732 562868
1554296732 597722
1554296732 665708
1554296732 717787
1554296732 738179
1554296732 811647
1554296732 844524
1554296732 914370
1554296732 964057
1554296732 992120
1554296733 19199
1554296733 70230
1554296733 134548
1554296733 156187
1554296733 201085
1554296733 291584
1554296733 306854
1554296733 325694
1554296733 380658
1554296733 396378
1554296733 440824
1554296733 493381
1554296733 538846
1554296733 596476
1554296733 665119
1554296733 705741
1554296733 757991
1554296733 840125
1554296733 843654
1554296733 932496
1554296733 956117
1554296734 16335
1554296734 46378
1554296734 92379
1554296734 136062
1554296734 221137
1554296734 247121
1554296734 270382
1554296734 372692
1554296734 376347
1554296734 402728
1554296734 474583
1554296734 512332
1554296734 527260
1554296734 592565
1554296734 639625
1554296734 712013
1554296734 761346
1554296734 779716
1554296734 804436
1554296734 846709
1554296734 917733
1554296734 958038
1554296735 38406
1554296735 42724
1554296735 108454
1554296735 156225
1554296735 195649
