1554296689 828073
1554296689 857613
1554296689 926160
1554296689 929325
1554296689 989211
1554296690 42843
1554296690 64156
1554296690 91314
1554296690 173798
1554296690 206428
1554296690 302238
1554296690 354875
1554296690 402526
1554296690 425136
1554296690 472212
1554296690 520649
1554296690 581404
1554296690 627749
1554296690 674559
1554296690 738592
1554296690 742152
1554296690 812204
1554296690 844259
1554296690 972608
1554296691 29372
1554296691 39746
1554296691 72483
1554296691 73323
1554296691 141610
1554296691 187381
1554296691 234547
1554296691 243162
1554296691 302705
1554296691 346835
1554296691 409534
1554296691 453999
1554296691 524354
1554296691 543910
1554296691 567176
1554296691 606466
1554296691 664764
1554296691 676942
1554296691 748658
1554296691 782160
1554296691 862102
1554296691 906544
1554296691 912081
1554296691 958616
1554296692 21975
1554296692 71795
1554296692 125483
1554296692 210787
1554296692 236723
1554296692 245806
1554296692 294367
1554296692 355251
1554296692 394268
1554296692 423974
1554296692 461806
1554296692 529357
1554296692 565106
1554296692 632266
1554296692 693677
1554296692 766026
1554296692 788683
1554296692 792379
1554296692 838613
1554296692 915675
1554296692 963288
1554296693 40909
1554296693 51081
1554296693 62169
1554296693 111608
1554296693 194495
1554296693 212534
1554296693 263591
1554296693 303588
1554296693 317236
1554296693 430526
1554296693 434294
1554296693 481401
1554296693 534648
1554296693 580081
1554296693 598662
1554296693 631138
1554296693 679736
1554296693 723636
1554296693 762176
1554296693 810568
1554296693 900467
1554296693 982437
1554296693 985688
1554296693 987688
1554296694 51993
1554296694 102548
1554296694 167711
1554296694 172367
1554296694 234755
1554296694 307719
1554296694 318907
1554296694 342984
1554296694 396417
1554296694 461158
1554296694 523198
1554296694 548273
1554296694 627257
1554296694 680665
1554296694 719061
1554296694 744512
1554296694 763011
1554296694 808309
1554296694 867358
1554296694 919278
1554296694 958513
1554296695 4519
1554296695 48237
1554296695 116823
1554296695 186414
1554296695 217284
1554296695 231352
1554296695 287206
1554296695 358395
1554296695 396294
1554296695 414813
1554296695 421704
1554296695 494605
1554296695 543736
1554296695 571065
1554296695 638302
1554296695 649418
1554296695 714367
1554296695 743374
1554296695 784314
1554296695 828542
1554296695 884727
1554296695 952721
1554296696 15611
1554296696 95611
1554296696 113031
1554296696 148300
1554296696 149163
1554296696 196094
1554296696 274440
1554296696 319336
1554296696 330744
1554296696 382965
1554296696 432870
1554296696 441812
1554296696 558110
1554296696 573597
1554296696 598497
1554296696 626446
1554296696 681305
1554296696 710410
1554296696 757054
1554296696 806152
1554296696 898657
1554296696 944451
1554296697 4833
1554296697 17241
1554296697 31095
1554296697 90888
1554296697 105747
1554296697 146340
1554296697 213713
1554296697 286547
1554296697 337525
1554296697 383592
1554296697 395720
1554296697 440582
1554296697 487196
1554296697 561270
1554296697 572981
1554296697 636710
1554296697 716776
1554296697 727164
1554296697 772049
1554296697 788370
1554296697 884999
1554296697 940059
1554296698 11496
1554296698 43376
1554296698 86282
1554296698 152516
1554296698 192964
1554296698 265456
1554296698 312937
1554296698 324675
1554296698 360551
1554296698 454334
1554296698 467973
1554296698 491005
1554296698 529983
1554296698 586106
1554296698 626467
1554296698 672696
1554296698 696055
1554296698 750247
1554296698 808800
1554296698 860608
1554296698 907207
1554296698 957430
1554296698 965205
1554296699 28758
1554296699 98342
1554296699 169388
1554296699 186022
1554296699 192251
1554296699 229186
1554296699 292774
1554296699 339193
1554296699 358479
1554296699 400685
1554296699 469087
1554296699 510777
1554296699 552559
1554296699 576538
1554296699 629054
1554296699 691336
1554296699 777634
1554296699 806675
1554296699 830745
1554296699 940896
1554296699 959482
1554296699 968691
1554296699 984536
1554296700 29459
1554296700 68678
1554296700 126144
1554296700 170040
1554296700 245547
1554296700 258499
1554296700 333368
1554296700 338459
1554296700 381496
1554296700 441034
1554296700 509014
1554296700 524363
1554296700 556218
1554296700 611170
1554296700 674209
1554296700 732403
1554296700 745901
1554296700 760721
1554296700 803022
1554296700 858549
1554296700 934123
1554296700 998958
1554296701 37437
1554296701 97702
1554296701 141071
1554296701 199645
1554296701 226499
1554296701 325473
1554296701 368316
1554296701 429605
1554296701 470866
1554296701 520994
1554296701 581461
1554296701 610029
1554296701 632781
1554296701 646986
1554296701 696782
1554296701 739089
1554296701 789511
1554296701 806875
1554296701 900003
1554296702 18866
1554296702 30218
1554296702 35736
1554296702 108653
1554296702 128789
1554296702 135004
1554296702 148772
1554296702 222700
1554296702 270251
1554296702 318554
1554296702 375201
1554296702 379389
1554296702 435688
1554296702 483099
1554296702 513211
1554296702 552517
1554296702 602154
1554296702 646209
1554296702 728530
1554296702 767293
1554296702 808912
1554296702 859456
1554296702 872421
1554296702 920099
1554296702 990066
1554296703 36396
1554296703 123360
1554296703 139484
1554296703 209957
1554296703 270775
1554296703 271570
1554296703 358354
1554296703 369165
1554296703 420949
1554296703 430034
1554296703 537248
1554296703 558278
1554296703 562386
1554296703 616251
1554296703 690618
1554296703 729362
1554296703 800293
1554296703 806663
1554296703 844513
1554296703 900876
1554296703 957783
1554296704 2644
1554296704 89557
1554296704 109231
1554296704 144591
1554296704 192694
1554296704 250841
1554296704 307556
1554296704 343353
1554296704 391231
1554296704 431559
1554296704 478141
1554296704 552004
1554296704 604041
1554296704 606480
1554296704 632486
1554296704 692347
1554296704 730317
1554296704 781987
1554296704 839083
1554296704 880802
1554296704 977070
1554296705 37014
1554296705 169299
1554296705 184581
1554296705 192624
1554296705 193472
1554296705 215619
1554296705 296898
1554296705 302398
1554296705 309082
1554296705 362760
1554296705 408861
1554296705 489767
1554296705 515624
1554296705 598547
1554296705 606551
1554296705 676498
1554296705 685051
1554296705 738122
1554296705 781022
1554296705 837483
1554296705 935521
1554296705 939118
1554296705 942245
1554296706 11720
1554296706 61653
1554296706 96616
1554296706 141726
1554296706 232920
1554296706 250796
1554296706 262442
1554296706 319499
1554296706 371682
1554296706 415750
1554296706 470472
1554296706 479126
1554296706 582410
1554296706 639096
1554296706 673509
1554296706 688484
1554296706 727181
1554296706 813279
1554296706 816447
1554296706 899572
1554296706 913942
1554296706 925109
1554296706 984063
1554296707 44632
1554296707 81935
1554296707 210268
1554296707 234841
1554296707 263345
1554296707 264524
1554296707 318548
1554296707 400830
1554296707 410553
1554296707 423647
1554296707 486481
1554296707 536248
1554296707 608088
1554296707 609540
1554296707 663551
1554296707 715754
1554296707 752666
1554296707 768100
1554296707 823779
1554296707 901419
1554296707 929335
1554296707 970579
1554296708 72201
1554296708 82899
1554296708 97741
1554296708 162788
1554296708 213627
1554296708 285531
1554296708 290347
1554296708 356442
1554296708 419046
1554296708 435087
1554296708 456877
1554296708 502280
1554296708 553337
1554296708 620832
1554296708 654171
1554296708 706167
1554296708 780236
1554296708 852159
1554296708 880837
1554296708 903754
1554296708 980011
1554296708 986516
1554296709 25590
1554296709 62447
1554296709 125087
1554296709 178961
1554296709 192232
1554296709 268432
1554296709 304593
1554296709 371448
1554296709 422082
1554296709 505382
1554296709 517376
1554296709 596971
1554296709 609347
1554296709 674269
1554296709 694822
1554296709 774038
1554296709 789024
1554296709 821104
1554296709 860387
1554296709 967970
1554296709 987164
1554296710 11445
1554296710 68198
1554296710 77775
1554296710 155614
1554296710 238559
1554296710 293363
1554296710 306375
1554296710 314437
1554296710 447429
1554296710 461755
1554296710 500815
1554296710 502401
1554296710 557022
1554296710 614972
1554296710 699064
1554296710 703175
1554296710 706579
1554296710 760777
1554296710 813078
1554296710 850134
1554296710 984062
1554296711 45396
1554296711 48683
1554296711 60947
1554296711 97316
1554296711 145556
1554296711 168879
1554296711 247667
1554296711 290017
1554296711 334567
1554296711 380736
1554296711 434338
1554296711 469362
1554296711 530289
1554296711 596566
1554296711 601157
1554296711 626155
1554296711 677109
1554296711 725032
1554296711 755733
1554296711 818783
1554296711 895299
1554296711 914941
1554296711 940825
1554296712 13573
1554296712 28365
1554296712 110314
1554296712 162540
1554296712 220114
1554296712 268194
1554296712 328669
1554296712 361147
1554296712 446906
1554296712 459322
1554296712 474392
1554296712 548849
1554296712 579968
1554296712 657604
1554296712 701090
1554296712 705762
1554296712 741507
1554296712 817435
1554296712 822442
1554296712 892433
1554296712 916639
1554296713 28970
1554296713 38921
1554296713 93692
1554296713 131142
1554296713 147964
1554296713 204246
1554296713 252867
1554296713 303934
1554296713 382634
1554296713 400189
1554296713 463686
1554296713 508474
1554296713 522629
1554296713 571306
1554296713 638348
1554296713 700341
1554296713 732535
1554296713 780242
1554296713 870639
1554296713 979397
1554296714 29972
1554296714 35375
1554296714 36352
1554296714 37138
1554296714 108142
1554296714 171933
1554296714 190116
1554296714 200478
1554296714 282469
1554296714 301361
1554296714 373188
1554296714 423399
1554296714 453011
1554296714 500541
1554296714 537554
1554296714 589787
1554296714 626166
1554296714 668675
1554296714 733063
1554296714 772223
1554296714 819694
1554296714 869109
1554296714 910064
1554296714 942371
1554296715 18921
1554296715 42869
1554296715 76780
1554296715 109249
1554296715 169101
1554296715 225737
1554296715 293320
1554296715 351474
1554296715 357482
1554296715 423693
1554296715 443549
1554296715 453723
1554296715 500416
1554296715 551504
1554296715 612767
1554296715 696462
1554296715 710723
1554296715 737810
1554296715 790795
1554296715 850085
1554296715 899999
1554296715 930124
1554296716 16597
1554296716 32276
1554296716 58727
1554296716 103999
1554296716 162749
1554296716 208868
1554296716 280754
1554296716 292832
1554296716 342529
1554296716 381896
1554296716 429636
1554296716 450165
1554296716 500554
1554296716 544846
1554296716 603676
1554296716 673019
1554296716 732739
1554296716 748959
1554296716 760642
1554296716 839140
1554296716 953711
1554296716 974096
1554296717 16856
1554296717 29120
1554296717 56759
1554296717 92661
1554296717 133402
1554296717 182370
1554296717 219782
1554296717 337029
1554296717 351160
1554296717 361956
1554296717 413669
1554296717 477414
1554296717 528672
1554296717 581762
1554296717 602501
1554296717 653345
1554296717 691679
1554296717 745988
1554296717 793684
1554296717 825680
1554296717 924584
1554296717 930656
1554296717 981169
1554296718 59791
1554296718 99548
1554296718 118188
1554296718 172083
1554296718 208249
1554296718 252368
1554296718 310098
1554296718 327299
1554296718 383084
1554296718 407491
1554296718 464548
1554296718 499087
1554296718 582591
1554296718 603950
1554296718 612595
1554296718 689456
1554296718 731674
1554296718 778440
1554296718 785570
1554296718 870695
1554296718 906060
1554296718 937270
1554296719 40282
1554296719 61510
1554296719 82363
1554296719 175736
1554296719 193540
1554296719 260676
1554296719 264831
1554296719 305394
1554296719 346571
1554296719 388217
1554296719 466225
1554296719 523468
1554296719 553562
1554296719 613554
1554296719 627674
1554296719 666241
1554296719 703704
1554296719 765811
1554296719 799547
1554296719 853399
1554296719 894773
1554296719 980296
1554296720 44805
1554296720 100112
1554296720 156756
1554296720 176486
1554296720 177325
1554296720 275226
1554296720 303775
1554296720 341420
1554296720 356231
1554296720 442390
1554296720 459539
1554296720 504678
1554296720 532757
1554296720 590426
1554296720 624417
1554296720 673478
1554296720 731989
1554296720 795191
1554296720 843005
1554296720 846624
1554296720 886348
1554296720 946026
1554296720 974715
1554296721 40518
1554296721 142579
1554296721 160209
1554296721 220899
1554296721 257061
1554296721 301728
1554296721 346998
1554296721 365515
1554296721 475398
1554296721 514631
1554296721 529732
1554296721 575285
1554296721 628628
1554296721 682021
1554296721 702271
1554296721 714818
1554296721 783471
1554296721 812684
1554296721 924389
1554296721 965419
1554296721 978775
1554296722 70180
1554296722 103684
1554296722 116571
1554296722 154289
1554296722 212220
1554296722 253489
1554296722 268245
1554296722 325968
1554296722 365515
1554296722 421306
1554296722 456607
1554296722 512455
1554296722 572410
1554296722 635779
1554296722 654773
1554296722 705523
1554296722 757567
1554296722 873405
1554296722 943530
1554296723 45222
1554296723 58004
1554296723 72235
1554296723 74640
1554296723 75448
1554296723 140597
1554296723 175531
1554296723 219025
1554296723 266537
1554296723 302605
1554296723 374218
1554296723 394808
1554296723 439030
1554296723 478649
1554296723 517659
1554296723 596821
1554296723 616617
1554296723 672051
1554296723 708691
1554296723 757397
1554296723 804399
1554296723 829667
1554296723 852205
1554296723 917453
1554296723 957198
1554296724 53094
1554296724 71259
1554296724 113308
1554296724 153655
1554296724 166080
1554296724 265542
1554296724 317171
1554296724 326399
1554296724 403334
1554296724 466437
1554296724 476579
1554296724 483430
1554296724 536489
1554296724 598708
1554296724 634646
1554296724 688127
1554296724 798446
1554296724 830501
1554296724 937299
1554296724 990347
1554296725 54577
1554296725 98775
1554296725 102588
1554296725 103422
1554296725 115661
1554296725 166479
1554296725 189669
1554296725 237392
1554296725 304801
1554296725 309356
1554296725 337643
1554296725 380699
1554296725 434681
1554296725 508582
1554296725 578575
1554296725 599721
1554296725 634648
1554296725 678555
1554296725 688666
1554296725 773050
1554296725 781231
1554296725 859336
1554296725 907387
1554296725 981462
1554296726 40822
1554296726 59027
1554296726 98287
1554296726 159481
1554296726 166481
1554296726 177046
1554296726 245974
1554296726 278130
1554296726 340777
1554296726 346277
1554296726 392279
1554296726 447574
1554296726 499987
1554296726 548172
1554296726 595671
1554296726 665697
1554296726 679402
1554296726 736326
1554296726 753948
1554296726 838111
1554296726 905247
1554296726 908556
1554296726 925071
1554296727 1431
1554296727 66769
1554296727 117717
1554296727 143679
1554296727 190324
1554296727 237983
1554296727 257577
1554296727 312018
1554296727 352195
1554296727 421000
1554296727 489371
1554296727 542194
1554296727 558669
1554296727 591282
1554296727 637717
1554296727 674565
1554296727 744973
1554296727 809956
1554296727 826646
1554296727 881947
1554296727 939060
1554296727 971427
1554296728 14794
1554296728 62061
1554296728 112457
1554296728 181590
1554296728 198913
1554296728 218652
1554296728 274898
1554296728 338236
1554296728 407396
1554296728 427331
1554296728 440149
1554296728 496860
1554296728 555642
1554296728 593067
1554296728 672277
1554296728 726571
1554296728 745381
1554296728 776959
1554296728 819324
1554296728 865181
1554296728 899215
1554296728 944950
1554296729 20380
1554296729 35748
1554296729 69394
1554296729 131544
1554296729 161425
1554296729 221653
1554296729 294508
1554296729 345397
1554296729 398175
1554296729 420050
1554296729 461652
1554296729 479494
1554296729 507269
1554296729 545393
1554296729 594721
1554296729 671257
1554296729 745414
1554296729 753534
1554296729 767352
1554296729 824291
1554296729 880419
1554296729 928677
1554296730 22019
1554296730 28095
1554296730 41256
1554296730 109527
1554296730 199796
1554296730 226838
1554296730 240136
1554296730 309397
1554296730 356709
1554296730 396216
1554296730 442784
1554296730 519585
1554296730 535151
1554296730 546674
1554296730 663150
1554296730 717120
1554296730 741632
1554296730 742648
1554296730 820248
1554296730 878149
1554296730 898946
1554296730 903469
1554296730 962656
1554296731 29740
1554296731 112444
1554296731 173734
1554296731 187791
1554296731 223187
1554296731 280295
1554296731 314709
1554296731 393114
1554296731 443549
1554296731 511473
1554296731 516096
1554296731 571720
1554296731 620652
1554296731 653263
1554296731 696993
1554296731 770030
1554296731 808988
1554296731 812253
1554296731 859439
1554296731 902171
1554296731 979652
1554296732 9724
1554296732 73426
1554296732 77680
1554296732 174155
1554296732 225941
1554296732 235317
1554296732 250588
1554296732 308752
1554296732 364437
1554296732 416895
1554296732 494913
1554296732 561245
1554296732 577508
1554296732 578566
1554296732 659412
1554296732 678367
1554296732 725767
1554296732 782298
1554296732 841148
1554296732 896299
1554296732 921350
1554296732 975273
1554296733 71470
1554296733 89745
1554296733 142139
1554296733 157552
1554296733 230654
1554296733 231728
1554296733 298843
1554296733 334076
1554296733 389047
1554296733 434315
1554296733 466751
1554296733 522448
1554296733 572616
1554296733 621783
1554296733 638419
1554296733 729440
1554296733 790766
1554296733 791750
1554296733 828935
1554296733 912473
1554296733 962935
1554296734 18948
1554296734 42453
1554296734 84034
1554296734 132609
1554296734 172265
1554296734 205754
1554296734 284213
1554296734 353487
1554296734 411451
1554296734 422272
1554296734 456936
1554296734 503792
1554296734 544230
1554296734 587624
1554296734 634449
1554296734 713538
1554296734 744532
1554296734 805627
1554296734 852913
1554296734 904461
1554296734 907568
1554296734 961388
1554296734 978717
1554296735 33489
1554296735 94036
1554296735 140518
1554296735 172164
