1554296689 830262
1554296689 853667
1554296689 919420
1554296689 985566
1554296689 994692
1554296690 7162
1554296690 62722
1554296690 98412
1554296690 179212
1554296690 232436
1554296690 309780
1554296690 350476
1554296690 412359
1554296690 477771
1554296690 512892
1554296690 549494
1554296690 594908
1554296690 618140
1554296690 708954
1554296690 727108
1554296690 780389
1554296690 790612
1554296690 873203
1554296690 951641
1554296691 25354
1554296691 33175
1554296691 86433
1554296691 90532
1554296691 180051
1554296691 184497
1554296691 199077
1554296691 251202
1554296691 311466
1554296691 350520
1554296691 402460
1554296691 448669
1554296691 510554
1554296691 514177
1554296691 564703
1554296691 622166
1554296691 668223
1554296691 687399
1554296691 751463
1554296691 794684
1554296691 867484
1554296691 940145
1554296691 975682
1554296691 988926
1554296692 52367
1554296692 85373
1554296692 131747
1554296692 173382
1554296692 259132
1554296692 271025
1554296692 317777
1554296692 372239
1554296692 439990
1554296692 449156
1554296692 471703
1554296692 518774
1554296692 583126
1554296692 612450
1554296692 674892
1554296692 742605
1554296692 801084
1554296692 811245
1554296692 895967
1554296692 920178
1554296692 925585
1554296692 989570
1554296693 63359
1554296693 67447
1554296693 109087
1554296693 166463
1554296693 229684
1554296693 238428
1554296693 289978
1554296693 330988
1554296693 416473
1554296693 485430
1554296693 492525
1554296693 500710
1554296693 552333
1554296693 622725
1554296693 663578
1554296693 667743
1554296693 714768
1554296693 780606
1554296693 817240
1554296693 903171
1554296693 926286
1554296694 3426
1554296694 20741
1554296694 36170
1554296694 108192
1554296694 153478
1554296694 197968
1554296694 247077
1554296694 355644
1554296694 374442
1554296694 376596
1554296694 392289
1554296694 444396
1554296694 517536
1554296694 597300
1554296694 604665
1554296694 683431
1554296694 695695
1554296694 727992
1554296694 773814
1554296694 814947
1554296694 875165
1554296694 883086
1554296694 938115
1554296694 986393
1554296695 43286
1554296695 94871
1554296695 112602
1554296695 153288
1554296695 200870
1554296695 254301
1554296695 329713
1554296695 351953
1554296695 372861
1554296695 431501
1554296695 514609
1554296695 566894
1554296695 615150
1554296695 631228
1554296695 662514
1554296695 754579
1554296695 787722
1554296695 792885
1554296695 854205
1554296695 881303
1554296695 960604
1554296695 996417
1554296695 997259
1554296696 52800
1554296696 142966
1554296696 145096
1554296696 239183
1554296696 243228
1554296696 322981
1554296696 335500
1554296696 353744
1554296696 423027
1554296696 468967
1554296696 531239
1554296696 534779
1554296696 601124
1554296696 639594
1554296696 675599
1554296696 717226
1554296696 760957
1554296696 818929
1554296696 903064
1554296696 988961
1554296696 999151
1554296697 38876
1554296697 53420
1554296697 63697
1554296697 150716
1554296697 155414
1554296697 193300
1554296697 283143
1554296697 327582
1554296697 387688
1554296697 399694
1554296697 413203
1554296697 491608
1554296697 530687
1554296697 584592
1554296697 664793
1554296697 683040
1554296697 704391
1554296697 749737
1554296697 808755
1554296697 859456
1554296697 929453
1554296697 978743
1554296698 50887
1554296698 92187
1554296698 135703
1554296698 197946
1554296698 266759
1554296698 284928
1554296698 304901
1554296698 353279
1554296698 416347
1554296698 426533
1554296698 478287
1554296698 535177
1554296698 580714
1554296698 658553
1554296698 675301
1554296698 706386
1554296698 758850
1554296698 819182
1554296698 824447
1554296698 890689
1554296698 939557
1554296698 971788
1554296699 104707
1554296699 160104
1554296699 187035
1554296699 193593
1554296699 196361
1554296699 233127
1554296699 299032
1554296699 371166
1554296699 424627
1554296699 425423
1554296699 492270
1554296699 562554
1554296699 563446
1554296699 579796
1554296699 654437
1554296699 700090
1554296699 766361
1554296699 780427
1554296699 837404
1554296699 908677
1554296699 911233
1554296699 929260
1554296699 986558
1554296700 44886
1554296700 76328
1554296700 134521
1554296700 177300
1554296700 256493
1554296700 354073
1554296700 406946
1554296700 510382
1554296700 530393
1554296700 538256
1554296700 539056
1554296700 564668
1554296700 565597
1554296700 616794
1554296700 660605
1554296700 701187
1554296700 739613
1554296700 821125
1554296700 882556
1554296700 970993
1554296700 989217
1554296700 994867
1554296701 16439
1554296701 84284
1554296701 142470
1554296701 188947
1554296701 248108
1554296701 255651
1554296701 328548
1554296701 416306
1554296701 428448
1554296701 475035
1554296701 494159
1554296701 552160
1554296701 620965
1554296701 678288
1554296701 699607
1554296701 714998
1554296701 777667
1554296701 810702
1554296701 872909
1554296701 937278
1554296701 965476
1554296702 6383
1554296702 57731
1554296702 140630
1554296702 175803
1554296702 234181
1554296702 249117
1554296702 263151
1554296702 311533
1554296702 326531
1554296702 372704
1554296702 431459
1554296702 487431
1554296702 515628
1554296702 564279
1554296702 592751
1554296702 651637
1554296702 735765
1554296702 761444
1554296702 817466
1554296702 844536
1554296702 875376
1554296702 950727
1554296703 13314
1554296703 29633
1554296703 86844
1554296703 109568
1554296703 175262
1554296703 229358
1554296703 280830
1554296703 324260
1554296703 375814
1554296703 413017
1554296703 471187
1554296703 492103
1554296703 511975
1554296703 622011
1554296703 632532
1554296703 648261
1554296703 698804
1554296703 761255
1554296703 842870
1554296703 901810
1554296703 969775
1554296704 20420
1554296704 35329
1554296704 44866
1554296704 93004
1554296704 148237
1554296704 181761
1554296704 258062
1554296704 293468
1554296704 335707
1554296704 381459
1554296704 438631
1554296704 489036
1554296704 494824
1554296704 534976
1554296704 592523
1554296704 653689
1554296704 731477
1554296704 763604
1554296704 809985
1554296704 872637
1554296704 893606
1554296704 994345
1554296705 1024
1554296705 38375
1554296705 114484
1554296705 123087
1554296705 171358
1554296705 183388
1554296705 246314
1554296705 310404
1554296705 313513
1554296705 375499
1554296705 411992
1554296705 472856
1554296705 512282
1554296705 552907
1554296705 575798
1554296705 625224
1554296705 664327
1554296705 702935
1554296705 751498
1554296705 822705
1554296705 854285
1554296705 949674
1554296706 21318
1554296706 24931
1554296706 25740
1554296706 91375
1554296706 150884
1554296706 217463
1554296706 224769
1554296706 284412
1554296706 362794
1554296706 369645
1554296706 402545
1554296706 455673
1554296706 494774
1554296706 542639
1554296706 583967
1554296706 625494
1554296706 660175
1554296706 706061
1554296706 792252
1554296706 808596
1554296706 873259
1554296706 876682
1554296706 934137
1554296707 19045
1554296707 50558
1554296707 85585
1554296707 172532
1554296707 176502
1554296707 253509
1554296707 256871
1554296707 326802
1554296707 445782
1554296707 452397
1554296707 467163
1554296707 511512
1554296707 582128
1554296707 584800
1554296707 592479
1554296707 659995
1554296707 704221
1554296707 786449
1554296707 846858
1554296707 859111
1554296707 872596
1554296707 939459
1554296707 943576
1554296708 22210
1554296708 53270
1554296708 105433
1554296708 154614
1554296708 216645
1554296708 295177
1554296708 319323
1554296708 353994
1554296708 373965
1554296708 425436
1554296708 475671
1554296708 507695
1554296708 560943
1554296708 602189
1554296708 667376
1554296708 702590
1554296708 801029
1554296708 812885
1554296708 849210
1554296708 911400
1554296708 937435
1554296709 28106
1554296709 86596
1554296709 87440
1554296709 101967
1554296709 168043
1554296709 226680
1554296709 260211
1554296709 327018
1554296709 360373
1554296709 408300
1554296709 498428
1554296709 547352
1554296709 567659
1554296709 616369
1554296709 638661
1554296709 676090
1554296709 723011
1554296709 760429
1554296709 806576
1554296709 872662
1554296709 928295
1554296710 4294
1554296710 16113
1554296710 52318
1554296710 98875
1554296710 148628
1554296710 172428
1554296710 216460
1554296710 302108
1554296710 328413
1554296710 388172
1554296710 413318
1554296710 469275
1554296710 476940
1554296710 535996
1554296710 580034
1554296710 659372
1554296710 719091
1554296710 732908
1554296710 775521
1554296710 828405
1554296710 886494
1554296710 900467
1554296710 994421
1554296711 20827
1554296711 21663
1554296711 133257
1554296711 184393
1554296711 206225
1554296711 253277
1554296711 317068
1554296711 367262
1554296711 387353
1554296711 433485
1554296711 460285
1554296711 509784
1554296711 542864
1554296711 602826
1554296711 622371
1554296711 688271
1554296711 736826
1554296711 787229
1554296711 799483
1554296711 878845
1554296711 893538
1554296711 937611
1554296711 993730
1554296712 53375
1554296712 109078
1554296712 159956
1554296712 217611
1554296712 276044
1554296712 310378
1554296712 396407
1554296712 455599
1554296712 499002
1554296712 508248
1554296712 519322
1554296712 638172
1554296712 663187
1554296712 685091
1554296712 707023
1554296712 748029
1554296712 850817
1554296712 856200
1554296712 882430
1554296712 933599
1554296712 980120
1554296713 38011
1554296713 97196
1554296713 190718
1554296713 235412
1554296713 237951
1554296713 249411
1554296713 331756
1554296713 379383
1554296713 418070
1554296713 469771
1554296713 491736
1554296713 596464
1554296713 611268
1554296713 690134
1554296713 750771
1554296713 819993
1554296713 829250
1554296713 918605
1554296713 952171
1554296714 46889
1554296714 58597
1554296714 110506
1554296714 111307
1554296714 123216
1554296714 123606
1554296714 151642
1554296714 208188
1554296714 275665
1554296714 345646
1554296714 370512
1554296714 451772
1554296714 461146
1554296714 511434
1554296714 520464
1554296714 597992
1554296714 676431
1554296714 687397
1554296714 705188
1554296714 783736
1554296714 839202
1554296714 863040
1554296714 956110
1554296714 980704
1554296715 32219
1554296715 92403
1554296715 126656
1554296715 127748
1554296715 202525
1554296715 264177
1554296715 267629
1554296715 303571
1554296715 344250
1554296715 391452
1554296715 449229
1554296715 452769
1554296715 504169
1554296715 575029
1554296715 618760
1554296715 654034
1554296715 732505
1554296715 751750
1554296715 778234
1554296715 826849
1554296715 896989
1554296715 938240
1554296716 18864
1554296716 36918
1554296716 48561
1554296716 98554
1554296716 152107
1554296716 204413
1554296716 288813
1554296716 310468
1554296716 346657
1554296716 356972
1554296716 458211
1554296716 519001
1554296716 533057
1554296716 579050
1554296716 597426
1554296716 649642
1554296716 667611
1554296716 720394
1554296716 782192
1554296716 815623
1554296716 861965
1554296716 919746
1554296716 952826
1554296717 18915
1554296717 87549
1554296717 139620
1554296717 149793
1554296717 242203
1554296717 243123
1554296717 292918
1554296717 341714
1554296717 400459
1554296717 442229
1554296717 486191
1554296717 544312
1554296717 640991
1554296717 702930
1554296717 712499
1554296717 725033
1554296717 772638
1554296717 838246
1554296717 839032
1554296717 894731
1554296717 919768
1554296717 969776
1554296718 24346
1554296718 72412
1554296718 98504
1554296718 172046
1554296718 203382
1554296718 311611
1554296718 332697
1554296718 378355
1554296718 402465
1554296718 409014
1554296718 452189
1554296718 504568
1554296718 585350
1554296718 626557
1554296718 629621
1554296718 666554
1554296718 692918
1554296718 767642
1554296718 794417
1554296718 846421
1554296718 926734
1554296718 965031
1554296719 6426
1554296719 20771
1554296719 112678
1554296719 159146
1554296719 185128
1554296719 227583
1554296719 230173
1554296719 280995
1554296719 345558
1554296719 384311
1554296719 440425
1554296719 525294
1554296719 555169
1554296719 594509
1554296719 624754
1554296719 650733
1554296719 700574
1554296719 761964
1554296719 802757
1554296719 852277
1554296719 922387
1554296719 973019
1554296719 974605
1554296720 20332
1554296720 89719
1554296720 140240
1554296720 211756
1554296720 251145
1554296720 268496
1554296720 328105
1554296720 334202
1554296720 386385
1554296720 426178
1554296720 484869
1554296720 524398
1554296720 575600
1554296720 626522
1554296720 693666
1554296720 746676
1554296720 803678
1554296720 854430
1554296720 865981
1554296720 915122
1554296720 991045
1554296720 996689
1554296721 28901
1554296721 93586
1554296721 160739
1554296721 212253
1554296721 262830
1554296721 303639
1554296721 353591
1554296721 392580
1554296721 483019
1554296721 483786
1554296721 509729
1554296721 562913
1554296721 612429
1554296721 654866
1554296721 667979
1554296721 722127
1554296721 785772
1554296721 841988
1554296721 914981
1554296721 973702
1554296721 985519
1554296722 42944
1554296722 117706
1554296722 171800
1554296722 220610
1554296722 335019
1554296722 351518
1554296722 353444
1554296722 375191
1554296722 382663
1554296722 434956
1554296722 494780
1554296722 538880
1554296722 604992
1554296722 614652
1554296722 665721
1554296722 674601
1554296722 748384
1554296722 798558
1554296722 844382
1554296722 860932
1554296722 946259
1554296722 981458
1554296723 54300
1554296723 131167
1554296723 138484
1554296723 156650
1554296723 206959
1554296723 256707
1554296723 298735
1554296723 383421
1554296723 397022
1554296723 418187
1554296723 472660
1554296723 510915
1554296723 566059
1554296723 646704
1554296723 695195
1554296723 706538
1554296723 739951
1554296723 786141
1554296723 866595
1554296723 879087
1554296723 947384
1554296723 996109
1554296724 30401
1554296724 34415
1554296724 85751
1554296724 138848
1554296724 221369
1554296724 230586
1554296724 257165
1554296724 308558
1554296724 375178
1554296724 379039
1554296724 429713
1554296724 494137
1554296724 539957
1554296724 619585
1554296724 648917
1554296724 696587
1554296724 748079
1554296724 795583
1554296724 826487
1554296724 856757
1554296724 940202
1554296725 15101
1554296725 16568
1554296725 24125
1554296725 86359
1554296725 149092
1554296725 218621
1554296725 257097
1554296725 260683
1554296725 318061
1554296725 358684
1554296725 388755
1554296725 464662
1554296725 520031
1554296725 540337
1554296725 556577
1554296725 609998
1554296725 667472
1554296725 708609
1554296725 796780
1554296725 838164
1554296725 848941
1554296725 910733
1554296725 984877
1554296725 988979
1554296726 15047
1554296726 64529
1554296726 116030
1554296726 205178
1554296726 219204
1554296726 229279
1554296726 305807
1554296726 397516
1554296726 427023
1554296726 430620
1554296726 474618
1554296726 501019
1554296726 538237
1554296726 599237
1554296726 662309
1554296726 737553
1554296726 788829
1554296726 799100
1554296726 822223
1554296726 941952
1554296726 974792
1554296726 980727
1554296726 982018
1554296727 69390
1554296727 128299
1554296727 137530
1554296727 188144
1554296727 240118
1554296727 320914
1554296727 337736
1554296727 385161
1554296727 427401
1554296727 439285
1554296727 512949
1554296727 588669
1554296727 656961
1554296727 669116
1554296727 676618
1554296727 743381
1554296727 800140
1554296727 817059
1554296727 873479
1554296727 936137
1554296727 988485
1554296728 34008
1554296728 85696
1554296728 143172
1554296728 159740
1554296728 237308
1554296728 250919
1554296728 262399
1554296728 345021
1554296728 376636
1554296728 459300
1554296728 466958
1554296728 516982
1554296728 530990
1554296728 596674
1554296728 629169
1554296728 661681
1554296728 706772
1554296728 790680
1554296728 858204
1554296728 920188
1554296728 982614
1554296728 991486
1554296728 992608
1554296729 42456
1554296729 88972
1554296729 142423
1554296729 196497
1554296729 241018
1554296729 300921
1554296729 315305
1554296729 327789
1554296729 388667
1554296729 454377
1554296729 513180
1554296729 533299
1554296729 578431
1554296729 624380
1554296729 629479
1554296729 788118
1554296729 819766
1554296729 822793
1554296729 853393
1554296729 906902
1554296729 939568
1554296729 967322
1554296730 20559
1554296730 67177
1554296730 102670
1554296730 210631
1554296730 248765
1554296730 268148
1554296730 321157
1554296730 350942
1554296730 401433
1554296730 450590
1554296730 455041
1554296730 523209
1554296730 561951
1554296730 629501
1554296730 632862
1554296730 678913
1554296730 731414
1554296730 792838
1554296730 828020
1554296730 857096
1554296730 910226
1554296730 992842
1554296731 33996
1554296731 88409
1554296731 130299
1554296731 191992
1554296731 224232
1554296731 277583
1554296731 289410
1554296731 381773
1554296731 435684
1554296731 464133
1554296731 520327
1554296731 569356
1554296731 614763
1554296731 637804
1554296731 684073
1554296731 762613
1554296731 822720
1554296731 873347
1554296731 934944
1554296731 944268
1554296731 963378
1554296732 64880
1554296732 90215
1554296732 107693
1554296732 183417
1554296732 222134
1554296732 238508
1554296732 267330
1554296732 331016
1554296732 349397
1554296732 444469
1554296732 490970
1554296732 559719
1554296732 604923
1554296732 654987
1554296732 669148
1554296732 680040
1554296732 764795
1554296732 810423
1554296732 916092
1554296732 943344
1554296732 944845
1554296732 956228
1554296733 14560
1554296733 62240
1554296733 106855
1554296733 162116
1554296733 260820
1554296733 290334
1554296733 292651
1554296733 377565
1554296733 378624
1554296733 432806
1554296733 452726
1554296733 496823
1554296733 548680
1554296733 590327
1554296733 646112
1554296733 694352
1554296733 739240
1554296733 795460
1554296733 850447
1554296733 893724
1554296733 961206
1554296733 974322
1554296734 38136
1554296734 108686
1554296734 146354
1554296734 177392
1554296734 237274
1554296734 295273
1554296734 313558
1554296734 380076
1554296734 401005
1554296734 467500
1554296734 507292
1554296734 558139
1554296734 563667
1554296734 656672
1554296734 692495
1554296734 732759
1554296734 781416
1554296734 919242
1554296734 941698
1554296734 953732
1554296734 989082
1554296735 51739
1554296735 53482
1554296735 106147
1554296735 178452
1554296735 240746
