1554296689 795684
1554296689 819716
1554296689 983471
1554296689 996903
1554296690 1430
1554296690 2901
1554296690 67167
1554296690 112756
1554296690 183640
1554296690 220791
1554296690 314730
1554296690 360589
1554296690 419767
1554296690 499576
1554296690 509437
1554296690 551384
1554296690 598681
1554296690 650369
1554296690 711049
1554296690 807516
1554296690 824178
1554296690 869302
1554296690 947152
1554296691 22
1554296691 44301
1554296691 80449
1554296691 81386
1554296691 85281
1554296691 111006
1554296691 162706
1554296691 229182
1554296691 265803
1554296691 310417
1554296691 356507
1554296691 399750
1554296691 439167
1554296691 526355
1554296691 580983
1554296691 600082
1554296691 643418
1554296691 684890
1554296691 685707
1554296691 733718
1554296691 806401
1554296691 882712
1554296691 916025
1554296691 917624
1554296692 7558
1554296692 59495
1554296692 106834
1554296692 153586
1554296692 219475
1554296692 250800
1554296692 251625
1554296692 325252
1554296692 364575
1554296692 434300
1554296692 487205
1554296692 494731
1554296692 510112
1554296692 582008
1554296692 620146
1554296692 672022
1554296692 755114
1554296692 776036
1554296692 781216
1554296692 856028
1554296692 904774
1554296692 935671
1554296693 35043
1554296693 94509
1554296693 105569
1554296693 112810
1554296693 244352
1554296693 256161
1554296693 302612
1554296693 350531
1554296693 360178
1554296693 471628
1554296693 504409
1554296693 511712
1554296693 521447
1554296693 539632
1554296693 615644
1554296693 635009
1554296693 732073
1554296693 744215
1554296693 794882
1554296693 814263
1554296693 872465
1554296693 876146
1554296693 969113
1554296694 21612
1554296694 60829
1554296694 96985
1554296694 137475
1554296694 163141
1554296694 208583
1554296694 288732
1554296694 362766
1554296694 382824
1554296694 422242
1554296694 436951
1554296694 494716
1554296694 550843
1554296694 623586
1554296694 693349
1554296694 733647
1554296694 756986
1554296694 824823
1554296694 830605
1554296694 839813
1554296694 901392
1554296694 955224
1554296695 16269
1554296695 55277
1554296695 104239
1554296695 109036
1554296695 193167
1554296695 246068
1554296695 293356
1554296695 306226
1554296695 386004
1554296695 435400
1554296695 446441
1554296695 513178
1554296695 589777
1554296695 606850
1554296695 611022
1554296695 667513
1554296695 682733
1554296695 801043
1554296695 814060
1554296695 829642
1554296695 892383
1554296696 23352
1554296696 66708
1554296696 67771
1554296696 68889
1554296696 79036
1554296696 151293
1554296696 211416
1554296696 265465
1554296696 338340
1554296696 358421
1554296696 359497
1554296696 414914
1554296696 464122
1554296696 497481
1554296696 594591
1554296696 607975
1554296696 659127
1554296696 726789
1554296696 784815
1554296696 798720
1554296696 799547
1554296696 863987
1554296696 894455
1554296696 960757
1554296696 975602
1554296697 34566
1554296697 111009
1554296697 130191
1554296697 173751
1554296697 188892
1554296697 253434
1554296697 305158
1554296697 318117
1554296697 389179
1554296697 433619
1554296697 481216
1554296697 538572
1554296697 544379
1554296697 638223
1554296697 656361
1554296697 698725
1554296697 776423
1554296697 815935
1554296697 868087
1554296697 934487
1554296697 989330
1554296698 45713
1554296698 88549
1554296698 151246
1554296698 186567
1554296698 248938
1554296698 254142
1554296698 299622
1554296698 358091
1554296698 437199
1554296698 496534
1554296698 546706
1554296698 558496
1554296698 569794
1554296698 637185
1554296698 664180
1554296698 724404
1554296698 768875
1554296698 780950
1554296698 872657
1554296698 876393
1554296698 945462
1554296699 8698
1554296699 30349
1554296699 57001
1554296699 87223
1554296699 165621
1554296699 199962
1554296699 249131
1554296699 368562
1554296699 390914
1554296699 433294
1554296699 445463
1554296699 489514
1554296699 602202
1554296699 611197
1554296699 626739
1554296699 653172
1554296699 672906
1554296699 738649
1554296699 768664
1554296699 817413
1554296699 857690
1554296699 913251
1554296699 954591
1554296700 1193
1554296700 42981
1554296700 72698
1554296700 145092
1554296700 166565
1554296700 218173
1554296700 251214
1554296700 274662
1554296700 322186
1554296700 378214
1554296700 427645
1554296700 459774
1554296700 492130
1554296700 557491
1554296700 605683
1554296700 658376
1554296700 730773
1554296700 750124
1554296700 828159
1554296700 842341
1554296700 867621
1554296700 930158
1554296701 27533
1554296701 47579
1554296701 70154
1554296701 109747
1554296701 194405
1554296701 244344
1554296701 288472
1554296701 298089
1554296701 348190
1554296701 399617
1554296701 451436
1554296701 508280
1554296701 570372
1554296701 602532
1554296701 658599
1554296701 682082
1554296701 718732
1554296701 760499
1554296701 817227
1554296701 869212
1554296701 956156
1554296701 999245
1554296702 68503
1554296702 123140
1554296702 180607
1554296702 215635
1554296702 217495
1554296702 218839
1554296702 309521
1554296702 312810
1554296702 362541
1554296702 373627
1554296702 429314
1554296702 478472
1554296702 525689
1554296702 559522
1554296702 616515
1554296702 670670
1554296702 719392
1554296702 795104
1554296702 806532
1554296702 901599
1554296702 916540
1554296702 931141
1554296703 3227
1554296703 67223
1554296703 115132
1554296703 118789
1554296703 195667
1554296703 249620
1554296703 269754
1554296703 307281
1554296703 350371
1554296703 398114
1554296703 461583
1554296703 501519
1554296703 516511
1554296703 556691
1554296703 603260
1554296703 656261
1554296703 715110
1554296703 776265
1554296703 805026
1554296703 852359
1554296703 940771
1554296703 989777
1554296704 9250
1554296704 23767
1554296704 58331
1554296704 140615
1554296704 174415
1554296704 229354
1554296704 300171
1554296704 332264
1554296704 383702
1554296704 422494
1554296704 470555
1554296704 522297
1554296704 575026
1554296704 602796
1554296704 645403
1554296704 700620
1554296704 733220
1554296704 811361
1554296704 911793
1554296704 942464
1554296704 943513
1554296704 950597
1554296705 9272
1554296705 62652
1554296705 85621
1554296705 153089
1554296705 203017
1554296705 264202
1554296705 339796
1554296705 365523
1554296705 367393
1554296705 438392
1554296705 464940
1554296705 518241
1554296705 610936
1554296705 654717
1554296705 655538
1554296705 719710
1554296705 721003
1554296705 771589
1554296705 813105
1554296705 904534
1554296705 922687
1554296705 926159
1554296706 5600
1554296706 40587
1554296706 102348
1554296706 153209
1554296706 182234
1554296706 243183
1554296706 277548
1554296706 328595
1554296706 365465
1554296706 380671
1554296706 425741
1554296706 488696
1554296706 538203
1554296706 554325
1554296706 603126
1554296706 651686
1554296706 722545
1554296706 762205
1554296706 838724
1554296706 894814
1554296706 962637
1554296707 22584
1554296707 33432
1554296707 34528
1554296707 66871
1554296707 140014
1554296707 199051
1554296707 254725
1554296707 255918
1554296707 320195
1554296707 334699
1554296707 396409
1554296707 440280
1554296707 496479
1554296707 551082
1554296707 612608
1554296707 625111
1554296707 677461
1554296707 754711
1554296707 755540
1554296707 795057
1554296707 853155
1554296707 884931
1554296707 925320
1554296708 11010
1554296708 44193
1554296708 78582
1554296708 137543
1554296708 186274
1554296708 278507
1554296708 304562
1554296708 352126
1554296708 364939
1554296708 379362
1554296708 451175
1554296708 490868
1554296708 569413
1554296708 578849
1554296708 624325
1554296708 634760
1554296708 788386
1554296708 811709
1554296708 839765
1554296708 841140
1554296708 902010
1554296708 945202
1554296709 21423
1554296709 75043
1554296709 91299
1554296709 113488
1554296709 159697
1554296709 210595
1554296709 267353
1554296709 323725
1554296709 388734
1554296709 434357
1554296709 483394
1554296709 486728
1554296709 528096
1554296709 586412
1554296709 652050
1554296709 704132
1554296709 741755
1554296709 793588
1554296709 827183
1554296709 875449
1554296709 918505
1554296710 6644
1554296710 59128
1554296710 73173
1554296710 108750
1554296710 117758
1554296710 243497
1554296710 257691
1554296710 264744
1554296710 346071
1554296710 402158
1554296710 450098
1554296710 464779
1554296710 478125
1554296710 539543
1554296710 588456
1554296710 653614
1554296710 678132
1554296710 696532
1554296710 766613
1554296710 815436
1554296710 834263
1554296710 873212
1554296710 928664
1554296710 998890
1554296711 40590
1554296711 92785
1554296711 106626
1554296711 193614
1554296711 246459
1554296711 278984
1554296711 349751
1554296711 373281
1554296711 428589
1554296711 454478
1554296711 519242
1554296711 595218
1554296711 598922
1554296711 618573
1554296711 674845
1554296711 716311
1554296711 772588
1554296711 827715
1554296711 885730
1554296711 910080
1554296712 24160
1554296712 37296
1554296712 98828
1554296712 101126
1554296712 158253
1554296712 213683
1554296712 262835
1554296712 327277
1554296712 375403
1554296712 390288
1554296712 445313
1554296712 495258
1554296712 556131
1554296712 584521
1554296712 616989
1554296712 680466
1554296712 688548
1554296712 760844
1554296712 812369
1554296712 870606
1554296712 885468
1554296712 947624
1554296713 4396
1554296713 24063
1554296713 75366
1554296713 135500
1554296713 175283
1554296713 224243
1554296713 278346
1554296713 316185
1554296713 362089
1554296713 445815
1554296713 538811
1554296713 558819
1554296713 585616
1554296713 586558
1554296713 640775
1554296713 698271
1554296713 720237
1554296713 810307
1554296713 854746
1554296713 880975
1554296713 949998
1554296713 956890
1554296713 966909
1554296714 40255
1554296714 87617
1554296714 139212
1554296714 168818
1554296714 211481
1554296714 294936
1554296714 320800
1554296714 376642
1554296714 413085
1554296714 472074
1554296714 509088
1554296714 519302
1554296714 581301
1554296714 620879
1554296714 656548
1554296714 734840
1554296714 791329
1554296714 811202
1554296714 849080
1554296714 906812
1554296714 946948
1554296715 36571
1554296715 90182
1554296715 112604
1554296715 137399
1554296715 147712
1554296715 271407
1554296715 300569
1554296715 312014
1554296715 332555
1554296715 427528
1554296715 455212
1554296715 459597
1554296715 496994
1554296715 568470
1554296715 610358
1554296715 698205
1554296715 729105
1554296715 757578
1554296715 787592
1554296715 846558
1554296715 910788
1554296715 940488
1554296716 27015
1554296716 77311
1554296716 131137
1554296716 143034
1554296716 188460
1554296716 257549
1554296716 270978
1554296716 271765
1554296716 328161
1554296716 384171
1554296716 412025
1554296716 462643
1554296716 520262
1554296716 561284
1554296716 611084
1554296716 660670
1554296716 694689
1554296716 742852
1554296716 776979
1554296716 842544
1554296716 879492
1554296716 900450
1554296716 925391
1554296716 980850
1554296717 58879
1554296717 111537
1554296717 190358
1554296717 205814
1554296717 259214
1554296717 303237
1554296717 380175
1554296717 391118
1554296717 440719
1554296717 487501
1554296717 534957
1554296717 549767
1554296717 620363
1554296717 682546
1554296717 704989
1554296717 741080
1554296717 802720
1554296717 817336
1554296717 921311
1554296717 922855
1554296717 939090
1554296718 56862
1554296718 68222
1554296718 154414
1554296718 171747
1554296718 182979
1554296718 231129
1554296718 304425
1554296718 362859
1554296718 386035
1554296718 427297
1554296718 459163
1554296718 508532
1554296718 566687
1554296718 570629
1554296718 639291
1554296718 671452
1554296718 733654
1554296718 770891
1554296718 822043
1554296718 829805
1554296718 974009
1554296719 28158
1554296719 31937
1554296719 34890
1554296719 73392
1554296719 173157
1554296719 190240
1554296719 259412
1554296719 271732
1554296719 295767
1554296719 353281
1554296719 410394
1554296719 423801
1554296719 500213
1554296719 514206
1554296719 588379
1554296719 634783
1554296719 692883
1554296719 724176
1554296719 748256
1554296719 805016
1554296719 869388
1554296719 899257
1554296719 983814
1554296720 9635
1554296720 24847
1554296720 75042
1554296720 135190
1554296720 214463
1554296720 271743
1554296720 298601
1554296720 340383
1554296720 354223
1554296720 419035
1554296720 455276
1554296720 506291
1554296720 554209
1554296720 572162
1554296720 634123
1554296720 682405
1554296720 701942
1554296720 816872
1554296720 852928
1554296720 867043
1554296720 903590
1554296721 2422
1554296721 14731
1554296721 32890
1554296721 61115
1554296721 108617
1554296721 184171
1554296721 249518
1554296721 299750
1554296721 351690
1554296721 390627
1554296721 477396
1554296721 520779
1554296721 552010
1554296721 552817
1554296721 617252
1554296721 657137
1554296721 671910
1554296721 735311
1554296721 810843
1554296721 853545
1554296721 870270
1554296721 995608
1554296722 52747
1554296722 113571
1554296722 134778
1554296722 161990
1554296722 173030
1554296722 209353
1554296722 255602
1554296722 301804
1554296722 381640
1554296722 390961
1554296722 425789
1554296722 472437
1554296722 526550
1554296722 569592
1554296722 625153
1554296722 648065
1554296722 700903
1554296722 746134
1554296722 794442
1554296722 868157
1554296722 907207
1554296722 911448
1554296722 977809
1554296723 28267
1554296723 114044
1554296723 136114
1554296723 215712
1554296723 227196
1554296723 278085
1554296723 336215
1554296723 351494
1554296723 431474
1554296723 448925
1554296723 465313
1554296723 526179
1554296723 578844
1554296723 615524
1554296723 658024
1554296723 683617
1554296723 749599
1554296723 791159
1554296723 891146
1554296723 933643
1554296724 12660
1554296724 24814
1554296724 25634
1554296724 55253
1554296724 98849
1554296724 141477
1554296724 185709
1554296724 271132
1554296724 298363
1554296724 329373
1554296724 371434
1554296724 383502
1554296724 439667
1554296724 503078
1554296724 558739
1554296724 604759
1554296724 655488
1554296724 718625
1554296724 742559
1554296724 776709
1554296724 813066
1554296724 886154
1554296724 907112
1554296725 25320
1554296725 29301
1554296725 33489
1554296725 78528
1554296725 138162
1554296725 212450
1554296725 248227
1554296725 300339
1554296725 390376
1554296725 394211
1554296725 395016
1554296725 437540
1554296725 545440
1554296725 547757
1554296725 580521
1554296725 630940
1554296725 675325
1554296725 698713
1554296725 796097
1554296725 854854
1554296725 878749
1554296725 879531
1554296725 943699
1554296726 26394
1554296726 44813
1554296726 79450
1554296726 120824
1554296726 197599
1554296726 216373
1554296726 251681
1554296726 263558
1554296726 398761
1554296726 463685
1554296726 512127
1554296726 560641
1554296726 576075
1554296726 640940
1554296726 697578
1554296726 701294
1554296726 712464
1554296726 714231
1554296726 766912
1554296726 820820
1554296726 947499
1554296726 957585
1554296726 958478
1554296726 973359
1554296727 38244
1554296727 88440
1554296727 142423
1554296727 200674
1554296727 246876
1554296727 290970
1554296727 339670
1554296727 375137
1554296727 416059
1554296727 470696
1554296727 487994
1554296727 556737
1554296727 640676
1554296727 695989
1554296727 708115
1554296727 777272
1554296727 784426
1554296727 879181
1554296727 911413
1554296727 933158
1554296727 979599
1554296727 992832
1554296728 65122
1554296728 129217
1554296728 146563
1554296728 170882
1554296728 228320
1554296728 281457
1554296728 352322
1554296728 409505
1554296728 426379
1554296728 439154
1554296728 506834
1554296728 559698
1554296728 580563
1554296728 674419
1554296728 686368
1554296728 742338
1554296728 796955
1554296728 832724
1554296728 836712
1554296728 902290
1554296728 948431
1554296729 18884
1554296729 47806
1554296729 60773
1554296729 132952
1554296729 178526
1554296729 237477
1554296729 273390
1554296729 309508
1554296729 359137
1554296729 416194
1554296729 467069
1554296729 480666
1554296729 569724
1554296729 613329
1554296729 616621
1554296729 658471
1554296729 705302
1554296729 770962
1554296729 775359
1554296729 840563
1554296729 903625
1554296729 976599
1554296730 437
1554296730 18355
1554296730 69541
1554296730 117055
1554296730 179351
1554296730 197526
1554296730 267417
1554296730 317337
1554296730 342111
1554296730 415549
1554296730 435786
1554296730 463750
1554296730 504197
1554296730 568763
1554296730 624666
1554296730 637090
1554296730 674454
1554296730 752257
1554296730 814435
1554296730 880369
1554296730 916303
1554296730 917734
1554296730 971710
1554296731 48214
1554296731 90550
1554296731 140521
1554296731 160643
1554296731 184925
1554296731 249649
1554296731 296840
1554296731 388679
1554296731 410503
1554296731 539978
1554296731 555013
1554296731 564114
1554296731 650815
1554296731 657028
1554296731 670909
1554296731 782413
1554296731 826898
1554296731 850646
1554296731 851447
1554296731 913110
1554296731 974431
1554296731 997158
1554296732 36933
1554296732 96434
1554296732 145228
1554296732 150327
1554296732 200453
1554296732 276097
1554296732 340358
1554296732 385133
1554296732 396040
1554296732 504243
1554296732 520155
1554296732 534407
1554296732 584449
1554296732 635548
1554296732 712098
1554296732 756776
1554296732 798475
1554296732 816295
1554296732 901443
1554296732 904741
1554296732 948916
1554296733 36698
1554296733 76222
1554296733 126215
1554296733 145749
1554296733 246090
1554296733 302863
1554296733 315133
1554296733 344165
1554296733 385507
1554296733 454154
1554296733 508971
1554296733 520675
1554296733 560536
1554296733 604453
1554296733 657457
1554296733 715557
1554296733 749418
1554296733 802738
1554296733 854184
1554296733 902161
1554296733 976030
1554296733 990564
1554296734 62982
1554296734 80435
1554296734 211560
1554296734 214970
1554296734 219045
1554296734 286557
1554296734 300711
1554296734 351311
1554296734 450578
1554296734 463307
1554296734 515409
1554296734 547432
1554296734 600221
1554296734 637097
1554296734 685246
1554296734 773111
1554296734 788636
1554296734 876030
1554296734 887709
1554296734 933151
1554296735 24647
1554296735 79428
1554296735 121103
1554296735 247815
1554296735 325490
1554296735 341645
