1554281246 862612
1554281246 902733
1554281246 946762
1554281246 988741
1554281247 31183
1554281247 74205
1554281247 114770
1554281247 157147
1554281247 198751
1554281247 240787
1554281247 283434
1554281247 325363
1554281247 367487
1554281247 409031
1554281247 450933
1554281247 492702
1554281247 535464
1554281247 576906
1554281247 618671
1554281247 660762
1554281247 702653
1554281247 746969
1554281247 788217
1554281247 828666
1554281247 870633
1554281247 912696
1554281247 955031
1554281247 996835
1554281248 39364
1554281248 80864
1554281248 122725
1554281248 165026
1554281248 207301
1554281248 248911
1554281248 291445
1554281248 332837
1554281248 374669
1554281248 417293
1554281248 458669
1554281248 500701
1554281248 543317
1554281248 584682
1554281248 627942
1554281248 668661
1554281248 710673
1554281248 752687
1554281248 796140
1554281248 836823
1554281248 879144
1554281248 921060
1554281248 962717
1554281249 5058
1554281249 48225
1554281249 88769
1554281249 130906
1554281249 172704
1554281249 214746
1554281249 256965
1554281249 300199
1554281249 340717
1554281249 382762
1554281249 424762
1554281249 468520
1554281249 510675
1554281249 552666
1554281249 595626
1554281249 636808
1554281249 679093
1554281249 720822
1554281249 762700
1554281249 805089
1554281249 847738
1554281249 890776
1554281249 933018
1554281249 974732
1554281250 16707
1554281250 58914
1554281250 100792
1554281250 142648
1554281250 184732
1554281250 228984
1554281250 269067
1554281250 310680
1554281250 352664
1554281250 394932
1554281250 437019
1554281250 478778
1554281250 520822
1554281250 562708
1554281250 605055
1554281250 646933
1554281250 689326
1554281250 730915
1554281250 772711
1554281250 814762
1554281250 856820
1554281250 898964
1554281250 940741
1554281250 982655
1554281251 24692
1554281251 69239
1554281251 110031
1554281251 150702
1554281251 192719
1554281251 234670
1554281251 277195
1554281251 318782
1554281251 361037
1554281251 402748
1554281251 445063
1554281251 486931
1554281251 529467
1554281251 570765
1554281251 612829
1554281251 654683
1554281251 696695
1554281251 738753
1554281251 780727
1554281251 822896
1554281251 864675
1554281251 906652
1554281251 950550
1554281251 992692
1554281252 34667
1554281252 77713
1554281252 118798
1554281252 161116
1554281252 202750
1554281252 245064
1554281252 287086
1554281252 329117
1554281252 371118
1554281252 412744
1554281252 454704
1554281252 496694
1554281252 538719
1554281252 581060
1554281252 622746
1554281252 664773
1554281252 706666
1554281252 751116
1554281252 792671
1554281252 835018
1554281252 877678
1554281252 918817
1554281252 961025
1554281253 2850
1554281253 45072
1554281253 86921
1554281253 129768
1554281253 171191
1554281253 212765
1554281253 254687
1554281253 296677
1554281253 338734
1554281253 381223
1554281253 422779
1554281253 464694
1554281253 506635
1554281253 551755
1554281253 591541
1554281253 632647
1554281253 674719
1554281253 716771
1554281253 759052
1554281253 800797
1554281253 843028
1554281253 885142
1554281253 927041
1554281253 968911
1554281254 11146
1554281254 52781
1554281254 94798
1554281254 136738
1554281254 178737
1554281254 220973
1554281254 262673
1554281254 304702
1554281254 346776
1554281254 388649
1554281254 432397
1554281254 474666
1554281254 516633
1554281254 560379
1554281254 600804
1554281254 643127
1554281254 685160
1554281254 726984
1554281254 768954
1554281254 811058
1554281254 853199
1554281254 894745
1554281254 936764
1554281254 978712
1554281255 22253
1554281255 63103
1554281255 104706
1554281255 146707
1554281255 188636
1554281255 232737
1554281255 274680
1554281255 317167
1554281255 359629
1554281255 400879
1554281255 442832
1554281255 485105
1554281255 526969
1554281255 569567
1554281255 611188
1554281255 653002
1554281255 694735
1554281255 736728
1554281255 778695
1554281255 821402
1554281255 863139
1554281255 904936
1554281255 946660
1554281255 988655
1554281256 33331
1554281256 73355
1554281256 114676
1554281256 156660
1554281256 198727
1554281256 240965
1554281256 282797
1554281256 325234
1554281256 366890
1554281256 408884
1554281256 450707
1554281256 493234
1554281256 535047
1554281256 576691
1554281256 618688
1554281256 660723
1554281256 703296
1554281256 744730
1554281256 786692
1554281256 828648
1554281256 870663
1554281256 914160
1554281256 954645
1554281256 996707
1554281257 38656
1554281257 81623
1554281257 122785
1554281257 165409
1554281257 206970
1554281257 248973
1554281257 290898
1554281257 333102
1554281257 374993
1554281257 416744
1554281257 458783
1554281257 500752
1554281257 542878
1554281257 585147
1554281257 626758
1554281257 668647
1554281257 710643
1554281257 754708
1554281257 796686
1554281257 839196
1554281257 881758
1554281257 922757
1554281257 965512
1554281258 6957
1554281258 48967
1554281258 90927
1554281258 134668
1554281258 175020
1554281258 216781
1554281258 258730
1554281258 300805
1554281258 342695
1554281258 385164
1554281258 426859
1554281258 468755
1554281258 510649
1554281258 555126
1554281258 595215
1554281258 636674
1554281258 678728
1554281258 720742
1554281258 763185
1554281258 805123
1554281258 846959
1554281258 888788
1554281258 930958
1554281258 972736
1554281259 15105
1554281259 56827
1554281259 98873
1554281259 140750
1554281259 182694
1554281259 225468
1554281259 266712
1554281259 308761
1554281259 350641
1554281259 392724
1554281259 435974
1554281259 476663
1554281259 518635
1554281259 560673
1554281259 603517
1554281259 645247
1554281259 687266
1554281259 729016
1554281259 771161
1554281259 812746
1554281259 856305
1554281259 898607
1554281259 940886
1554281259 982651
1554281260 25548
1554281260 67104
1554281260 108925
1554281260 150643
1554281260 192653
1554281260 236634
1554281260 278629
1554281260 320663
1554281260 365950
1554281260 405213
1554281260 447346
1554281260 488962
1554281260 530890
1554281260 572810
1554281260 615029
1554281260 657101
1554281260 698734
1554281260 741158
1554281260 782694
1554281260 824799
1554281260 867154
1554281260 908806
1554281260 950866
1554281260 992646
1554281261 37116
1554281261 77051
1554281261 118657
1554281261 160710
1554281261 202681
1554281261 245165
1554281261 287117
1554281261 329024
1554281261 370867
1554281261 412768
1554281261 454745
1554281261 497169
1554281261 538712
1554281261 580733
1554281261 622682
1554281261 664734
1554281261 707289
1554281261 748707
1554281261 790643
1554281261 833010
1554281261 874645
1554281261 917706
1554281261 958701
1554281262 648
1554281262 42696
1554281262 85560
1554281262 126870
1554281262 169276
1554281262 210874
1554281262 252802
1554281262 294727
1554281262 337343
1554281262 378735
1554281262 420757
1554281262 462701
1554281262 504790
1554281262 547018
1554281262 588674
1554281262 630719
1554281262 672699
1554281262 714676
1554281262 758508
1554281262 800654
1554281262 842746
1554281262 886094
1554281262 926881
1554281262 969327
1554281263 10907
1554281263 52704
1554281263 94725
1554281263 138199
1554281263 179044
1554281263 220789
1554281263 262730
1554281263 304776
1554281263 346811
1554281263 389129
1554281263 430869
1554281263 472771
1554281263 514654
1554281263 559030
1554281263 600662
1554281263 643197
1554281263 686054
1554281263 726823
1554281263 768989
1554281263 810972
1554281263 852714
1554281263 895250
1554281263 936718
1554281263 979072
1554281264 20800
1554281264 62690
1554281264 104745
1554281264 147969
1554281264 189120
1554281264 230821
1554281264 272675
1554281264 314654
1554281264 358939
1554281264 400164
1554281264 440653
1554281264 482753
1554281264 525070
1554281264 567271
1554281264 609017
1554281264 651996
1554281264 692897
1554281264 734737
1554281264 776699
1554281264 819120
1554281264 860839
1554281264 903255
1554281264 944823
1554281264 986700
1554281265 28959
1554281265 70672
1554281265 112642
1554281265 155241
1554281265 196682
1554281265 240212
1554281265 280638
1554281265 323084
1554281265 365063
1554281265 408618
1554281265 448956
1554281265 491361
1554281265 532896
1554281265 574707
1554281265 616777
1554281265 659628
1554281265 701541
1554281265 742727
1554281265 784730
1554281265 826700
1554281265 868719
1554281265 910833
1554281265 952662
1554281265 994718
1554281266 36735
1554281266 80767
1554281266 122684
1554281266 165536
1554281266 208134
1554281266 248926
1554281266 290962
1554281266 332820
1554281266 374719
1554281266 417326
1554281266 458680
1554281266 501575
1554281266 544810
1554281266 586776
1554281266 628682
1554281266 671169
1554281266 712772
1554281266 754702
1554281266 796637
1554281266 841053
1554281266 881349
1554281266 922687
1554281266 964971
1554281267 6901
1554281267 49089
1554281267 90798
1554281267 132967
1554281267 174708
1554281267 216712
1554281267 258684
1554281267 301280
1554281267 342727
1554281267 384740
1554281267 426813
1554281267 468705
1554281267 511312
1554281267 556510
1554281267 594733
1554281267 636903
1554281267 681593
1554281267 722073
1554281267 762648
1554281267 805052
1554281267 846908
1554281267 890222
1554281267 931473
1554281267 973164
1554281268 14763
1554281268 56716
1554281268 98687
1554281268 143034
1554281268 183581
1554281268 224769
1554281268 266764
1554281268 308690
1554281268 351035
1554281268 393179
1554281268 435200
1554281268 476642
1554281268 518633
1554281268 562926
1554281268 604980
1554281268 646891
1554281268 690511
1554281268 730790
1554281268 772804
1554281268 814748
1554281268 856775
1554281268 898777
1554281268 942545
1554281268 983004
1554281269 24845
1554281269 66867
1554281269 108677
1554281269 151290
1554281269 193114
1554281269 234666
1554281269 276657
1554281269 318710
1554281269 362804
1554281269 403304
1554281269 444959
1554281269 486901
1554281269 529093
1554281269 570910
1554281269 612831
1554281269 654881
1554281269 696717
1554281269 738884
1554281269 780851
1554281269 823098
1554281269 864958
1554281269 906734
1554281269 948795
1554281269 990707
1554281270 33295
1554281270 74671
1554281270 116636
1554281270 158635
1554281270 200630
1554281270 243904
1554281270 284958
1554281270 326826
1554281270 368847
1554281270 411428
1554281270 452894
1554281270 495105
1554281270 536749
1554281270 578785
1554281270 620969
1554281270 663445
1554281270 704794
1554281270 746650
1554281270 788730
1554281270 831095
1554281270 872710
1554281270 914906
1554281270 956793
1554281270 998675
1554281271 41234
1554281271 84867
1554281271 126874
1554281271 168846
1554281271 211660
1554281271 252767
1554281271 295097
1554281271 336804
1554281271 378724
1554281271 420730
1554281271 463082
1554281271 505642
1554281271 549269
1554281271 590693
1554281271 632729
1554281271 675129
1554281271 716664
1554281271 758707
1554281271 801196
1554281271 845313
1554281271 885428
1554281271 926693
1554281271 969041
1554281272 10930
1554281272 53036
1554281272 94799
1554281272 136901
1554281272 178750
1554281272 220748
1554281272 262713
1554281272 305096
1554281272 346691
1554281272 388776
1554281272 430751
1554281272 472687
1554281272 515347
1554281272 558772
1554281272 600681
1554281272 642659
1554281272 686040
1554281272 726682
1554281272 768877
1554281272 810871
1554281272 853771
1554281272 894817
1554281272 937067
1554281272 978744
1554281273 20735
1554281273 62706
1554281273 105242
1554281273 146704
1554281273 188768
1554281273 230756
1554281273 272756
1554281273 315010
1554281273 356663
1554281273 398656
1554281273 440664
1554281273 482712
1554281273 527033
1554281273 568861
1554281273 610853
1554281273 654487
1554281273 694731
1554281273 737168
1554281273 778757
1554281273 820783
1554281273 862747
1554281273 905503
1554281273 947649
1554281273 988744
1554281274 30780
1554281274 72702
1554281274 114689
1554281274 156839
1554281274 198672
1554281274 240638
1554281274 282641
1554281274 328152
1554281274 370819
1554281274 413664
1554281274 454782
1554281274 496770
1554281274 538827
1554281274 580775
1554281274 622705
1554281274 665085
1554281274 707572
1554281274 748728
1554281274 790695
1554281274 833194
1554281274 874804
1554281274 917443
1554281274 958784
1554281275 658
1554281275 42752
1554281275 87405
1554281275 127623
1554281275 168691
1554281275 210910
1554281275 252813
1554281275 294973
1554281275 336773
1554281275 378991
1554281275 420769
1554281275 462710
1554281275 504827
1554281275 547114
1554281275 588699
1554281275 630715
1554281275 673060
1554281275 714691
1554281275 757324
1554281275 798684
1554281275 840668
1554281275 882692
1554281275 928113
1554281275 968509
1554281276 10995
1554281276 52788
1554281276 95602
1554281276 136881
1554281276 179070
1554281276 220804
1554281276 262719
1554281276 304811
1554281276 347012
1554281276 388989
1554281276 430723
1554281276 472714
1554281276 514685
1554281276 556714
1554281276 598866
1554281276 640695
1554281276 683101
1554281276 724973
1554281276 768898
1554281276 810989
1554281276 852890
1554281276 895687
1554281276 936783
1554281276 979392
1554281277 20910
1554281277 62754
1554281277 104733
1554281277 147554
1554281277 189058
1554281277 230730
1554281277 272846
1554281277 314686
1554281277 356684
1554281277 399181
1554281277 440836
1554281277 482790
1554281277 524971
1554281277 569918
1554281277 609447
1554281277 650773
1554281277 692844
1554281277 734718
1554281277 777109
1554281277 818885
1554281277 860843
1554281277 902729
1554281277 944793
1554281277 986690
1554281278 29104
1554281278 70745
1554281278 112801
1554281278 155479
1554281278 196679
1554281278 239300
1554281278 280755
1554281278 322665
1554281278 364991
1554281278 406842
1554281278 450202
1554281278 490800
1554281278 532813
1554281278 574660
1554281278 618053
1554281278 658791
1554281278 701106
1554281278 742770
1554281278 784787
1554281278 826704
1554281278 870448
1554281278 912062
1554281278 952692
1554281278 994707
1554281279 36712
1554281279 78728
1554281279 120821
1554281279 162758
1554281279 204973
1554281279 246841
1554281279 290834
1554281279 332769
1554281279 374740
1554281279 418223
1554281279 458792
1554281279 501151
1554281279 542896
1554281279 585071
1554281279 626729
1554281279 669019
1554281279 711524
1554281279 752795
1554281279 794699
1554281279 836713
1554281279 878694
1554281279 921301
1554281279 962707
1554281280 4972
1554281280 46928
1554281280 91251
1554281280 131318
1554281280 172692
1554281280 214643
1554281280 256698
1554281280 298916
1554281280 340856
1554281280 383366
1554281280 424761
1554281280 466759
1554281280 508807
1554281280 551074
1554281280 592734
1554281280 634824
1554281280 676689
1554281280 718689
1554281280 761313
1554281280 802678
1554281280 844970
1554281280 886858
1554281280 931282
1554281280 972231
1554281281 12823
1554281281 54788
1554281281 96678
1554281281 139300
1554281281 180886
1554281281 223080
1554281281 264805
1554281281 306789
1554281281 348713
1554281281 391419
1554281281 432862
1554281281 474731
1554281281 516691
1554281281 558738
1554281281 600756
1554281281 642741
1554281281 684994
1554281281 726853
1554281281 768898
1554281281 812483
1554281281 854655
1554281281 897228
1554281281 939683
1554281281 980961
1554281282 23093
1554281282 64800
1554281282 106710
1554281282 149304
1554281282 191077
1554281282 233510
1554281282 274728
1554281282 316703
1554281282 358701
1554281282 401709
1554281282 442767
1554281282 485087
1554281282 526835
1554281282 568699
1554281282 612991
1554281282 653809
1554281282 694667
1554281282 736629
1554281282 778901
1554281282 820818
1554281282 862794
1554281282 905393
1554281282 946952
1554281282 988704
1554281283 30719
1554281283 73093
1554281283 114730
1554281283 157306
1554281283 198756
1554281283 240672
1554281283 283102
1554281283 325067
1554281283 366851
1554281283 409401
1554281283 453262
1554281283 493646
1554281283 534684
1554281283 576658
1554281283 618726
1554281283 662119
1554281283 702804
1554281283 745117
1554281283 786834
1554281283 828709
1554281283 870724
1554281283 914357
1554281283 957012
1554281283 998706
1554281284 40693
1554281284 82925
1554281284 125029
1554281284 166732
1554281284 209053
1554281284 250661
1554281284 294610
1554281284 336685
1554281284 378648
1554281284 421758
1554281284 462867
1554281284 505168
1554281284 546848
1554281284 588717
1554281284 630745
1554281284 673026
1554281284 715493
1554281284 756808
1554281284 798782
1554281284 840740
1554281284 882710
1554281284 925397
1554281284 967234
1554281285 8876
1554281285 51768
1554281285 94940
1554281285 136663
1554281285 178692
1554281285 221681
1554281285 262838
1554281285 304819
1554281285 346894
1554281285 388702
1554281285 430685
1554281285 473183
1554281285 515653
1554281285 558712
1554281285 600767
1554281285 643778
1554281285 685407
1554281285 726873
1554281285 768838
1554281285 810785
1554281285 855028
1554281285 896068
1554281285 936636
1554281285 978826
1554281286 20755
1554281286 63066
1554281286 104836
1554281286 147734
1554281286 188716
1554281286 230779
1554281286 272762
1554281286 315117
1554281286 356721
1554281286 399275
1554281286 440730
1554281286 482717
1554281286 525772
1554281286 568737
1554281286 610788
1554281286 652669
1554281286 696224
1554281286 736635
1554281286 778686
1554281286 820827
1554281286 863620
1554281286 904823
1554281286 947148
1554281286 988931
1554281287 30703
1554281287 72779
1554281287 115156
1554281287 157457
1554281287 198719
1554281287 240694
1554281287 282681
1554281287 325053
1554281287 366876
1554281287 409468
1554281287 450829
1554281287 492748
1554281287 536691
1554281287 578661
1554281287 620679
1554281287 663764
1554281287 704806
1554281287 746823
1554281287 788759
1554281287 831132
1554281287 872777
1554281287 915549
1554281287 957218
1554281287 998755
1554281288 40698
1554281288 82673
1554281288 125028
1554281288 166994
1554281288 208799
1554281288 250827
1554281288 292715
1554281288 337012
1554281288 377320
1554281288 418665
1554281288 460687
1554281288 502720
1554281288 545354
1554281288 586794
1554281288 628810
1554281288 670699
1554281288 712707
1554281288 754779
1554281288 797093
1554281288 838721
1554281288 880768
