1554281246 853019
1554281246 901897
1554281246 946007
1554281246 987995
1554281247 30414
1554281247 71912
1554281247 113957
1554281247 155985
1554281247 197941
1554281247 239981
1554281247 282589
1554281247 323885
1554281247 366242
1554281247 408012
1554281247 449986
1554281247 491899
1554281247 534469
1554281247 575939
1554281247 617914
1554281247 659966
1554281247 701908
1554281247 743884
1554281247 787218
1554281247 827901
1554281247 869884
1554281247 911887
1554281247 954140
1554281247 995979
1554281248 38492
1554281248 79971
1554281248 121898
1554281248 163875
1554281248 206234
1554281248 247963
1554281248 290452
1554281248 332037
1554281248 373884
1554281248 415954
1554281248 457915
1554281248 499892
1554281248 541978
1554281248 583882
1554281248 627096
1554281248 667897
1554281248 709911
1554281248 751892
1554281248 794570
1554281248 835990
1554281248 877913
1554281248 919950
1554281248 961910
1554281249 3909
1554281249 47151
1554281249 87939
1554281249 130075
1554281249 171901
1554281249 213892
1554281249 256134
1554281249 298456
1554281249 339909
1554281249 381894
1554281249 423904
1554281249 467651
1554281249 509910
1554281249 551906
1554281249 593882
1554281249 635999
1554281249 677948
1554281249 719956
1554281249 761896
1554281249 803936
1554281249 845968
1554281249 889705
1554281249 931993
1554281249 973925
1554281250 15915
1554281250 57948
1554281250 99935
1554281250 141899
1554281250 183935
1554281250 225881
1554281250 268297
1554281250 309890
1554281250 351901
1554281250 393906
1554281250 436213
1554281250 477974
1554281250 519953
1554281250 561903
1554281250 603890
1554281250 645968
1554281250 688392
1554281250 729923
1554281250 771921
1554281250 813935
1554281250 855991
1554281250 897968
1554281250 939925
1554281250 981893
1554281251 23899
1554281251 66044
1554281251 108906
1554281251 149954
1554281251 191957
1554281251 233880
1554281251 276377
1554281251 317978
1554281251 359892
1554281251 401924
1554281251 443898
1554281251 485970
1554281251 528518
1554281251 569935
1554281251 612027
1554281251 653879
1554281251 695887
1554281251 737953
1554281251 779907
1554281251 822137
1554281251 863882
1554281251 905896
1554281251 949557
1554281251 991899
1554281252 33900
1554281252 76171
1554281252 117979
1554281252 159941
1554281252 201942
1554281252 243892
1554281252 286143
1554281252 327940
1554281252 370207
1554281252 411933
1554281252 453906
1554281252 495897
1554281252 537906
1554281252 579956
1554281252 622002
1554281252 663892
1554281252 705914
1554281252 747884
1554281252 791916
1554281252 834247
1554281252 875919
1554281252 917968
1554281252 959980
1554281253 2030
1554281253 43908
1554281253 86049
1554281253 128154
1554281253 170250
1554281253 211932
1554281253 253890
1554281253 295886
1554281253 337894
1554281253 380004
1554281253 421931
1554281253 463894
1554281253 505883
1554281253 547913
1554281253 590782
1554281253 631878
1554281253 673903
1554281253 715955
1554281253 758224
1554281253 799979
1554281253 842200
1554281253 883907
1554281253 926057
1554281253 967961
1554281254 10192
1554281254 51933
1554281254 93992
1554281254 135931
1554281254 177910
1554281254 219953
1554281254 261914
1554281254 303898
1554281254 345953
1554281254 387885
1554281254 431440
1554281254 473899
1554281254 515889
1554281254 558779
1554281254 599984
1554281254 641948
1554281254 683944
1554281254 725984
1554281254 768022
1554281254 809971
1554281254 852387
1554281254 893947
1554281254 935969
1554281254 977891
1554281255 19917
1554281255 61931
1554281255 103913
1554281255 145952
1554281255 187891
1554281255 231961
1554281255 273923
1554281255 316396
1554281255 357889
1554281255 400069
1554281255 442023
1554281255 483946
1554281255 525978
1554281255 568055
1554281255 609921
1554281255 652188
1554281255 693939
1554281255 735907
1554281255 777884
1554281255 820423
1554281255 861963
1554281255 904135
1554281255 945903
1554281255 987905
1554281256 29895
1554281256 72594
1554281256 113892
1554281256 155912
1554281256 197911
1554281256 240154
1554281256 281992
1554281256 324041
1554281256 365967
1554281256 407972
1554281256 449907
1554281256 492169
1554281256 533924
1554281256 575890
1554281256 617890
1554281256 659881
1554281256 701944
1554281256 743933
1554281256 785919
1554281256 827895
1554281256 869909
1554281256 913228
1554281256 953874
1554281256 995898
1554281257 37899
1554281257 80798
1554281257 121989
1554281257 163943
1554281257 205980
1554281257 248023
1554281257 289929
1554281257 331918
1554281257 374173
1554281257 415932
1554281257 457969
1554281257 499891
1554281257 541924
1554281257 583926
1554281257 625917
1554281257 667898
1554281257 709893
1554281257 753802
1554281257 795917
1554281257 838423
1554281257 879885
1554281257 921941
1554281257 964002
1554281258 6013
1554281258 47985
1554281258 89985
1554281258 132049
1554281258 174202
1554281258 215976
1554281258 257927
1554281258 299948
1554281258 341893
1554281258 383950
1554281258 425958
1554281258 467940
1554281258 509904
1554281258 551948
1554281258 594452
1554281258 635921
1554281258 677941
1554281258 719921
1554281258 762366
1554281258 803967
1554281258 845973
1554281258 887950
1554281258 929978
1554281258 971901
1554281259 14176
1554281259 55964
1554281259 98063
1554281259 139912
1554281259 181893
1554281259 224085
1554281259 265935
1554281259 307924
1554281259 349878
1554281259 391969
1554281259 435116
1554281259 475897
1554281259 517884
1554281259 559887
1554281259 602530
1554281259 644099
1554281259 686446
1554281259 728067
1554281259 769926
1554281259 811893
1554281259 854914
1554281259 897735
1554281259 939971
1554281259 981882
1554281260 24191
1554281260 65925
1554281260 107930
1554281260 149890
1554281260 191880
1554281260 235672
1554281260 277889
1554281260 319897
1554281260 362639
1554281260 404059
1554281260 446018
1554281260 488029
1554281260 529931
1554281260 571993
1554281260 613903
1554281260 656260
1554281260 697934
1554281260 739965
1554281260 781882
1554281260 823948
1554281260 865967
1554281260 907923
1554281260 949956
1554281260 991879
1554281261 33915
1554281261 76275
1554281261 117903
1554281261 159903
1554281261 201892
1554281261 244001
1554281261 286157
1554281261 327985
1554281261 369930
1554281261 411971
1554281261 453937
1554281261 496246
1554281261 537922
1554281261 579888
1554281261 621886
1554281261 663891
1554281261 705953
1554281261 747928
1554281261 789890
1554281261 831931
1554281261 873881
1554281261 916904
1554281261 957949
1554281261 999882
1554281262 41906
1554281262 84738
1554281262 126011
1554281262 168302
1554281262 209932
1554281262 251999
1554281262 293902
1554281262 336341
1554281262 377922
1554281262 419905
1554281262 461891
1554281262 503895
1554281262 546014
1554281262 587917
1554281262 629902
1554281262 671883
1554281262 713881
1554281262 757505
1554281262 799893
1554281262 841884
1554281262 883899
1554281262 926043
1554281262 968006
1554281263 9963
1554281263 51899
1554281263 93931
1554281263 135906
1554281263 178231
1554281263 219935
1554281263 261935
1554281263 303899
1554281263 345987
1554281263 387952
1554281263 429982
1554281263 471891
1554281263 513900
1554281263 555897
1554281263 599901
1554281263 642418
1554281263 683887
1554281263 726017
1554281263 768027
1554281263 809983
1554281263 851897
1554281263 893897
1554281263 935907
1554281263 978248
1554281264 19946
1554281264 61890
1554281264 103900
1554281264 146484
1554281264 187960
1554281264 229948
1554281264 271908
1554281264 313904
1554281264 355922
1554281264 399284
1554281264 439910
1554281264 481944
1554281264 523962
1554281264 566271
1554281264 608033
1554281264 650852
1554281264 691934
1554281264 733908
1554281264 775882
1554281264 818173
1554281264 859980
1554281264 902443
1554281264 943965
1554281264 985889
1554281265 27950
1554281265 69917
1554281265 111892
1554281265 153900
1554281265 195889
1554281265 239359
1554281265 279877
1554281265 321958
1554281265 363952
1554281265 406997
1554281265 448001
1554281265 490038
1554281265 532019
1554281265 573905
1554281265 615938
1554281265 658744
1554281265 700145
1554281265 741927
1554281265 783891
1554281265 825898
1554281265 867923
1554281265 910030
1554281265 951916
1554281265 993968
1554281266 35917
1554281266 79998
1554281266 121913
1554281266 164727
1554281266 205974
1554281266 247970
1554281266 290001
1554281266 331948
1554281266 373909
1554281266 415950
1554281266 457884
1554281266 500203
1554281266 543951
1554281266 585915
1554281266 627884
1554281266 669978
1554281266 711945
1554281266 753922
1554281266 795887
1554281266 837891
1554281266 880586
1554281266 921898
1554281266 963907
1554281267 5958
1554281267 48127
1554281267 89974
1554281267 132090
1554281267 173893
1554281267 215907
1554281267 257882
1554281267 300207
1554281267 341919
1554281267 383898
1554281267 425909
1554281267 467893
1554281267 509955
1554281267 551900
1554281267 593975
1554281267 636039
1554281267 678418
1554281267 721202
1554281267 761883
1554281267 803981
1554281267 845963
1554281267 889085
1554281267 930649
1554281267 971994
1554281268 13940
1554281268 55921
1554281268 97889
1554281268 139959
1554281268 182740
1554281268 223934
1554281268 265968
1554281268 307892
1554281268 349923
1554281268 391988
1554281268 434435
1554281268 475891
1554281268 517882
1554281268 561787
1554281268 603909
1554281268 645964
1554281268 687934
1554281268 729963
1554281268 771987
1554281268 813938
1554281268 855932
1554281268 897964
1554281268 940436
1554281268 982168
1554281269 24054
1554281269 66063
1554281269 107887
1554281269 149893
1554281269 191943
1554281269 233914
1554281269 275907
1554281269 317961
1554281269 359880
1554281269 402450
1554281269 443886
1554281269 486142
1554281269 527949
1554281269 570064
1554281269 611994
1554281269 653952
1554281269 695902
1554281269 737979
1554281269 779902
1554281269 822186
1554281269 864157
1554281269 905926
1554281269 947925
1554281269 989890
1554281270 31964
1554281270 73916
1554281270 115890
1554281270 157887
1554281270 199885
1554281270 243064
1554281270 283891
1554281270 325952
1554281270 367945
1554281270 410612
1554281270 452080
1554281270 493941
1554281270 535927
1554281270 577980
1554281270 620101
1554281270 662452
1554281270 703956
1554281270 745896
1554281270 787927
1554281270 829922
1554281270 871918
1554281270 913949
1554281270 956041
1554281270 997904
1554281271 39902
1554281271 83663
1554281271 125964
1554281271 167962
1554281271 209911
1554281271 251949
1554281271 293971
1554281271 335943
1554281271 377907
1554281271 419882
1554281271 461880
1554281271 504319
1554281271 548459
1554281271 589889
1554281271 631920
1554281271 673962
1554281271 715922
1554281271 757964
1554281271 799887
1554281271 841886
1554281271 884604
1554281271 925928
1554281271 968061
1554281272 9911
1554281272 52224
1554281272 93981
1554281272 136007
1554281272 177922
1554281272 219897
1554281272 261886
1554281272 304288
1554281272 345898
1554281272 387978
1554281272 429953
1554281272 471872
1554281272 513991
1554281272 557920
1554281272 599928
1554281272 641900
1554281272 685160
1554281272 725916
1554281272 767960
1554281272 809921
1554281272 852926
1554281272 893992
1554281272 936210
1554281272 977928
1554281273 19890
1554281273 61886
1554281273 104298
1554281273 145900
1554281273 187926
1554281273 229953
1554281273 271965
1554281273 313971
1554281273 355903
1554281273 397899
1554281273 439902
1554281273 481967
1554281273 525965
1554281273 567966
1554281273 609952
1554281273 652123
1554281273 693926
1554281273 735967
1554281273 777942
1554281273 819932
1554281273 861912
1554281273 903893
1554281273 946293
1554281273 987927
1554281274 29990
1554281274 71883
1554281274 113891
1554281274 156042
1554281274 197923
1554281274 239891
1554281274 281883
1554281274 323883
1554281274 370010
1554281274 411896
1554281274 453960
1554281274 495967
1554281274 538004
1554281274 579907
1554281274 621891
1554281274 663919
1554281274 706215
1554281274 747918
1554281274 789893
1554281274 832378
1554281274 873909
1554281274 915969
1554281274 957946
1554281274 999896
1554281275 41936
1554281275 83901
1554281275 126738
1554281275 167922
1554281275 210135
1554281275 251912
1554281275 294159
1554281275 335964
1554281275 378160
1554281275 419902
1554281275 461895
1554281275 503966
1554281275 546172
1554281275 587894
1554281275 629911
1554281275 671899
1554281275 713881
1554281275 755975
1554281275 797914
1554281275 839905
1554281275 881954
1554281275 923896
1554281275 967416
1554281276 10025
1554281276 51907
1554281276 94780
1554281276 136066
1554281276 177914
1554281276 219934
1554281276 261900
1554281276 303967
1554281276 345903
1554281276 388165
1554281276 429932
1554281276 471915
1554281276 513895
1554281276 555924
1554281276 597899
1554281276 639948
1554281276 681968
1554281276 723900
1554281276 768000
1554281276 810082
1554281276 852019
1554281276 893935
1554281276 935980
1554281276 977980
1554281277 19958
1554281277 61918
1554281277 103889
1554281277 145959
1554281277 188188
1554281277 229925
1554281277 272045
1554281277 313882
1554281277 355894
1554281277 398022
1554281277 440013
1554281277 481886
1554281277 523890
1554281277 565966
1554281277 608683
1554281277 650005
1554281277 692066
1554281277 733900
1554281277 775996
1554281277 818074
1554281277 859968
1554281277 901916
1554281277 943902
1554281277 985889
1554281278 28169
1554281278 69930
1554281278 111913
1554281278 154613
1554281278 195878
1554281278 237956
1554281278 279928
1554281278 321901
1554281278 363890
1554281278 405959
1554281278 449185
1554281278 490020
1554281278 531919
1554281278 573904
1554281278 617057
1554281278 657972
1554281278 699895
1554281278 741929
1554281278 783902
1554281278 825889
1554281278 868865
1554281278 911174
1554281278 951935
1554281278 993906
1554281279 35897
1554281279 77922
1554281279 119928
1554281279 162007
1554281279 203901
1554281279 245955
1554281279 289796
1554281279 331913
1554281279 373972
1554281279 415893
1554281279 457971
1554281279 499961
1554281279 542051
1554281279 583909
1554281279 625928
1554281279 667890
1554281279 710161
1554281279 751925
1554281279 793894
1554281279 835910
1554281279 877888
1554281279 919959
1554281279 961941
1554281280 3894
1554281280 45959
1554281280 87952
1554281280 130391
1554281280 171901
1554281280 213884
1554281280 255883
1554281280 298101
1554281280 339976
1554281280 382506
1554281280 423901
1554281280 465954
1554281280 507902
1554281280 550166
1554281280 591921
1554281280 634025
1554281280 675900
1554281280 717901
1554281280 759960
1554281280 801910
1554281280 843894
1554281280 885958
1554281280 928096
1554281280 971160
1554281281 11882
1554281281 53907
1554281281 95891
1554281281 138486
1554281281 180008
1554281281 221933
1554281281 263939
1554281281 305972
1554281281 347887
1554281281 390384
1554281281 431912
1554281281 473921
1554281281 515882
1554281281 557942
1554281281 599960
1554281281 641937
1554281281 683922
1554281281 725960
1554281281 767946
1554281281 811614
1554281281 853899
1554281281 896410
1554281281 937925
1554281281 980101
1554281282 21948
1554281282 63932
1554281282 105899
1554281282 147901
1554281282 189892
1554281282 232146
1554281282 273920
1554281282 315895
1554281282 357890
1554281282 399883
1554281282 441954
1554281282 483939
1554281282 525962
1554281282 567944
1554281282 609898
1554281282 652939
1554281282 693908
1554281282 735881
1554281282 777883
1554281282 819943
1554281282 861967
1554281282 904539
1554281282 946109
1554281282 987888
1554281283 29906
1554281283 72264
1554281283 113916
1554281283 156481
1554281283 197923
1554281283 239875
1554281283 281939
1554281283 323997
1554281283 365959
1554281283 407941
1554281283 449918
1554281283 492886
1554281283 533903
1554281283 575891
1554281283 617906
1554281283 660494
1554281283 701982
1554281283 744273
1554281283 786008
1554281283 827898
1554281283 869909
1554281283 913377
1554281283 955964
1554281283 997903
1554281284 39898
1554281284 81956
1554281284 123955
1554281284 165949
1554281284 208080
1554281284 249896
1554281284 293567
1554281284 335922
1554281284 377881
1554281284 420173
1554281284 462058
1554281284 503952
1554281284 546010
1554281284 587897
1554281284 629949
1554281284 671903
1554281284 714155
1554281284 755930
1554281284 797977
1554281284 839941
1554281284 881899
1554281284 924098
1554281284 966301
1554281285 7981
1554281285 49944
1554281285 94176
1554281285 135903
1554281285 177939
1554281285 219888
1554281285 262024
1554281285 303960
1554281285 345973
1554281285 387897
1554281285 429888
1554281285 471994
1554281285 514250
1554281285 557908
1554281285 599951
1554281285 642429
1554281285 683949
1554281285 725962
1554281285 767946
1554281285 809915
1554281285 851892
1554281285 895198
1554281285 935879
1554281285 977986
1554281286 19896
1554281286 62253
1554281286 103988
1554281286 146705
1554281286 187929
1554281286 229975
1554281286 271964
1554281286 314178
1554281286 355923
1554281286 398425
1554281286 439912
1554281286 481906
1554281286 523947
1554281286 567861
1554281286 609919
1554281286 651902
1554281286 695259
1554281286 735884
1554281286 777930
1554281286 819882
1554281286 862801
1554281286 903966
1554281286 945938
1554281286 988001
1554281287 29898
1554281287 71969
1554281287 113932
1554281287 156120
1554281287 197917
1554281287 239896
1554281287 281882
1554281287 323916
1554281287 365943
1554281287 408504
1554281287 449929
1554281287 491995
1554281287 535903
1554281287 577907
1554281287 619881
1554281287 661910
1554281287 703947
1554281287 746008
1554281287 787942
1554281287 829926
1554281287 871898
1554281287 913966
1554281287 956411
1554281287 997940
1554281288 39899
1554281288 81879
1554281288 123887
1554281288 166154
1554281288 208047
1554281288 249929
1554281288 291897
1554281288 333887
1554281288 376562
1554281288 417893
1554281288 459880
1554281288 501892
1554281288 544544
1554281288 585991
1554281288 628014
1554281288 669899
1554281288 711894
1554281288 753950
1554281288 796169
1554281288 837924
1554281288 879948
