1554282660 19246
1554282660 60517
1554282660 103613
1554282660 146947
1554282660 188938
1554282660 232832
1554282660 274792
1554282660 316819
1554282660 360219
1554282660 402826
1554282660 447059
1554282660 489022
1554282660 531053
1554282660 576728
1554282660 618714
1554282660 660781
1554282660 703149
1554282660 746680
1554282660 789221
1554282660 833305
1554282660 876658
1554282660 918731
1554282660 962804
1554282661 5163
1554282661 48984
1554282661 90765
1554282661 134755
1554282661 176867
1554282661 218715
1554282661 261290
1554282661 304854
1554282661 346690
1554282661 388671
1554282661 433170
1554282661 475200
1554282661 518748
1554282661 562815
1554282661 605371
1554282661 648928
1554282661 691316
1554282661 734825
1554282661 776760
1554282661 818713
1554282661 860837
1554282661 902994
1554282661 946707
1554282661 988811
1554282662 30678
1554282662 74738
1554282662 116669
1554282662 159309
1554282662 202829
1554282662 245400
1554282662 288933
1554282662 330865
1554282662 373308
1554282662 416844
1554282662 458932
1554282662 500882
1554282662 544860
1554282662 588827
1554282662 630730
1554282662 674634
1554282662 716691
1554282662 758703
1554282662 801964
1554282662 845480
1554282662 888976
1554282662 930893
1554282662 973557
1554282663 16758
1554282663 59312
1554282663 102764
1554282663 146691
1554282663 188668
1554282663 230730
1554282663 275387
1554282663 318663
1554282663 362048
1554282663 405505
1554282663 448991
1554282663 491538
1554282663 535769
1554282663 578776
1554282663 620758
1554282663 662740
1554282663 707501
1554282663 750688
1554282663 795201
1554282663 838674
1554282663 880738
1554282663 925168
1554282663 969069
1554282664 10940
1554282664 52751
1554282664 96750
1554282664 139334
1554282664 182829
1554282664 227023
1554282664 270708
1554282664 312677
1554282664 358685
1554282664 400721
1554282664 445340
1554282664 488939
1554282664 530929
1554282664 572770
1554282664 615272
1554282664 658757
1554282664 700784
1554282664 742708
1554282664 787377
1554282664 831091
1554282664 876258
1554282664 918729
1554282664 960663
1554282665 4981
1554282665 47305
1554282665 90885
1554282665 132931
1554282665 175065
1554282665 218762
1554282665 260818
1554282665 302903
1554282665 345001
1554282665 388715
1554282665 430678
1554282665 472806
1554282665 517216
1554282665 560662
1554282665 603654
1554282665 647468
1554282665 690889
1554282665 733488
1554282665 777526
1554282665 820841
1554282665 862746
1554282665 904746
1554282665 949337
1554282665 992781
1554282666 37049
1554282666 78725
1554282666 120748
1554282666 162941
1554282666 206873
1554282666 250962
1554282666 292781
1554282666 334770
1554282666 378751
1554282666 420818
1554282666 462732
1554282666 504774
1554282666 549100
1554282666 592932
1554282666 637112
1554282666 678654
1554282666 720891
1554282666 762704
1554282666 805324
1554282666 849917
1554282666 892740
1554282666 934725
1554282666 977549
1554282667 20792
1554282667 62789
1554282667 104859
1554282667 148691
1554282667 190681
1554282667 232736
1554282667 274663
1554282667 318725
1554282667 360756
1554282667 402700
1554282667 445774
1554282667 489405
1554282667 533362
1554282667 577413
1554282667 620823
1554282667 662720
1554282667 704696
1554282667 747506
1554282667 790693
1554282667 832715
1554282667 874674
1554282667 918529
1554282667 960694
1554282668 3245
1554282668 46881
1554282668 89350
1554282668 132788
1554282668 174822
1554282668 217003
1554282668 260902
1554282668 302763
1554282668 344749
1554282668 386732
1554282668 429134
1554282668 472682
1554282668 514713
1554282668 558973
1554282668 600704
1554282668 642698
1554282668 686215
1554282668 729575
1554282668 772932
1554282668 814778
1554282668 856768
1554282668 900876
1554282668 942762
1554282668 984785
1554282669 26724
1554282669 70771
1554282669 112691
1554282669 154679
1554282669 199121
1554282669 240672
1554282669 282679
1554282669 325367
1554282669 369102
1554282669 411650
1554282669 454935
1554282669 496737
1554282669 540941
1554282669 582732
1554282669 624789
1554282669 666745
1554282669 710752
1554282669 752678
1554282669 794805
1554282669 836690
1554282669 882676
1554282669 925029
1554282669 968907
1554282670 11278
1554282670 54735
1554282670 96764
1554282670 139344
1554282670 182937
1554282670 224765
1554282670 266715
1554282670 311212
1554282670 354874
1554282670 397209
1554282670 442745
1554282670 485015
1554282670 529233
1554282670 573038
1554282670 614712
1554282670 656817
1554282670 699049
1554282670 742761
1554282670 784839
1554282670 826767
1554282670 868738
1554282670 910902
1554282670 954673
1554282670 997198
1554282671 40837
1554282671 82705
1554282671 125019
1554282671 169040
1554282671 213560
1554282671 256724
1554282671 299013
1554282671 342775
1554282671 384809
1554282671 426874
1554282671 468714
1554282671 511182
1554282671 554735
1554282671 596657
1554282671 640916
1554282671 682665
1554282671 725053
1554282671 768994
1554282671 811015
1554282671 854753
1554282671 897434
1554282671 942765
1554282671 984811
1554282672 26710
1554282672 68710
1554282672 113231
1554282672 156760
1554282672 201201
1554282672 242657
1554282672 284998
1554282672 326956
1554282672 371116
1554282672 413140
1554282672 456792
1554282672 498723
1554282672 541187
1554282672 584781
1554282672 626713
1554282672 668712
1554282672 712697
1554282672 754698
1554282672 797446
1554282672 842370
1554282672 884996
1554282672 926783
1554282672 969648
1554282673 13728
1554282673 56733
1554282673 98744
1554282673 141190
1554282673 185088
1554282673 229329
1554282673 272793
1554282673 316694
1554282673 358667
1554282673 402588
1554282673 444994
1554282673 486919
1554282673 530009
1554282673 573231
1554282673 616731
1554282673 659036
1554282673 703059
1554282673 746735
1554282673 788744
1554282673 831563
1554282673 876886
1554282673 918697
1554282673 962953
1554282674 5018
1554282674 46905
1554282674 90090
1554282674 132792
1554282674 176749
1554282674 218770
1554282674 261066
1554282674 304817
1554282674 347301
1554282674 390762
1554282674 433122
1554282674 476740
1554282674 518664
1554282674 563687
1554282674 606913
1554282674 650302
1554282674 692927
1554282674 734933
1554282674 776767
1554282674 818840
1554282674 860813
1554282674 904799
1554282674 946839
1554282674 988751
1554282675 31725
1554282675 74699
1554282675 116661
1554282675 158654
1554282675 200656
1554282675 245003
1554282675 287016
1554282675 328879
1554282675 371327
1554282675 415212
1554282675 458750
1554282675 500779
1554282675 543268
1554282675 586760
1554282675 628705
1554282675 670723
1554282675 714801
1554282675 756749
1554282675 798764
1554282675 840795
1554282675 886849
1554282675 928832
1554282675 972429
1554282676 15197
1554282676 58746
1554282676 100844
1554282676 143025
1554282676 186741
1554282676 228784
1554282676 270721
1554282676 312759
1554282676 356775
1554282676 398692
1554282676 440675
1554282676 485117
1554282676 528883
1554282676 572060
1554282676 614849
1554282676 658743
1554282676 700772
1554282676 743067
1554282676 786872
1554282676 828902
1554282676 870750
1554282676 912734
1554282676 956686
1554282676 998703
1554282677 40677
1554282677 85143
1554282677 128938
1554282677 171087
1554282677 214808
1554282677 258734
1554282677 300772
1554282677 342726
1554282677 385167
1554282677 428760
1554282677 470692
1554282677 512757
1554282677 557437
1554282677 600769
1554282677 645314
1554282677 688865
1554282677 730906
1554282677 774792
1554282677 817058
1554282677 860949
1554282677 902798
1554282677 945706
1554282677 989362
1554282678 33163
1554282678 76704
1554282678 118752
1554282678 160652
1554282678 202677
1554282678 248917
1554282678 290880
1554282678 333504
1554282678 377139
1554282678 424753
1554282678 466765
1554282678 508748
1554282678 550678
1554282678 592773
1554282678 634707
1554282678 676809
1554282678 720673
1554282678 762696
1554282678 806826
1554282678 848897
1554282678 891419
1554282678 934793
1554282678 977162
1554282679 20800
1554282679 62871
1554282679 105046
1554282679 148780
1554282679 190772
1554282679 232730
1554282679 274843
1554282679 317132
1554282679 360691
1554282679 402666
1554282679 447269
1554282679 490884
1554282679 533655
1554282679 577432
1554282679 620801
1554282679 662739
1554282679 705065
1554282679 748769
1554282679 791297
1554282679 834908
1554282679 878700
1554282679 920763
1554282679 962697
1554282680 8064
1554282680 50868
1554282680 92778
1554282680 136913
1554282680 179196
1554282680 223393
1554282680 267120
1554282680 310726
1554282680 352753
1554282680 394732
1554282680 439402
1554282680 482695
1554282680 527689
1554282680 571001
1554282680 612763
1554282680 655772
1554282680 699115
1554282680 742769
1554282680 784780
1554282680 827274
1554282680 871363
1554282680 914720
1554282680 956996
1554282681 807
1554282681 42710
1554282681 84966
1554282681 130884
1554282681 175813
1554282681 219183
1554282681 262765
1554282681 305314
1554282681 349506
1554282681 392717
1554282681 434744
1554282681 476838
1554282681 519136
1554282681 562757
1554282681 605131
1554282681 648862
1554282681 690927
1554282681 732928
1554282681 775757
1554282681 819167
1554282681 862978
1554282681 904814
1554282681 950092
1554282681 992862
1554282682 34704
1554282682 76947
1554282682 120807
1554282682 162682
1554282682 205029
1554282682 249139
1554282682 292854
1554282682 334923
1554282682 378884
1554282682 422750
1554282682 464830
1554282682 506776
1554282682 550803
1554282682 592720
1554282682 634767
1554282682 677268
1554282682 721238
1554282682 764962
1554282682 809372
1554282682 852840
1554282682 894884
1554282682 938864
1554282682 980970
1554282683 22801
1554282683 64778
1554282683 106709
1554282683 149103
1554282683 192921
1554282683 236705
1554282683 280698
1554282683 322671
1554282683 364952
1554282683 406818
1554282683 450775
1554282683 492803
1554282683 534730
1554282683 577512
1554282683 621680
1554282683 664792
1554282683 706724
1554282683 749351
1554282683 792989
1554282683 834815
1554282683 876800
1554282683 918982
1554282683 962740
1554282684 5026
1554282684 46906
1554282684 91213
1554282684 134805
1554282684 177669
1554282684 221352
1554282684 264796
1554282684 307305
1554282684 351523
1554282684 394890
1554282684 436701
1554282684 478721
1554282684 521113
1554282684 564959
1554282684 606771
1554282684 651244
1554282684 694693
1554282684 737677
1554282684 780923
1554282684 824798
1554282684 866728
1554282684 909539
1554282684 955303
1554282684 998800
1554282685 42762
1554282685 84972
1554282685 126870
1554282685 172024
1554282685 214684
1554282685 256701
1554282685 300862
1554282685 344782
1554282685 387432
1554282685 431071
1554282685 474747
1554282685 517053
1554282685 561344
1554282685 605603
1554282685 651280
1554282685 694765
1554282685 736729
1554282685 780893
1554282685 823048
1554282685 866830
1554282685 908730
1554282685 951475
1554282685 996731
1554282686 38721
1554282686 82758
1554282686 125090
1554282686 168871
1554282686 214878
1554282686 256694
1554282686 299522
1554282686 343174
1554282686 386765
1554282686 428728
1554282686 471417
1554282686 514709
1554282686 556746
1554282686 598806
1554282686 642702
1554282686 685366
1554282686 728908
1554282686 772468
1554282686 814853
1554282686 856667
1554282686 899669
1554282686 943188
1554282686 986765
1554282687 28769
1554282687 71037
1554282687 114740
1554282687 157420
1554282687 200792
1554282687 243141
1554282687 286987
1554282687 328979
1554282687 373640
1554282687 416688
1554282687 459698
1554282687 502824
1554282687 546751
1554282687 589344
1554282687 633046
1554282687 676728
1554282687 718714
1554282687 760715
1554282687 802850
1554282687 846896
1554282687 888853
1554282687 933206
1554282687 976656
1554282688 18722
1554282688 62837
1554282688 106741
1554282688 148730
1554282688 190748
1554282688 234752
1554282688 277301
1554282688 320765
1554282688 365009
1554282688 408847
1554282688 453182
1554282688 494730
1554282688 536692
1554282688 578702
1554282688 621741
1554282688 665112
1554282688 709305
1554282688 753145
1554282688 796716
1554282688 838735
1554282688 880732
1554282688 922792
1554282688 966877
1554282689 8824
1554282689 50691
1554282689 94746
1554282689 136764
1554282689 178780
1554282689 221983
1554282689 265193
1554282689 308816
1554282689 350735
1554282689 393658
1554282689 436737
1554282689 478728
1554282689 520719
1554282689 562734
1554282689 605315
1554282689 648775
1554282689 691131
1554282689 734641
1554282689 776722
1554282689 818686
1554282689 861765
1554282689 905200
1554282689 948734
1554282689 990737
1554282690 33042
1554282690 76760
1554282690 118815
1554282690 160815
1554282690 202921
1554282690 245410
1554282690 288912
1554282690 331334
1554282690 375052
1554282690 418941
1554282690 462805
1554282690 504868
1554282690 548783
1554282690 590758
1554282690 632724
1554282690 676750
1554282690 718714
1554282690 760875
1554282690 802712
1554282690 847015
1554282690 888844
1554282690 930819
1554282690 975154
1554282691 16681
1554282691 58748
1554282691 100855
1554282691 144854
1554282691 187175
1554282691 230827
1554282691 272723
1554282691 315301
1554282691 358728
1554282691 400707
1554282691 442781
1554282691 486929
1554282691 529235
1554282691 572688
1554282691 618917
1554282691 660832
1554282691 703601
1554282691 747136
1554282691 790779
1554282691 832774
1554282691 875950
1554282691 918768
1554282691 960730
1554282692 2714
1554282692 45314
1554282692 88993
1554282692 130859
1554282692 172794
1554282692 216492
1554282692 259246
1554282692 304482
1554282692 347154
1554282692 390770
1554282692 432768
1554282692 475042
1554282692 518734
1554282692 560778
1554282692 602808
1554282692 645219
1554282692 688904
1554282692 730861
1554282692 772778
1554282692 817491
1554282692 860719
1554282692 904042
1554282692 946891
1554282692 990761
1554282693 33289
1554282693 77534
1554282693 120701
1554282693 162729
1554282693 205035
1554282693 249452
1554282693 292674
1554282693 336878
1554282693 378668
1554282693 420779
1554282693 462717
1554282693 506831
1554282693 548828
1554282693 590970
1554282693 632720
1554282693 674777
1554282693 718724
1554282693 760704
1554282693 802692
1554282693 845055
1554282693 889055
1554282693 930945
1554282693 972983
1554282694 17189
1554282694 58721
1554282694 100787
1554282694 142727
1554282694 186044
1554282694 229142
1554282694 272727
1554282694 314716
1554282694 357273
1554282694 401318
1554282694 445310
1554282694 488938
1554282694 530847
1554282694 572719
1554282694 614857
1554282694 658316
1554282694 700977
1554282694 742672
1554282694 786015
1554282694 829134
1554282694 872748
1554282694 914721
1554282694 957017
1554282695 776
1554282695 42718
1554282695 85041
1554282695 129321
1554282695 172677
1554282695 214690
1554282695 258729
1554282695 300748
1554282695 342675
1554282695 385678
1554282695 429329
1554282695 472736
1554282695 514723
1554282695 557054
1554282695 602800
1554282695 645029
1554282695 688972
1554282695 732680
1554282695 774687
1554282695 819084
1554282695 860741
1554282695 902746
1554282695 944960
1554282695 988797
1554282696 30778
1554282696 72715
1554282696 114800
1554282696 156704
1554282696 200756
1554282696 242766
1554282696 285078
1554282696 327139
1554282696 371030
1554282696 412751
1554282696 459415
1554282696 502692
1554282696 544824
1554282696 588871
1554282696 631037
1554282696 674716
1554282696 716738
1554282696 759147
1554282696 802723
1554282696 845234
1554282696 889116
1554282696 932712
1554282696 974658
1554282697 16663
1554282697 60710
1554282697 103228
1554282697 147525
1554282697 191129
1554282697 234744
1554282697 276727
1554282697 320015
1554282697 362721
1554282697 405056
1554282697 449256
1554282697 492828
1554282697 534690
1554282697 576666
1554282697 620665
1554282697 662685
1554282697 704696
1554282697 748334
1554282697 791162
1554282697 834946
1554282697 876892
1554282697 919499
1554282697 962862
1554282698 5109
1554282698 49135
1554282698 103253
1554282698 147929
1554282698 190805
1554282698 234729
1554282698 276724
1554282698 319014
1554282698 362773
1554282698 405069
1554282698 449261
1554282698 492699
1554282698 534666
1554282698 576702
1554282698 621277
1554282698 664696
1554282698 706970
1554282698 750806
1554282698 794762
1554282698 836725
1554282698 878736
1554282698 922808
1554282698 965028
1554282699 9278
1554282699 52772
1554282699 94746
1554282699 136684
1554282699 181057
1554282699 222775
1554282699 264716
1554282699 306731
1554282699 350885
1554282699 393065
1554282699 436840
1554282699 478777
1554282699 521128
1554282699 565046
1554282699 608932
1554282699 658733
1554282699 702758
1554282699 744752
1554282699 786752
1554282699 830102
1554282699 873132
1554282699 916738
1554282699 958808
1554282700 2454
1554282700 45054
1554282700 88936
1554282700 132729
1554282700 174732
1554282700 216775
1554282700 258800
1554282700 302489
1554282700 344747
1554282700 386684
1554282700 430029
1554282700 473163
1554282700 516725
1554282700 558719
1554282700 601074
1554282700 643593
1554282700 687122
1554282700 728894
1554282700 770743
1554282700 812779
1554282700 856705
1554282700 898686
1554282700 942945
1554282700 984725
1554282701 26682
1554282701 69951
1554282701 112805
1554282701 156911
1554282701 199614
1554282701 243025
1554282701 285061
1554282701 328818
1554282701 370733
1554282701 412815
1554282701 456763
1554282701 498663
1554282701 543639
1554282701 586677
1554282701 628743
1554282701 672869
1554282701 714774
1554282701 756746
1554282701 798835
1554282701 840722
1554282701 885120
1554282701 929035
1554282701 970832
1554282702 14688
1554282702 56720
1554282702 98852
1554282702 140756
1554282702 186695
1554282702 229281
1554282702 272880
1554282702 315116
1554282702 358831
1554282702 400750
1554282702 443241
1554282702 487077
1554282702 528862
1554282702 570733
1554282702 618924
1554282702 663977
1554282702 706723
1554282702 748665
1554282702 792040
1554282702 835110
1554282702 878723
1554282702 920885
