1554282660 18476
1554282660 59948
1554282660 101927
1554282660 145984
1554282660 188019
1554282660 232045
1554282660 274012
1554282660 315993
1554282660 357994
1554282660 401982
1554282660 445980
1554282660 488131
1554282660 529905
1554282660 575896
1554282660 617892
1554282660 659896
1554282660 701949
1554282660 745906
1554282660 788431
1554282660 832475
1554282660 875881
1554282660 917917
1554282660 961977
1554282661 4291
1554282661 47949
1554282661 89936
1554282661 133923
1554282661 176037
1554282661 217884
1554282661 260095
1554282661 303936
1554282661 345897
1554282661 387888
1554282661 429887
1554282661 474409
1554282661 517884
1554282661 561976
1554282661 604530
1554282661 648072
1554282661 690438
1554282661 733928
1554282661 775929
1554282661 817892
1554282661 859908
1554282661 902157
1554282661 945923
1554282661 988034
1554282662 29888
1554282662 73886
1554282662 115884
1554282662 158443
1554282662 201975
1554282662 243907
1554282662 288031
1554282662 330030
1554282662 372346
1554282662 415922
1554282662 458106
1554282662 500003
1554282662 543934
1554282662 587901
1554282662 629924
1554282662 673744
1554282662 715913
1554282662 757909
1554282662 800061
1554282662 844276
1554282662 887962
1554282662 930063
1554282662 971919
1554282663 15923
1554282663 58449
1554282663 101904
1554282663 145923
1554282663 187891
1554282663 229925
1554282663 271879
1554282663 317882
1554282663 359930
1554282663 404324
1554282663 448013
1554282663 490629
1554282663 534222
1554282663 577966
1554282663 619881
1554282663 661912
1554282663 706453
1554282663 749906
1554282663 791899
1554282663 837889
1554282663 879885
1554282663 924322
1554282663 968050
1554282664 10070
1554282664 51899
1554282664 95930
1554282664 138458
1554282664 181900
1554282664 226064
1554282664 269888
1554282664 311894
1554282664 357894
1554282664 399896
1554282664 444486
1554282664 487980
1554282664 530083
1554282664 571897
1554282664 614320
1554282664 657897
1554282664 699898
1554282664 741888
1554282664 786555
1554282664 829933
1554282664 875370
1554282664 917950
1554282664 959879
1554282665 3572
1554282665 46106
1554282665 89918
1554282665 131980
1554282665 173927
1554282665 217925
1554282665 259932
1554282665 302082
1554282665 344166
1554282665 387946
1554282665 429887
1554282665 471906
1554282665 516413
1554282665 559883
1554282665 601900
1554282665 646039
1554282665 689916
1554282665 732507
1554282665 776169
1554282665 819966
1554282665 861924
1554282665 903892
1554282665 947938
1554282665 992000
1554282666 33964
1554282666 77922
1554282666 119973
1554282666 161911
1554282666 206013
1554282666 249930
1554282666 291904
1554282666 333932
1554282666 377925
1554282666 419944
1554282666 461904
1554282666 503898
1554282666 547955
1554282666 592122
1554282666 633897
1554282666 677875
1554282666 720040
1554282666 761886
1554282666 804485
1554282666 848706
1554282666 891920
1554282666 933883
1554282666 976595
1554282667 19921
1554282667 61962
1554282667 104030
1554282667 147917
1554282667 189890
1554282667 231963
1554282667 273878
1554282667 317927
1554282667 359970
1554282667 401887
1554282667 444938
1554282667 488569
1554282667 531938
1554282667 576451
1554282667 619910
1554282667 661898
1554282667 703879
1554282667 746115
1554282667 789912
1554282667 831938
1554282667 873895
1554282667 917596
1554282667 959912
1554282668 2426
1554282668 45960
1554282668 88140
1554282668 131926
1554282668 173972
1554282668 215880
1554282668 259933
1554282668 301936
1554282668 343894
1554282668 385916
1554282668 427943
1554282668 471905
1554282668 513919
1554282668 558209
1554282668 599920
1554282668 641924
1554282668 683881
1554282668 728197
1554282668 771929
1554282668 813926
1554282668 855911
1554282668 899916
1554282668 941934
1554282668 983915
1554282669 25915
1554282669 69929
1554282669 111905
1554282669 153895
1554282669 195897
1554282669 239885
1554282669 281893
1554282669 324226
1554282669 368082
1554282669 410771
1554282669 453943
1554282669 495903
1554282669 539915
1554282669 581924
1554282669 623924
1554282669 665897
1554282669 709942
1554282669 751909
1554282669 793888
1554282669 835917
1554282669 881899
1554282669 923881
1554282669 968066
1554282670 10432
1554282670 53898
1554282670 95927
1554282670 138362
1554282670 181949
1554282670 223896
1554282670 265879
1554282670 310418
1554282670 353909
1554282670 396103
1554282670 441967
1554282670 483894
1554282670 528291
1554282670 571970
1554282670 613894
1554282670 655967
1554282670 697909
1554282670 741931
1554282670 783978
1554282670 825947
1554282670 867916
1554282670 909919
1554282670 953892
1554282670 996401
1554282671 39951
1554282671 81922
1554282671 124219
1554282671 168002
1554282671 211964
1554282671 255895
1554282671 297901
1554282671 341935
1554282671 383943
1554282671 426040
1554282671 467894
1554282671 509979
1554282671 553919
1554282671 595889
1554282671 637889
1554282671 681892
1554282671 723893
1554282671 767973
1554282671 810012
1554282671 853915
1554282671 896542
1554282671 941925
1554282671 983948
1554282672 25893
1554282672 67892
1554282672 112432
1554282672 155887
1554282672 197879
1554282672 241878
1554282672 284212
1554282672 326084
1554282672 370144
1554282672 412305
1554282672 455931
1554282672 497891
1554282672 540188
1554282672 583914
1554282672 625886
1554282672 667884
1554282672 711910
1554282672 753906
1554282672 796444
1554282672 841313
1554282672 884213
1554282672 925945
1554282672 968794
1554282673 12837
1554282673 55896
1554282673 97899
1554282673 139909
1554282673 183958
1554282673 227911
1554282673 271958
1554282673 315911
1554282673 357882
1554282673 401698
1554282673 444203
1554282673 486102
1554282673 528056
1554282673 571980
1554282673 615904
1554282673 658172
1554282673 702189
1554282673 745910
1554282673 787911
1554282673 830320
1554282673 876064
1554282673 917923
1554282673 959889
1554282674 4230
1554282674 46085
1554282674 88150
1554282674 131957
1554282674 175896
1554282674 217946
1554282674 259891
1554282674 303921
1554282674 346435
1554282674 389893
1554282674 431942
1554282674 475905
1554282674 517884
1554282674 559902
1554282674 606088
1554282674 648211
1554282674 692098
1554282674 734000
1554282674 775914
1554282674 818003
1554282674 859903
1554282674 903931
1554282674 946017
1554282674 987922
1554282675 30417
1554282675 73913
1554282675 115891
1554282675 157881
1554282675 199882
1554282675 244203
1554282675 286126
1554282675 328072
1554282675 370489
1554282675 413955
1554282675 457902
1554282675 499888
1554282675 542298
1554282675 585904
1554282675 627881
1554282675 669896
1554282675 713925
1554282675 755981
1554282675 797981
1554282675 839964
1554282675 885986
1554282675 928058
1554282675 970140
1554282676 13960
1554282676 57917
1554282676 99957
1554282676 141898
1554282676 185906
1554282676 227953
1554282676 269898
1554282676 311938
1554282676 355922
1554282676 397900
1554282676 439887
1554282676 484281
1554282676 528063
1554282676 570168
1554282676 614013
1554282676 657907
1554282676 699884
1554282676 741925
1554282676 785935
1554282676 828086
1554282676 869927
1554282676 911905
1554282676 955918
1554282676 997931
1554282677 39914
1554282677 81909
1554282677 127987
1554282677 170049
1554282677 213970
1554282677 257899
1554282677 299881
1554282677 341897
1554282677 384287
1554282677 427920
1554282677 469878
1554282677 511933
1554282677 556439
1554282677 600002
1554282677 641879
1554282677 687946
1554282677 730059
1554282677 773962
1554282677 816213
1554282677 859909
1554282677 901977
1554282677 944743
1554282677 988522
1554282678 31946
1554282678 75922
1554282678 117972
1554282678 159883
1554282678 201890
1554282678 247964
1554282678 290046
1554282678 332638
1554282678 375900
1554282678 422646
1554282678 465935
1554282678 507909
1554282678 549888
1554282678 591955
1554282678 633886
1554282678 675958
1554282678 719896
1554282678 761930
1554282678 806005
1554282678 848104
1554282678 890568
1554282678 933953
1554282678 975966
1554282679 19900
1554282679 62061
1554282679 103878
1554282679 147950
1554282679 189945
1554282679 231891
1554282679 273954
1554282679 315940
1554282679 359904
1554282679 401886
1554282679 443885
1554282679 489936
1554282679 531896
1554282679 576245
1554282679 619904
1554282679 661910
1554282679 703893
1554282679 747932
1554282679 790424
1554282679 833896
1554282679 877924
1554282679 919901
1554282679 961916
1554282680 3872
1554282680 50071
1554282680 91919
1554282680 136078
1554282680 178336
1554282680 221923
1554282680 266190
1554282680 309899
1554282680 351899
1554282680 393919
1554282680 438438
1554282680 481910
1554282680 523886
1554282680 570078
1554282680 611929
1554282680 654901
1554282680 697902
1554282680 741909
1554282680 783882
1554282680 826314
1554282680 870457
1554282680 913898
1554282680 956165
1554282681 20
1554282681 41924
1554282681 83878
1554282681 129972
1554282681 172042
1554282681 217934
1554282681 261909
1554282681 304451
1554282681 348140
1554282681 391901
1554282681 433877
1554282681 475947
1554282681 517956
1554282681 561892
1554282681 604336
1554282681 648077
1554282681 690141
1554282681 732140
1554282681 773993
1554282681 817994
1554282681 861918
1554282681 903907
1554282681 945899
1554282681 992054
1554282682 33889
1554282682 76121
1554282682 119941
1554282682 161900
1554282682 204259
1554282682 248277
1554282682 291931
1554282682 333889
1554282682 378054
1554282682 421911
1554282682 463958
1554282682 505959
1554282682 549933
1554282682 591895
1554282682 633950
1554282682 676136
1554282682 720436
1554282682 763885
1554282682 806026
1554282682 851913
1554282682 894051
1554282682 938037
1554282682 980054
1554282683 21955
1554282683 63888
1554282683 105888
1554282683 148159
1554282683 191925
1554282683 235875
1554282683 279917
1554282683 321894
1554282683 363877
1554282683 406009
1554282683 449994
1554282683 492024
1554282683 533934
1554282683 576676
1554282683 620816
1554282683 663919
1554282683 705892
1554282683 748391
1554282683 791899
1554282683 833986
1554282683 875972
1554282683 918150
1554282683 961915
1554282684 4250
1554282684 46105
1554282684 90372
1554282684 133914
1554282684 175896
1554282684 219948
1554282684 263922
1554282684 306431
1554282684 350158
1554282684 394007
1554282684 435880
1554282684 477906
1554282684 519930
1554282684 563891
1554282684 605990
1554282684 650241
1554282684 693894
1554282684 735883
1554282684 780037
1554282684 823907
1554282684 865890
1554282684 907911
1554282684 954446
1554282684 997906
1554282685 41924
1554282685 83890
1554282685 126078
1554282685 168044
1554282685 213907
1554282685 255877
1554282685 299972
1554282685 343902
1554282685 386536
1554282685 430240
1554282685 473895
1554282685 516214
1554282685 559963
1554282685 604791
1554282685 647939
1554282685 693908
1554282685 735884
1554282685 779996
1554282685 822203
1554282685 865906
1554282685 907887
1554282685 950506
1554282685 995907
1554282686 37901
1554282686 81930
1554282686 124226
1554282686 167933
1554282686 213905
1554282686 255887
1554282686 298677
1554282686 341925
1554282686 385901
1554282686 427885
1554282686 470451
1554282686 513887
1554282686 555915
1554282686 597947
1554282686 641922
1554282686 684518
1554282686 727962
1554282686 771550
1554282686 814051
1554282686 855888
1554282686 897878
1554282686 941990
1554282686 985902
1554282687 27944
1554282687 69897
1554282687 113919
1554282687 156432
1554282687 199918
1554282687 241940
1554282687 285967
1554282687 328164
1554282687 372169
1554282687 415909
1554282687 457899
1554282687 501971
1554282687 545908
1554282687 588440
1554282687 632201
1554282687 675902
1554282687 717884
1554282687 759891
1554282687 802019
1554282687 845962
1554282687 888046
1554282687 929900
1554282687 975877
1554282688 17888
1554282688 61995
1554282688 105901
1554282688 147889
1554282688 189887
1554282688 233918
1554282688 276428
1554282688 319892
1554282688 364223
1554282688 407923
1554282688 449901
1554282688 493922
1554282688 535905
1554282688 577879
1554282688 620899
1554282688 664271
1554282688 707900
1554282688 752185
1554282688 795892
1554282688 837909
1554282688 879901
1554282688 921956
1554282688 965962
1554282689 8041
1554282689 49902
1554282689 93959
1554282689 135987
1554282689 178012
1554282689 220970
1554282689 263923
1554282689 307915
1554282689 349893
1554282689 392728
1554282689 435923
1554282689 477900
1554282689 519900
1554282689 561907
1554282689 604327
1554282689 647964
1554282689 690251
1554282689 733751
1554282689 775941
1554282689 817896
1554282689 859911
1554282689 903978
1554282689 947900
1554282689 989892
1554282690 31909
1554282690 75931
1554282690 117999
1554282690 159986
1554282690 202110
1554282690 244254
1554282690 288003
1554282690 330522
1554282690 374262
1554282690 417890
1554282690 461960
1554282690 503968
1554282690 547910
1554282690 589898
1554282690 631906
1554282690 675921
1554282690 717885
1554282690 760053
1554282690 801898
1554282690 845984
1554282690 888079
1554282690 930051
1554282690 971921
1554282691 15888
1554282691 57960
1554282691 99977
1554282691 143983
1554282691 186268
1554282691 229899
1554282691 271891
1554282691 314366
1554282691 357891
1554282691 399887
1554282691 441955
1554282691 485970
1554282691 528468
1554282691 571897
1554282691 617897
1554282691 659969
1554282691 702748
1554282691 745928
1554282691 789910
1554282691 831932
1554282691 874885
1554282691 917935
1554282691 959902
1554282692 1897
1554282692 44474
1554282692 88075
1554282692 130049
1554282692 172027
1554282692 215576
1554282692 258362
1554282692 301900
1554282692 345946
1554282692 389906
1554282692 431934
1554282692 473914
1554282692 517907
1554282692 559949
1554282692 601984
1554282692 643884
1554282692 687993
1554282692 730057
1554282692 771992
1554282692 816074
1554282692 859894
1554282692 901916
1554282692 946064
1554282692 989906
1554282693 32416
1554282693 76153
1554282693 119893
1554282693 161911
1554282693 203885
1554282693 248487
1554282693 291899
1554282693 333914
1554282693 377890
1554282693 419942
1554282693 461891
1554282693 505986
1554282693 547947
1554282693 590115
1554282693 631895
1554282693 673946
1554282693 717893
1554282693 759891
1554282693 801887
1554282693 843900
1554282693 888057
1554282693 930131
1554282693 972204
1554282694 13978
1554282694 57919
1554282694 99920
1554282694 141912
1554282694 184988
1554282694 228302
1554282694 271893
1554282694 313886
1554282694 356312
1554282694 399918
1554282694 444258
1554282694 487988
1554282694 530050
1554282694 571919
1554282694 614053
1554282694 657420
1554282694 700127
1554282694 741900
1554282694 784186
1554282694 827937
1554282694 871905
1554282694 913890
1554282694 955895
1554282694 999963
1554282695 41893
1554282695 83899
1554282695 127943
1554282695 171897
1554282695 213906
1554282695 257909
1554282695 299908
1554282695 341896
1554282695 383881
1554282695 427996
1554282695 471893
1554282695 513883
1554282695 555903
1554282695 601942
1554282695 643888
1554282695 687988
1554282695 731899
1554282695 773912
1554282695 815921
1554282695 859907
1554282695 901886
1554282695 943887
1554282695 987958
1554282696 29939
1554282696 71892
1554282696 113974
1554282696 155878
1554282696 199920
1554282696 241941
1554282696 284255
1554282696 326095
1554282696 369960
1554282696 411978
1554282696 454491
1554282696 501911
1554282696 543943
1554282696 588035
1554282696 630210
1554282696 673896
1554282696 715888
1554282696 758182
1554282696 801896
1554282696 844328
1554282696 887987
1554282696 931908
1554282696 973881
1554282697 15884
1554282697 59875
1554282697 102427
1554282697 146626
1554282697 189902
1554282697 233903
1554282697 275886
1554282697 319063
1554282697 361888
1554282697 404222
1554282697 448211
1554282697 491911
1554282697 533897
1554282697 575883
1554282697 619592
1554282697 661900
1554282697 703880
1554282697 745885
1554282697 789938
1554282697 833926
1554282697 876062
1554282697 917885
1554282697 961966
1554282698 4269
1554282698 47962
1554282698 102328
1554282698 145933
1554282698 189982
1554282698 233900
1554282698 275891
1554282698 317884
1554282698 361950
1554282698 404236
1554282698 447966
1554282698 491919
1554282698 533894
1554282698 575926
1554282698 618137
1554282698 663884
1554282698 705932
1554282698 749961
1554282698 793900
1554282698 835893
1554282698 877909
1554282698 921985
1554282698 963888
1554282699 7943
1554282699 51975
1554282699 93977
1554282699 135896
1554282699 177887
1554282699 221975
1554282699 263880
1554282699 305888
1554282699 350057
1554282699 392199
1554282699 435910
1554282699 477949
1554282699 520164
1554282699 563900
1554282699 607942
1554282699 657958
1554282699 701975
1554282699 743913
1554282699 785910
1554282699 829024
1554282699 871904
1554282699 915906
1554282699 957972
1554282700 944
1554282700 44209
1554282700 87942
1554282700 131916
1554282700 173905
1554282700 215993
1554282700 258039
1554282700 301585
1554282700 343932
1554282700 385898
1554282700 428331
1554282700 471960
1554282700 515895
1554282700 557889
1554282700 599908
1554282700 642711
1554282700 686143
1554282700 728061
1554282700 769919
1554282700 811943
1554282700 855924
1554282700 897894
1554282700 942176
1554282700 983906
1554282701 25893
1554282701 68061
1554282701 111983
1554282701 155912
1554282701 198669
1554282701 242191
1554282701 284240
1554282701 327937
1554282701 369916
1554282701 411988
1554282701 455923
1554282701 497881
1554282701 539879
1554282701 585905
1554282701 627902
1554282701 671997
1554282701 713931
1554282701 755903
1554282701 797972
1554282701 839892
1554282701 884274
1554282701 927977
1554282701 970006
1554282702 13897
1554282702 55913
1554282702 97961
1554282702 139907
1554282702 185908
1554282702 228414
1554282702 272038
1554282702 314282
1554282702 357914
1554282702 399893
1554282702 442283
1554282702 486115
1554282702 528050
1554282702 569917
1554282702 613911
1554282702 660426
1554282702 705953
1554282702 747896
1554282702 791037
1554282702 833917
1554282702 877890
1554282702 919900
