1554293837 393974
1554293837 435994
1554293837 477977
1554293837 519901
1554293837 561892
1554293837 604479
1554293837 646112
1554293837 688065
1554293837 729931
1554293837 771930
1554293837 813956
1554293837 855969
1554293837 897930
1554293837 939901
1554293837 981892
1554293838 25650
1554293838 67901
1554293838 110408
1554293838 151885
1554293838 193983
1554293838 235955
1554293838 277940
1554293838 319895
1554293838 361892
1554293838 403970
1554293838 446308
1554293838 487933
1554293838 529932
1554293838 571938
1554293838 613917
1554293838 655997
1554293838 697952
1554293838 739909
1554293838 781880
1554293838 823895
1554293838 866358
1554293838 907896
1554293838 949932
1554293838 991910
1554293839 33948
1554293839 75993
1554293839 117968
1554293839 159886
1554293839 201880
1554293839 243975
1554293839 286418
1554293839 327929
1554293839 369893
1554293839 411905
1554293839 453911
1554293839 495968
1554293839 537929
1554293839 579901
1554293839 621892
1554293839 663898
1554293839 706951
1554293839 747875
1554293839 789922
1554293839 831925
1554293839 874375
1554293839 915966
1554293839 957908
1554293839 999984
1554293840 42389
1554293840 84077
1554293840 126299
1554293840 167923
1554293840 209954
1554293840 251892
1554293840 293879
1554293840 335963
1554293840 377978
1554293840 419899
1554293840 461902
1554293840 503890
1554293840 547654
1554293840 589900
1554293840 631914
1554293840 673911
1554293840 715957
1554293840 757942
1554293840 799939
1554293840 841943
1554293840 884034
1554293840 927242
1554293840 968314
1554293841 9938
1554293841 52021
1554293841 93891
1554293841 135896
1554293841 177948
1554293841 219927
1554293841 261892
1554293841 303879
1554293841 348112
1554293841 389901
1554293841 432400
1554293841 473905
1554293841 516033
1554293841 557994
1554293841 599942
1554293841 641908
1554293841 684074
1554293841 725945
1554293841 768293
1554293841 809930
1554293841 851943
1554293841 893897
1554293841 936458
1554293841 977967
1554293842 19931
1554293842 61904
1554293842 103880
1554293842 145892
1554293842 189275
1554293842 230091
1554293842 271881
1554293842 313880
1554293842 356290
1554293842 397981
1554293842 440741
1554293842 481907
1554293842 523981
1554293842 565937
1554293842 608198
1554293842 649949
1554293842 692435
1554293842 733884
1554293842 775892
1554293842 817948
1554293842 861924
1554293842 903893
1554293842 945905
1554293842 989377
1554293843 29957
1554293843 71913
1554293843 113910
1554293843 156750
1554293843 197967
1554293843 239952
1554293843 281942
1554293843 323972
1554293843 365993
1554293843 407902
1554293843 450118
1554293843 491923
1554293843 533932
1554293843 575896
1554293843 617905
1554293843 659924
1554293843 702537
1554293843 743903
1554293843 785884
1554293843 829999
1554293843 871913
1554293843 913910
1554293843 955912
1554293843 997948
1554293844 40046
1554293844 82333
1554293844 124087
1554293844 165941
1554293844 207902
1554293844 250199
1554293844 291918
1554293844 333916
1554293844 375885
1554293844 417886
1554293844 459973
1554293844 501924
1554293844 543910
1554293844 585889
1554293844 627891
1554293844 670578
1554293844 711887
1554293844 753881
1554293844 795948
1554293844 838064
1554293844 880009
1554293844 922341
1554293844 963968
1554293845 6009
1554293845 48027
1554293845 90199
1554293845 131927
1554293845 173900
1554293845 216044
1554293845 257892
1554293845 299946
1554293845 341928
1554293845 383888
1554293845 425891
1554293845 467955
1554293845 511282
1554293845 551872
1554293845 593877
1554293845 635897
1554293845 679753
1554293845 721921
1554293845 763958
1554293845 806023
1554293845 847956
1554293845 890919
1554293845 933073
1554293845 973919
1554293846 16058
1554293846 57896
1554293846 99907
1554293846 141928
1554293846 183921
1554293846 225905
1554293846 267962
1554293846 311791
1554293846 353898
1554293846 395897
1554293846 437878
1554293846 480482
1554293846 522389
1554293846 563976
1554293846 605996
1554293846 647931
1554293846 689895
1554293846 732977
1554293846 773922
1554293846 816056
1554293846 857899
1554293846 899925
1554293846 941967
1554293846 984546
1554293847 25899
1554293847 67961
1554293847 109878
1554293847 152414
1554293847 193926
1554293847 236405
1554293847 277887
1554293847 319936
1554293847 362306
1554293847 403981
1554293847 445941
1554293847 487923
1554293847 529953
1554293847 572172
1554293847 613935
1554293847 655892
1554293847 697883
1554293847 740519
1554293847 781949
1554293847 823918
1554293847 865875
1554293847 907920
1554293847 949876
1554293847 993666
1554293848 35883
1554293848 77908
1554293848 120476
1554293848 162377
1554293848 204426
1554293848 246119
1554293848 287917
1554293848 329921
1554293848 372394
1554293848 413902
1554293848 455887
1554293848 497909
1554293848 539992
1554293848 581965
1554293848 623940
1554293848 665929
1554293848 707889
1554293848 750036
1554293848 793687
1554293848 835912
1554293848 877964
1554293848 919917
1554293848 962339
1554293849 4017
1554293849 45978
1554293849 87929
1554293849 129896
1554293849 171917
1554293849 214168
1554293849 255909
1554293849 297888
1554293849 339970
1554293849 381915
1554293849 423943
1554293849 465916
1554293849 507898
1554293849 549918
1554293849 591948
1554293849 635904
1554293849 677985
1554293849 719902
1554293849 761947
1554293849 804034
1554293849 846141
1554293849 887921
1554293849 929962
1554293849 971883
1554293850 14832
1554293850 55910
1554293850 97911
1554293850 139891
1554293850 181881
1554293850 223957
1554293850 266433
1554293850 308131
1554293850 349891
1554293850 391876
1554293850 434834
1554293850 475876
1554293850 517886
1554293850 559923
1554293850 602656
1554293850 644062
1554293850 686580
1554293850 727924
1554293850 769906
1554293850 811885
1554293850 854721
1554293850 897182
1554293850 937972
1554293850 979987
1554293851 21886
1554293851 64227
1554293851 105925
1554293851 147894
1554293851 189895
1554293851 231881
1554293851 275609
1554293851 317889
1554293851 359898
1554293851 402398
1554293851 443968
1554293851 486091
1554293851 528455
1554293851 569926
1554293851 611882
1554293851 653885
1554293851 696235
1554293851 737926
1554293851 780434
1554293851 821916
1554293851 864116
1554293851 905952
1554293851 947920
1554293851 989895
1554293852 32428
1554293852 76088
1554293852 117898
1554293852 159907
1554293852 201888
1554293852 244050
1554293852 293577
1554293852 336174
1554293852 377985
1554293852 419962
1554293852 461891
1554293852 503943
1554293852 545990
1554293852 587919
1554293852 629904
1554293852 671889
1554293852 713880
1554293852 756558
1554293852 797883
1554293852 839895
1554293852 881907
1554293852 924076
1554293852 966042
1554293853 8068
1554293853 49927
1554293853 91944
1554293853 133902
1554293853 176167
1554293853 217921
1554293853 259922
1554293853 301905
1554293853 343890
1554293853 386042
1554293853 427915
1554293853 469894
1554293853 511885
1554293853 553999
1554293853 597224
1554293853 637889
1554293853 679877
1554293853 721888
1554293853 764855
1554293853 806041
1554293853 847968
1554293853 889949
1554293853 931905
1554293853 973881
1554293854 15929
1554293854 58365
1554293854 99908
1554293854 141900
1554293854 183890
1554293854 225938
1554293854 267954
1554293854 309924
1554293854 351897
1554293854 393878
1554293854 437768
1554293854 479895
1554293854 521919
1554293854 563954
1554293854 605977
1554293854 648040
1554293854 689981
1554293854 732042
1554293854 773912
1554293854 815904
1554293854 858375
1554293854 900037
1554293854 941934
1554293854 983880
1554293855 25892
1554293855 68002
1554293855 109928
1554293855 151901
1554293855 194109
1554293855 235899
1554293855 278452
1554293855 319891
1554293855 361890
1554293855 403982
1554293855 446444
1554293855 487998
1554293855 529955
1554293855 571904
1554293855 613947
1554293855 655880
1554293855 698164
1554293855 739920
1554293855 781902
1554293855 823915
1554293855 865902
1554293855 907951
1554293855 949956
1554293855 991899
1554293856 33894
1554293856 75905
1554293856 119048
1554293856 159874
1554293856 201925
1554293856 243982
1554293856 286527
1554293856 328101
1554293856 370055
1554293856 411933
1554293856 453902
1554293856 495902
1554293856 538480
1554293856 579894
1554293856 621922
1554293856 663909
1554293856 705884
1554293856 748231
1554293856 789919
1554293856 832575
1554293856 873935
1554293856 915952
1554293856 959633
1554293857 1935
1554293857 44022
1554293857 85931
1554293857 127965
1554293857 169952
1554293857 211939
1554293857 253897
1554293857 295909
1554293857 337911
1554293857 380170
1554293857 421931
1554293857 463896
1554293857 505917
1554293857 547905
1554293857 589949
1554293857 631937
1554293857 673891
1554293857 715886
1554293857 757928
1554293857 800399
1554293857 841919
1554293857 883965
1554293857 925974
1554293857 967984
1554293858 10056
1554293858 51939
1554293858 94006
1554293858 135879
1554293858 177917
1554293858 220255
1554293858 261923
1554293858 303886
1554293858 345906
1554293858 387880
1554293858 429951
1554293858 471974
1554293858 513913
1554293858 555879
1554293858 597926
1554293858 640952
1554293858 681879
1554293858 724071
1554293858 766045
1554293858 808820
1554293858 849991
1554293858 892264
1554293858 933939
1554293858 975890
1554293859 17889
1554293859 60748
1554293859 101899
1554293859 143898
1554293859 185941
1554293859 227880
1554293859 269949
1554293859 311911
1554293859 353904
1554293859 395889
1554293859 437888
1554293859 481500
1554293859 523965
1554293859 565929
1554293859 608280
1554293859 650176
1554293859 691937
1554293859 733940
1554293859 776057
1554293859 817882
1554293859 859999
1554293859 902366
1554293859 943953
1554293859 986132
1554293860 27889
1554293860 69895
1554293860 111946
1554293860 153917
1554293860 195901
1554293860 237884
1554293860 279880
1554293860 324061
1554293860 366096
1554293860 407914
1554293860 449937
1554293860 491993
1554293860 533970
1554293860 575895
1554293860 617906
1554293860 660052
1554293860 701984
1554293860 744165
1554293860 785968
1554293860 827898
1554293860 870102
1554293860 911901
1554293860 953924
1554293860 995920
1554293861 37929
1554293861 79920
1554293861 122995
1554293861 163958
1554293861 205983
1554293861 247943
1554293861 291091
1554293861 332027
1554293861 374267
1554293861 415914
1554293861 457907
1554293861 499897
1554293861 541928
1554293861 584181
1554293861 625936
1554293861 667899
1554293861 709883
1554293861 751900
1554293861 793920
1554293861 835922
1554293861 877934
1554293861 920392
1554293861 963740
1554293862 5947
1554293862 47940
1554293862 90900
1554293862 131994
1554293862 174003
1554293862 215937
1554293862 257901
1554293862 299927
1554293862 341892
1554293862 384217
1554293862 425906
1554293862 467895
1554293862 509883
1554293862 551904
1554293862 593968
1554293862 635923
1554293862 677911
1554293862 719882
1554293862 764269
1554293862 806027
1554293862 848031
1554293862 889991
1554293862 931990
1554293862 973972
1554293863 15948
1554293863 57911
1554293863 99886
1554293863 141876
1554293863 184219
1554293863 225935
1554293863 267957
1554293863 309892
1554293863 351884
1554293863 393946
1554293863 435921
1554293863 477946
1554293863 519900
1554293863 561876
1554293863 604691
1554293863 645924
1554293863 687953
1554293863 729906
1554293863 772490
1554293863 813989
1554293863 856040
1554293863 897905
1554293863 939927
1554293863 981957
1554293864 24214
1554293864 65888
1554293864 107910
1554293864 150010
1554293864 191882
1554293864 233953
1554293864 275922
1554293864 317909
1554293864 359917
1554293864 401875
1554293864 445230
1554293864 485902
1554293864 527928
1554293864 569911
1554293864 612635
1554293864 653980
1554293864 695968
1554293864 737968
1554293864 779903
1554293864 821939
1554293864 863902
1554293864 907466
1554293864 949984
1554293864 991907
1554293865 33959
1554293865 75922
1554293865 117939
1554293865 160038
1554293865 202323
1554293865 245966
1554293865 287928
1554293865 329922
1554293865 371910
1554293865 414472
1554293865 455974
1554293865 497942
1554293865 539914
1554293865 581884
1554293865 623905
1554293865 666973
1554293865 707920
1554293865 749979
1554293865 791891
1554293865 833922
1554293865 875962
1554293865 918452
1554293865 960032
1554293866 1883
1554293866 43962
1554293866 86465
1554293866 127907
1554293866 170529
1554293866 211892
1554293866 254077
1554293866 296072
1554293866 337953
1554293866 379928
1554293866 421890
1554293866 463902
1554293866 506179
1554293866 547933
1554293866 589893
1554293866 631911
1554293866 674430
1554293866 715948
1554293866 757914
1554293866 799892
1554293866 841891
1554293866 883964
1554293866 927670
1554293866 969926
1554293867 11906
1554293867 54615
1554293867 96101
1554293867 137910
1554293867 179907
1554293867 221963
1554293867 263898
1554293867 306417
1554293867 347927
1554293867 389901
1554293867 431904
1554293867 473879
1554293867 516133
1554293867 557920
1554293867 599915
1554293867 641900
1554293867 683926
1554293867 727622
1554293867 769896
1554293867 811905
1554293867 853880
1554293867 896131
1554293867 938056
1554293867 979939
1554293868 21916
1554293868 63905
1554293868 105897
1554293868 148158
1554293868 189903
1554293868 231898
1554293868 273913
1554293868 315948
1554293868 357936
1554293868 399920
1554293868 441884
1554293868 483995
1554293868 525929
1554293868 568355
1554293868 609901
1554293868 651908
1554293868 693904
1554293868 736179
1554293868 778007
1554293868 819938
1554293868 861921
1554293868 903918
1554293868 945914
1554293868 988872
1554293869 29921
1554293869 71944
1554293869 113892
1554293869 155878
1554293869 197943
1554293869 240438
1554293869 281897
1554293869 323960
1554293869 365958
1554293869 408975
1554293869 449882
1554293869 491945
1554293869 533884
1554293869 576349
1554293869 617977
1554293869 660392
1554293869 701924
1554293869 743905
1554293869 785965
1554293869 828281
1554293869 869885
1554293869 911939
1554293869 954088
1554293869 996424
1554293870 37955
1554293870 80154
1554293870 121913
1554293870 163984
1554293870 205961
1554293870 250128
1554293870 291986
1554293870 333919
1554293870 375882
1554293870 417954
1554293870 459943
1554293870 501987
1554293870 543932
1554293870 585967
1554293870 627929
1554293870 670174
1554293870 711921
1554293870 754421
1554293870 795924
1554293870 837923
1554293870 881926
1554293870 924056
1554293870 965999
1554293871 10062
1554293871 51906
1554293871 93909
1554293871 135898
1554293871 178028
1554293871 219961
1554293871 261941
1554293871 303893
1554293871 345891
1554293871 387897
1554293871 430204
1554293871 471919
1554293871 513951
1554293871 555904
1554293871 597880
1554293871 639956
1554293871 682246
1554293871 723962
1554293871 766090
1554293871 807901
1554293871 850760
1554293871 891889
1554293871 933892
1554293871 975911
1554293872 18305
1554293872 59984
1554293872 102222
1554293872 143921
1554293872 185977
1554293872 227882
1554293872 270214
1554293872 311913
1554293872 353908
1554293872 395894
1554293872 437873
1554293872 479952
1554293872 521921
1554293872 563964
1554293872 605930
1554293872 647923
1554293872 691323
1554293872 731978
1554293872 773905
1554293872 815877
1554293872 858842
1554293872 899949
1554293872 941937
1554293872 984157
1554293873 25908
1554293873 67900
1554293873 109893
1554293873 152224
1554293873 193947
1554293873 235895
1554293873 277893
1554293873 319901
1554293873 361924
1554293873 404094
1554293873 445933
1554293873 487917
1554293873 531968
1554293873 573910
1554293873 615898
1554293873 657892
1554293873 699957
1554293873 742002
1554293873 783952
1554293873 825924
1554293873 867901
1554293873 909913
1554293873 954026
1554293873 996487
1554293874 37893
1554293874 79885
1554293874 122328
1554293874 164022
1554293874 205935
1554293874 247930
1554293874 289894
1554293874 332540
1554293874 373880
1554293874 415917
1554293874 457881
1554293874 501780
1554293874 543960
1554293874 585899
1554293874 627895
1554293874 669897
1554293874 712164
1554293874 753902
1554293874 795901
1554293874 837913
1554293874 879897
1554293874 922272
1554293874 963955
1554293875 5940
1554293875 47921
1554293875 89897
1554293875 133190
1554293875 173976
1554293875 215896
1554293875 257903
1554293875 301002
1554293875 342036
1554293875 383910
1554293875 425933
1554293875 467903
1554293875 509931
1554293875 552421
1554293875 593928
1554293875 635896
1554293875 677902
1554293875 719923
1554293875 762823
1554293875 804250
1554293875 846052
1554293875 887962
1554293875 929923
1554293875 973734
1554293876 16068
1554293876 57939
1554293876 99880
1554293876 142036
1554293876 183962
1554293876 225966
1554293876 267910
1554293876 309888
1554293876 351877
1554293876 394230
1554293876 435993
1554293876 477906
1554293876 519890
1554293876 561877
1554293876 603984
1554293876 645995
1554293876 687933
1554293876 729890
1554293876 771956
1554293876 814409
1554293876 855895
1554293876 898109
1554293876 939958
1554293876 981956
1554293877 23979
1554293877 65934
1554293877 107899
1554293877 149939
1554293877 191892
1554293877 234260
1554293877 275915
1554293877 317903
1554293877 359883
1554293877 401909
1554293877 443990
1554293877 486147
1554293877 527928
1554293877 569902
1554293877 611924
1554293877 655046
1554293877 695881
1554293877 737913
1554293877 779893
1554293877 822446
1554293877 864095
1554293877 905944
1554293877 947936
1554293877 990006
1554293878 31881
1554293878 74831
1554293878 115915
1554293878 157899
1554293878 199958
1554293878 241889
1554293878 283977
1554293878 325927
1554293878 367951
1554293878 409918
1554293878 451889
1554293878 495580
1554293878 537926
1554293878 580493
1554293878 621904
1554293878 664116
1554293878 705944
1554293878 748001
1554293878 789906
1554293878 832010
1554293878 873924
1554293878 917697
1554293878 959894
1554293879 1905
1554293879 43969
1554293879 86147
1554293879 127920
1554293879 169913
1554293879 211888
1554293879 253885
1554293879 296203
1554293879 337971
1554293879 379895
1554293879 421884
