1554293837 397319
1554293837 438525
1554293837 479785
1554293837 521707
1554293837 564818
1554293837 607304
1554293837 648076
1554293837 690048
1554293837 731741
1554293837 774094
1554293837 816444
1554293837 858023
1554293837 899704
1554293837 942090
1554293837 986704
1554293838 27486
1554293838 69637
1554293838 112583
1554293838 155175
1554293838 196097
1554293838 238273
1554293838 279758
1554293838 321711
1554293838 364117
1554293838 407076
1554293838 448907
1554293838 490028
1554293838 532117
1554293838 573725
1554293838 616062
1554293838 658317
1554293838 699748
1554293838 741628
1554293838 783646
1554293838 827341
1554293838 868404
1554293838 909616
1554293838 951761
1554293838 994863
1554293839 35758
1554293839 78329
1554293839 119802
1554293839 161782
1554293839 204127
1554293839 247035
1554293839 288450
1554293839 330137
1554293839 371681
1554293839 413675
1554293839 456424
1554293839 498378
1554293839 539751
1554293839 581664
1554293839 623600
1554293839 667987
1554293839 708937
1554293839 749585
1554293839 792078
1554293839 834121
1554293839 876376
1554293839 917780
1554293839 960196
1554293840 1784
1554293840 44331
1554293840 86892
1554293840 128537
1554293840 170013
1554293840 212051
1554293840 253717
1554293840 296047
1554293840 338473
1554293840 379747
1554293840 421619
1554293840 463602
1554293840 507930
1554293840 550265
1554293840 591622
1554293840 633696
1554293840 676809
1554293840 717759
1554293840 760274
1554293840 801753
1554293840 844248
1554293840 886168
1554293840 932113
1554293840 970266
1554293841 11732
1554293841 54043
1554293841 95690
1554293841 138058
1554293841 180287
1554293841 221626
1554293841 263592
1554293841 305613
1554293841 349917
1554293841 391603
1554293841 434295
1554293841 476926
1554293841 518017
1554293841 560362
1554293841 601745
1554293841 644319
1554293841 686680
1554293841 729036
1554293841 770202
1554293841 811736
1554293841 853765
1554293841 895695
1554293841 939504
1554293841 980408
1554293842 21685
1554293842 63618
1554293842 105631
1554293842 149805
1554293842 191147
1554293842 231787
1554293842 273659
1554293842 316071
1554293842 358491
1554293842 400231
1554293842 443191
1554293842 484414
1554293842 526072
1554293842 568748
1554293842 610425
1554293842 651760
1554293842 694381
1554293842 735690
1554293842 778089
1554293842 820729
1554293842 863802
1554293842 905648
1554293842 949937
1554293842 991194
1554293843 31682
1554293843 73633
1554293843 115719
1554293843 159084
1554293843 199798
1554293843 242705
1554293843 284211
1554293843 326098
1554293843 368405
1554293843 410472
1554293843 452670
1554293843 493710
1554293843 535901
1554293843 577682
1554293843 620062
1554293843 661971
1554293843 704418
1554293843 745649
1554293843 787555
1554293843 831994
1554293843 873610
1554293843 915648
1554293843 958838
1554293843 999778
1554293844 42774
1554293844 84251
1554293844 126134
1554293844 168131
1554293844 210528
1554293844 252873
1554293844 293716
1554293844 336144
1554293844 377686
1554293844 420082
1554293844 462274
1554293844 503663
1554293844 545677
1554293844 588064
1554293844 631270
1554293844 672416
1554293844 713674
1554293844 755592
1554293844 799092
1554293844 840100
1554293844 882821
1554293844 924319
1554293844 966117
1554293845 8123
1554293845 51312
1554293845 92290
1554293845 133747
1554293845 176012
1554293845 218097
1554293845 260503
1554293845 302220
1554293845 343720
1554293845 385672
1554293845 427631
1554293845 473045
1554293845 513092
1554293845 553579
1554293845 595563
1554293845 638016
1554293845 681762
1554293845 724556
1554293845 766024
1554293845 808336
1554293845 851078
1554293845 895187
1554293845 934895
1554293845 975724
1554293846 18109
1554293846 59963
1554293846 102304
1554293846 144367
1554293846 185701
1554293846 227628
1554293846 271931
1554293846 313603
1554293846 355609
1554293846 397752
1554293846 440851
1554293846 483259
1554293846 524764
1554293846 566079
1554293846 608126
1554293846 650076
1554293846 692601
1554293846 735214
1554293846 775728
1554293846 818203
1554293846 859759
1554293846 902232
1554293846 944685
1554293846 986452
1554293847 27681
1554293847 69674
1554293847 113210
1554293847 154259
1554293847 195651
1554293847 238299
1554293847 281250
1554293847 321743
1554293847 364641
1554293847 406133
1554293847 448099
1554293847 490556
1554293847 532993
1554293847 574192
1554293847 616092
1554293847 657657
1554293847 699728
1554293847 743476
1554293847 784243
1554293847 825653
1554293847 867604
1554293847 909700
1554293847 953739
1554293847 995489
1554293848 37603
1554293848 83347
1554293848 122900
1554293848 164761
1554293848 206416
1554293848 248134
1554293848 289963
1554293848 332359
1554293848 374459
1554293848 415709
1554293848 457694
1554293848 499798
1554293848 542684
1554293848 584375
1554293848 625791
1554293848 667655
1554293848 709590
1554293848 754111
1554293848 795517
1554293848 837647
1554293848 879800
1554293848 923188
1554293848 964324
1554293849 6395
1554293849 48130
1554293849 90039
1554293849 131683
1554293849 174617
1554293849 216888
1554293849 257711
1554293849 299779
1554293849 341777
1554293849 384435
1554293849 426280
1554293849 467638
1554293849 509631
1554293849 551656
1554293849 596345
1554293849 637633
1554293849 679699
1554293849 723088
1554293849 764310
1554293849 806562
1554293849 848185
1554293849 890117
1554293849 932030
1554293849 974472
1554293850 17555
1554293850 57718
1554293850 99785
1554293850 141706
1554293850 184367
1554293850 226669
1554293850 268328
1554293850 310134
1554293850 351691
1554293850 395707
1554293850 436668
1554293850 477623
1554293850 519954
1554293850 562496
1554293850 604701
1554293850 646412
1554293850 688637
1554293850 730044
1554293850 771737
1554293850 814406
1554293850 857004
1554293850 899165
1554293850 939937
1554293850 981769
1554293851 24318
1554293851 66710
1554293851 107614
1554293851 149594
1554293851 191588
1554293851 235766
1554293851 278617
1554293851 319610
1554293851 361680
1554293851 405064
1554293851 445778
1554293851 488537
1554293851 530553
1554293851 571739
1554293851 613675
1554293851 656888
1554293851 698136
1554293851 739798
1554293851 782400
1554293851 823714
1554293851 866404
1554293851 908139
1554293851 949621
1554293851 991595
1554293852 36510
1554293852 83129
1554293852 119628
1554293852 161729
1554293852 205135
1554293852 246075
1554293852 296429
1554293852 338770
1554293852 379929
1554293852 421747
1554293852 463691
1554293852 506384
1554293852 548304
1554293852 590021
1554293852 631940
1554293852 673606
1554293852 717388
1554293852 758398
1554293852 799601
1554293852 841588
1554293852 886465
1554293852 926218
1554293852 968608
1554293853 10379
1554293853 51768
1554293853 94147
1554293853 136512
1554293853 178229
1554293853 219810
1554293853 261750
1554293853 303704
1554293853 346530
1554293853 388603
1554293853 429660
1554293853 471635
1554293853 513620
1554293853 557993
1554293853 599030
1554293853 639689
1554293853 681594
1554293853 724365
1554293853 767004
1554293853 807988
1554293853 850431
1554293853 891795
1554293853 933704
1554293853 975668
1554293854 18182
1554293854 60868
1554293854 101711
1554293854 143698
1554293854 185736
1554293854 228044
1554293854 270231
1554293854 311732
1554293854 353600
1554293854 395583
1554293854 439563
1554293854 481618
1554293854 524121
1554293854 567201
1554293854 608208
1554293854 650579
1554293854 691781
1554293854 734309
1554293854 775743
1554293854 818921
1554293854 860351
1554293854 901947
1554293854 943738
1554293854 985733
1554293855 29562
1554293855 70655
1554293855 111715
1554293855 153612
1554293855 195969
1554293855 239229
1554293855 280321
1554293855 321724
1554293855 364081
1554293855 407036
1554293855 448641
1554293855 490483
1554293855 531938
1554293855 573695
1554293855 615752
1554293855 658618
1554293855 700374
1554293855 742128
1554293855 783721
1554293855 825774
1554293855 868312
1554293855 910021
1554293855 951696
1554293855 993659
1554293856 35660
1554293856 80019
1554293856 120877
1554293856 161699
1554293856 204111
1554293856 246548
1554293856 288687
1554293856 330456
1554293856 372397
1554293856 413751
1554293856 455763
1554293856 497693
1554293856 540574
1554293856 581667
1554293856 623741
1554293856 665761
1554293856 707606
1554293856 750735
1554293856 792204
1554293856 834428
1554293856 875648
1554293856 919953
1554293856 961470
1554293857 4919
1554293857 46318
1554293857 89108
1554293857 130021
1554293857 172401
1554293857 213752
1554293857 255771
1554293857 297728
1554293857 340933
1554293857 382101
1554293857 423732
1554293857 465759
1554293857 507734
1554293857 550138
1554293857 592266
1554293857 633661
1554293857 675620
1554293857 717585
1554293857 761315
1554293857 802533
1554293857 844096
1554293857 885968
1554293857 929401
1554293857 969792
1554293858 12406
1554293858 53805
1554293858 95976
1554293858 137684
1554293858 180653
1554293858 222268
1554293858 263741
1554293858 305743
1554293858 347702
1554293858 390500
1554293858 432606
1554293858 473706
1554293858 515626
1554293858 557583
1554293858 601811
1554293858 643583
1554293858 684060
1554293858 725771
1554293858 768396
1554293858 810798
1554293858 852343
1554293858 894311
1554293858 935751
1554293858 977692
1554293859 20472
1554293859 63295
1554293859 103710
1554293859 145750
1554293859 187760
1554293859 230144
1554293859 272425
1554293859 313641
1554293859 355627
1554293859 397607
1554293859 442553
1554293859 483720
1554293859 525969
1554293859 568280
1554293859 611550
1554293859 652204
1554293859 694263
1554293859 735761
1554293859 778012
1554293859 819757
1554293859 866061
1554293859 904395
1554293859 945915
1554293859 988100
1554293860 29704
1554293860 72099
1554293860 114218
1554293860 155651
1554293860 197632
1554293860 239583
1554293860 284676
1554293860 325812
1554293860 368334
1554293860 411524
1554293860 451749
1554293860 494458
1554293860 535793
1554293860 577680
1554293860 619788
1554293860 663814
1554293860 703717
1554293860 746751
1554293860 787732
1554293860 829674
1554293860 872022
1554293860 914289
1554293860 956168
1554293860 997618
1554293861 43045
1554293861 84144
1554293861 124950
1554293861 165718
1554293861 207941
1554293861 251068
1554293861 292988
1554293861 334357
1554293861 376226
1554293861 417719
1554293861 459966
1554293861 502109
1554293861 543808
1554293861 586104
1554293861 627737
1554293861 669677
1554293861 711654
1554293861 754044
1554293861 796278
1554293861 837604
1554293861 879644
1554293861 924650
1554293861 965543
1554293862 7810
1554293862 50249
1554293862 92842
1554293862 133781
1554293862 176364
1554293862 217766
1554293862 259934
1554293862 301730
1554293862 344819
1554293862 386134
1554293862 427707
1554293862 469702
1554293862 511680
1554293862 554078
1554293862 596342
1554293862 637628
1554293862 679660
1554293862 721575
1554293862 766527
1554293862 807761
1554293862 850064
1554293862 893104
1554293862 933785
1554293862 976302
1554293863 17783
1554293863 59937
1554293863 101666
1554293863 144852
1554293863 186117
1554293863 227737
1554293863 269758
1554293863 311696
1554293863 354026
1554293863 396301
1554293863 437650
1554293863 479650
1554293863 521595
1554293863 565623
1554293863 606736
1554293863 647648
1554293863 690134
1554293863 732861
1554293863 774482
1554293863 816215
1554293863 858006
1554293863 899765
1554293863 941922
1554293863 984713
1554293864 26234
1554293864 67660
1554293864 109703
1554293864 151792
1554293864 194334
1554293864 236608
1554293864 277687
1554293864 319657
1554293864 361647
1554293864 406290
1554293864 447288
1554293864 487637
1554293864 530166
1554293864 572162
1554293864 614718
1554293864 655794
1554293864 698278
1554293864 739794
1554293864 781709
1554293864 823748
1554293864 869911
1554293864 909661
1554293864 951965
1554293864 993715
1554293865 36097
1554293865 78034
1554293865 119646
1554293865 162346
1554293865 206457
1554293865 247804
1554293865 289788
1554293865 331962
1554293865 375333
1554293865 416513
1554293865 458375
1554293865 500007
1554293865 541923
1554293865 583682
1554293865 626956
1554293865 669108
1554293865 709721
1554293865 751760
1554293865 793676
1554293865 836046
1554293865 880075
1554293865 920391
1554293865 962302
1554293866 4013
1554293866 47498
1554293866 88651
1554293866 129648
1554293866 172517
1554293866 214824
1554293866 256289
1554293866 298443
1554293866 339980
1554293866 381946
1554293866 424477
1554293866 466643
1554293866 508180
1554293866 549763
1554293866 591797
1554293866 633715
1554293866 677362
1554293866 718229
1554293866 759626
1554293866 801595
1554293866 844004
1554293866 888146
1554293866 929666
1554293866 971760
1554293867 14164
1554293867 57735
1554293867 98470
1554293867 140239
1554293867 181751
1554293867 223786
1554293867 266470
1554293867 308494
1554293867 349799
1554293867 391694
1554293867 433721
1554293867 476168
1554293867 518047
1554293867 559724
1554293867 601723
1554293867 644044
1554293867 687814
1554293867 729632
1554293867 771606
1554293867 813711
1554293867 856920
1554293867 898115
1554293867 940605
1554293867 981741
1554293868 23734
1554293868 65815
1554293868 108615
1554293868 150680
1554293868 191705
1554293868 234808
1554293868 275733
1554293868 318349
1554293868 360250
1554293868 401654
1554293868 444063
1554293868 485972
1554293868 530247
1554293868 570185
1554293868 611601
1554293868 653728
1554293868 696753
1554293868 738126
1554293868 780404
1554293868 821735
1554293868 863743
1554293868 905764
1554293868 949093
1554293868 990871
1554293869 31731
1554293869 73752
1554293869 115707
1554293869 158404
1554293869 200259
1554293869 242699
1554293869 284030
1554293869 325955
1554293869 369946
1554293869 410802
1554293869 451593
1554293869 494341
1554293869 536078
1554293869 578442
1554293869 620370
1554293869 662823
1554293869 703926
1554293869 746445
1554293869 788429
1554293869 830370
1554293869 871688
1554293869 913761
1554293869 956006
1554293869 999056
1554293870 40408
1554293870 82385
1554293870 124036
1554293870 166008
1554293870 210277
1554293870 251973
1554293870 293708
1554293870 335708
1554293870 378836
1554293870 420010
1554293870 462351
1554293870 504089
1554293870 545780
1554293870 587772
1554293870 630877
1554293870 672722
1554293870 713728
1554293870 756371
1554293870 797736
1554293870 840284
1554293870 885506
1554293870 926381
1554293870 970741
1554293871 11804
1554293871 53621
1554293871 95656
1554293871 139366
1554293871 180103
1554293871 222285
1554293871 263796
1554293871 305759
1554293871 347697
1554293871 390913
1554293871 432777
1554293871 473723
1554293871 515802
1554293871 557715
1554293871 600405
1554293871 642985
1554293871 684081
1554293871 725941
1554293871 767805
1554293871 811641
1554293871 852741
1554293871 893597
1554293871 935615
1554293871 978119
1554293872 20421
1554293872 62287
1554293872 104289
1554293872 145807
1554293872 187782
1554293872 230393
1554293872 272342
1554293872 313733
1554293872 355800
1554293872 397766
1554293872 440408
1554293872 482960
1554293872 524058
1554293872 565960
1554293872 607782
1554293872 651984
1554293872 693209
1554293872 733729
1554293872 775627
1554293872 817674
1554293872 860980
1554293872 901753
1554293872 944342
1554293872 986110
1554293873 27717
1554293873 71497
1554293873 112581
1554293873 154724
1554293873 195746
1554293873 237697
1554293873 279694
1554293873 322787
1554293873 364517
1554293873 406091
1554293873 447777
1554293873 492993
1554293873 533806
1554293873 575618
1554293873 617664
1554293873 660900
1554293873 701769
1554293873 744428
1554293873 785934
1554293873 827795
1554293873 869757
1554293873 915108
1554293873 955938
1554293873 998456
1554293874 39677
1554293874 82945
1554293874 124575
1554293874 165977
1554293874 207797
1554293874 252702
1554293874 293228
1554293874 334400
1554293874 375578
1554293874 417617
1554293874 460884
1554293874 504285
1554293874 545888
1554293874 587704
1554293874 629993
1554293874 672917
1554293874 714241
1554293874 755688
1554293874 797717
1554293874 839339
1554293874 881088
1554293874 924550
1554293874 965943
1554293875 7760
1554293875 49767
1554293875 94452
1554293875 134992
1554293875 175671
1554293875 217616
1554293875 260086
1554293875 303135
1554293875 343971
1554293875 386247
1554293875 427745
1554293875 469770
1554293875 511721
1554293875 554569
1554293875 595749
1554293875 638026
1554293875 679707
1554293875 721751
1554293875 765460
1554293875 806611
1554293875 848048
1554293875 890016
1554293875 934134
1554293875 975785
1554293876 17788
1554293876 59796
1554293876 103412
1554293876 143985
1554293876 186343
1554293876 227800
1554293876 269763
1554293876 311701
1554293876 354822
1554293876 396137
1554293876 437799
1554293876 479715
1554293876 521703
1554293876 564390
1554293876 606460
1554293876 648089
1554293876 689796
1554293876 731591
1554293876 775468
1554293876 816240
1554293876 857621
1554293876 900119
1554293876 943004
1554293876 984043
1554293877 26379
1554293877 67797
1554293877 109697
1554293877 151740
1554293877 194537
1554293877 236189
1554293877 277723
1554293877 319769
1554293877 361669
1554293877 404909
1554293877 446840
1554293877 488283
1554293877 529767
1554293877 571663
1554293877 615796
1554293877 656862
1554293877 697589
1554293877 739732
1554293877 782069
1554293877 824532
1554293877 866419
1554293877 908362
1554293877 949752
1554293877 991796
1554293878 33659
1554293878 77802
1554293878 117726
1554293878 159690
1554293878 201791
1554293878 246358
1554293878 286769
1554293878 328096
1554293878 370096
1554293878 411703
1554293878 455705
1554293878 497425
1554293878 539811
1554293878 582697
1554293878 624929
1554293878 666063
1554293878 708277
1554293878 749918
1554293878 791695
1554293878 835274
1554293878 877163
1554293878 919595
1554293878 961679
1554293879 4122
1554293879 46342
1554293879 89186
1554293879 129724
1554293879 171640
1554293879 213618
1554293879 257756
1554293879 298024
1554293879 339746
1554293879 381602
1554293879 424999
