1554293837 397481
1554293837 438621
1554293837 479969
1554293837 521799
1554293837 565032
1554293837 607418
1554293837 648166
1554293837 690144
1554293837 731917
1554293837 774185
1554293837 816703
1554293837 858111
1554293837 899789
1554293837 942176
1554293837 986796
1554293838 27571
1554293838 69723
1554293838 112677
1554293838 155267
1554293838 196187
1554293838 238366
1554293838 279938
1554293838 321806
1554293838 364206
1554293838 407173
1554293838 448996
1554293838 490123
1554293838 532209
1554293838 573813
1554293838 616154
1554293838 658458
1554293838 699912
1554293838 741714
1554293838 783733
1554293838 827770
1554293838 868491
1554293838 909702
1554293838 951965
1554293838 994960
1554293839 36002
1554293839 78422
1554293839 120000
1554293839 162392
1554293839 204219
1554293839 247188
1554293839 288542
1554293839 330231
1554293839 371770
1554293839 413766
1554293839 456526
1554293839 498520
1554293839 539919
1554293839 581748
1554293839 623685
1554293839 668077
1554293839 709021
1554293839 749667
1554293839 792170
1554293839 834211
1554293839 876471
1554293839 918386
1554293839 960290
1554293840 2327
1554293840 44425
1554293840 86989
1554293840 128663
1554293840 170121
1554293840 212147
1554293840 253804
1554293840 296142
1554293840 338745
1554293840 379914
1554293840 421705
1554293840 463687
1554293840 508042
1554293840 550359
1554293840 591713
1554293840 633784
1554293840 676901
1554293840 718057
1554293840 760366
1554293840 801932
1554293840 844343
1554293840 887087
1554293840 932204
1554293840 970356
1554293841 11938
1554293841 54134
1554293841 95779
1554293841 138153
1554293841 180374
1554293841 221714
1554293841 263676
1554293841 305700
1554293841 350017
1554293841 391689
1554293841 434382
1554293841 477023
1554293841 518131
1554293841 560452
1554293841 601947
1554293841 644411
1554293841 686768
1554293841 729136
1554293841 770294
1554293841 811951
1554293841 853959
1554293841 895783
1554293841 939595
1554293841 980497
1554293842 21773
1554293842 63701
1554293842 105717
1554293842 149998
1554293842 191233
1554293842 232032
1554293842 273745
1554293842 317321
1554293842 358584
1554293842 400328
1554293842 443284
1554293842 484506
1554293842 526163
1554293842 568845
1554293842 610519
1554293842 651969
1554293842 694472
1554293842 735782
1554293842 778477
1554293842 820818
1554293842 863982
1554293842 905733
1554293842 950396
1554293842 991276
1554293843 31767
1554293843 73717
1554293843 116146
1554293843 159176
1554293843 200048
1554293843 242806
1554293843 284297
1554293843 326190
1554293843 368505
1554293843 410886
1554293843 452762
1554293843 493799
1554293843 536013
1554293843 577774
1554293843 620157
1554293843 662288
1554293843 704506
1554293843 745736
1554293843 787641
1554293843 832099
1554293843 873692
1554293843 915736
1554293843 958935
1554293844 79
1554293844 42877
1554293844 84341
1554293844 126226
1554293844 168222
1554293844 210951
1554293844 252962
1554293844 293807
1554293844 336233
1554293844 377776
1554293844 420179
1554293844 462368
1554293844 503751
1554293844 545761
1554293844 588153
1554293844 631352
1554293844 672504
1554293844 714052
1554293844 755682
1554293844 799189
1554293844 840194
1554293844 882916
1554293844 924413
1554293844 966209
1554293845 8211
1554293845 51669
1554293845 92383
1554293845 133925
1554293845 176105
1554293845 218185
1554293845 260815
1554293845 302308
1554293845 343806
1554293845 385760
1554293845 427719
1554293845 472600
1554293845 513177
1554293845 553666
1554293845 595650
1554293845 638110
1554293845 682595
1554293845 724749
1554293845 766117
1554293845 808431
1554293845 851182
1554293845 895277
1554293845 934981
1554293845 975811
1554293846 18198
1554293846 60075
1554293846 102399
1554293846 144461
1554293846 185786
1554293846 227712
1554293846 272029
1554293846 313690
1554293846 355693
1554293846 397917
1554293846 440941
1554293846 483356
1554293846 524851
1554293846 566174
1554293846 608219
1554293846 650172
1554293846 692696
1554293846 735307
1554293846 775925
1554293846 818291
1554293846 859966
1554293846 902324
1554293846 944771
1554293846 986539
1554293847 27768
1554293847 69759
1554293847 113662
1554293847 154343
1554293847 195736
1554293847 238415
1554293847 281343
1554293847 322332
1554293847 364740
1554293847 406228
1554293847 448191
1554293847 490648
1554293847 533089
1554293847 574282
1554293847 616184
1554293847 657745
1554293847 699941
1554293847 743783
1554293847 784332
1554293847 825739
1554293847 867691
1554293847 909784
1554293847 953920
1554293847 995574
1554293848 37688
1554293848 83499
1554293848 122995
1554293848 164855
1554293848 206510
1554293848 248229
1554293848 290082
1554293848 332519
1554293848 374551
1554293848 415798
1554293848 457782
1554293848 500024
1554293848 542785
1554293848 584460
1554293848 625979
1554293848 667741
1554293848 709677
1554293848 754202
1554293848 795603
1554293848 837730
1554293848 879976
1554293848 923275
1554293848 964415
1554293849 6487
1554293849 48226
1554293849 90134
1554293849 131776
1554293849 174714
1554293849 216994
1554293849 257804
1554293849 299989
1554293849 341989
1554293849 384688
1554293849 426370
1554293849 467721
1554293849 509716
1554293849 551744
1554293849 596435
1554293849 637716
1554293849 679890
1554293849 723185
1554293849 764401
1554293849 806654
1554293849 848279
1554293849 890209
1554293849 932124
1554293849 974567
1554293850 17646
1554293850 57809
1554293850 99988
1554293850 141795
1554293850 184468
1554293850 226756
1554293850 268412
1554293850 310222
1554293850 351775
1554293850 395791
1554293850 436752
1554293850 477705
1554293850 520064
1554293850 562591
1554293850 604789
1554293850 646512
1554293850 688730
1554293850 730136
1554293850 771962
1554293850 814496
1554293850 857093
1554293850 899255
1554293850 940055
1554293850 981955
1554293851 24681
1554293851 66967
1554293851 107695
1554293851 149682
1554293851 191673
1554293851 235930
1554293851 278704
1554293851 319695
1554293851 361764
1554293851 405155
1554293851 446075
1554293851 488627
1554293851 530706
1554293851 571947
1554293851 613765
1554293851 656986
1554293851 698226
1554293851 739982
1554293851 782491
1554293851 823803
1554293851 866498
1554293851 908228
1554293851 949706
1554293851 991680
1554293852 36600
1554293852 83223
1554293852 119716
1554293852 161813
1554293852 205225
1554293852 246171
1554293852 296520
1554293852 338862
1554293852 380039
1554293852 421943
1554293852 463779
1554293852 506481
1554293852 548400
1554293852 590105
1554293852 632041
1554293852 673692
1554293852 717474
1554293852 758485
1554293852 799690
1554293852 841677
1554293852 886764
1554293852 926308
1554293852 968704
1554293853 10473
1554293853 51964
1554293853 94241
1554293853 136620
1554293853 178322
1554293853 219994
1554293853 261943
1554293853 303792
1554293853 346840
1554293853 388752
1554293853 429745
1554293853 471726
1554293853 513702
1554293853 558082
1554293853 599118
1554293853 639774
1554293853 681680
1554293853 724460
1554293853 767096
1554293853 808096
1554293853 850523
1554293853 892052
1554293853 933793
1554293853 975756
1554293854 18269
1554293854 60961
1554293854 101801
1554293854 143792
1554293854 185980
1554293854 228141
1554293854 270329
1554293854 311942
1554293854 353685
1554293854 398092
1554293854 439651
1554293854 481699
1554293854 524456
1554293854 567295
1554293854 608302
1554293854 650711
1554293854 691972
1554293854 734430
1554293854 775938
1554293854 819017
1554293854 860439
1554293854 902056
1554293854 943942
1554293854 985964
1554293855 29678
1554293855 70745
1554293855 111801
1554293855 153700
1554293855 196059
1554293855 239687
1554293855 280412
1554293855 321809
1554293855 364185
1554293855 407129
1554293855 448734
1554293855 490582
1554293855 532042
1554293855 573788
1554293855 615931
1554293855 658712
1554293855 700467
1554293855 742218
1554293855 783813
1554293855 826010
1554293855 868410
1554293855 910107
1554293855 951783
1554293855 993744
1554293856 35745
1554293856 80109
1554293856 120962
1554293856 161786
1554293856 204200
1554293856 248021
1554293856 288804
1554293856 330557
1554293856 372491
1554293856 413923
1554293856 455956
1554293856 498466
1554293856 540840
1554293856 581758
1554293856 623916
1554293856 665938
1554293856 707694
1554293856 750821
1554293856 792293
1554293856 834518
1554293856 875733
1554293856 920071
1554293856 961554
1554293857 5003
1554293857 46435
1554293857 89201
1554293857 130114
1554293857 172496
1554293857 213928
1554293857 255987
1554293857 297894
1554293857 341032
1554293857 382188
1554293857 423899
1554293857 465935
1554293857 507905
1554293857 550231
1554293857 592456
1554293857 633748
1554293857 675708
1554293857 717671
1554293857 761749
1554293857 802622
1554293857 844185
1554293857 886064
1554293857 929492
1554293857 970063
1554293858 12502
1554293858 53996
1554293858 96093
1554293858 137775
1554293858 180748
1554293858 222360
1554293858 263914
1554293858 305918
1554293858 347795
1554293858 390821
1554293858 432695
1554293858 473791
1554293858 515707
1554293858 557668
1554293858 602344
1554293858 643669
1554293858 684151
1554293858 725997
1554293858 769248
1554293858 810886
1554293858 852482
1554293858 894403
1554293858 935959
1554293858 977787
1554293859 20568
1554293859 63388
1554293859 103798
1554293859 145925
1554293859 187966
1554293859 230492
1554293859 272692
1554293859 313728
1554293859 355774
1554293859 397694
1554293859 442648
1554293859 483805
1554293859 526072
1554293859 568379
1554293859 611642
1554293859 652294
1554293859 694355
1554293859 735965
1554293859 778106
1554293859 819967
1554293859 866151
1554293859 904488
1554293859 946030
1554293859 988213
1554293860 29793
1554293860 72190
1554293860 114307
1554293860 155737
1554293860 197720
1554293860 239669
1554293860 284770
1554293860 326056
1554293860 368422
1554293860 411620
1554293860 451987
1554293860 494554
1554293860 535982
1554293860 577768
1554293860 619998
1554293860 664415
1554293860 703802
1554293860 746843
1554293860 787943
1554293860 829762
1554293860 872118
1554293860 914383
1554293860 956264
1554293860 997707
1554293861 43166
1554293861 84232
1554293861 125036
1554293861 165806
1554293861 208051
1554293861 251175
1554293861 293079
1554293861 334454
1554293861 376321
1554293861 417811
1554293861 460087
1554293861 502200
1554293861 544315
1554293861 586189
1554293861 627906
1554293861 669768
1554293861 711742
1554293861 754140
1554293861 796368
1554293861 837690
1554293861 879729
1554293861 924735
1554293861 965630
1554293862 8067
1554293862 50346
1554293862 92934
1554293862 134092
1554293862 176453
1554293862 217947
1554293862 260047
1554293862 301914
1554293862 344959
1554293862 386224
1554293862 427795
1554293862 469789
1554293862 511770
1554293862 554173
1554293862 596432
1554293862 637711
1554293862 679742
1554293862 721661
1554293862 766614
1554293862 808004
1554293862 850152
1554293862 893781
1554293862 934082
1554293862 976390
1554293863 17969
1554293863 60053
1554293863 101756
1554293863 144984
1554293863 186203
1554293863 227929
1554293863 269938
1554293863 311785
1554293863 354123
1554293863 396388
1554293863 437735
1554293863 479736
1554293863 521682
1554293863 566151
1554293863 606824
1554293863 647731
1554293863 690223
1554293863 732969
1554293863 774573
1554293863 816310
1554293863 858102
1554293863 899990
1554293863 942040
1554293863 984807
1554293864 26323
1554293864 67750
1554293864 109792
1554293864 152008
1554293864 194439
1554293864 236698
1554293864 277774
1554293864 319744
1554293864 361731
1554293864 406379
1554293864 447373
1554293864 487722
1554293864 530261
1554293864 572255
1554293864 615187
1554293864 656047
1554293864 698369
1554293864 739998
1554293864 781796
1554293864 824285
1554293864 870018
1554293864 909754
1554293864 952067
1554293864 993805
1554293865 36189
1554293865 78347
1554293865 119732
1554293865 162439
1554293865 207042
1554293865 248032
1554293865 290025
1554293865 332066
1554293865 375423
1554293865 416606
1554293865 458524
1554293865 500098
1554293865 542055
1554293865 583777
1554293865 627052
1554293865 669194
1554293865 709812
1554293865 751935
1554293865 793767
1554293865 836140
1554293865 880163
1554293865 920478
1554293865 962405
1554293866 4099
1554293866 48088
1554293866 88773
1554293866 129733
1554293866 172603
1554293866 214921
1554293866 256384
1554293866 298553
1554293866 340072
1554293866 382060
1554293866 424569
1554293866 466734
1554293866 508271
1554293866 549946
1554293866 591982
1554293866 633806
1554293866 677451
1554293866 718322
1554293866 759712
1554293866 801682
1554293866 844093
1554293866 888232
1554293866 929749
1554293866 971993
1554293867 14263
1554293867 57894
1554293867 98575
1554293867 140333
1554293867 181985
1554293867 224075
1554293867 266570
1554293867 308584
1554293867 349986
1554293867 391788
1554293867 433809
1554293867 476262
1554293867 518218
1554293867 559812
1554293867 601810
1554293867 644131
1554293867 688025
1554293867 729719
1554293867 771688
1554293867 813797
1554293867 857011
1554293867 898209
1554293867 940697
1554293867 981931
1554293868 23941
1554293868 66038
1554293868 108709
1554293868 150771
1554293868 191796
1554293868 234898
1554293868 275924
1554293868 318447
1554293868 360346
1554293868 401738
1554293868 444149
1554293868 488293
1554293868 530338
1554293868 570274
1554293868 611689
1554293868 653930
1554293868 696850
1554293868 738212
1554293868 780499
1554293868 821906
1554293868 863926
1554293868 905941
1554293868 949186
1554293868 990963
1554293869 31899
1554293869 73938
1554293869 115795
1554293869 158509
1554293869 200347
1554293869 242787
1554293869 284116
1554293869 326064
1554293869 370044
1554293869 410889
1554293869 451678
1554293869 494462
1554293869 536175
1554293869 578544
1554293869 620475
1554293869 662914
1554293869 704073
1554293869 746538
1554293869 788524
1554293869 830461
1554293869 871779
1554293869 913987
1554293869 956099
1554293869 999180
1554293870 40666
1554293870 82477
1554293870 124122
1554293870 166101
1554293870 210367
1554293870 252064
1554293870 293796
1554293870 335791
1554293870 378923
1554293870 420119
1554293870 462447
1554293870 504192
1554293870 545987
1554293870 587970
1554293870 630981
1554293870 672813
1554293870 713935
1554293870 756462
1554293870 797964
1554293870 840380
1554293870 885595
1554293870 926468
1554293870 970860
1554293871 11995
1554293871 53705
1554293871 95744
1554293871 139464
1554293871 180195
1554293871 222374
1554293871 264064
1554293871 305937
1554293871 347784
1554293871 391036
1554293871 432867
1554293871 473813
1554293871 516021
1554293871 557807
1554293871 600500
1554293871 643077
1554293871 684170
1554293871 726050
1554293871 768044
1554293871 811726
1554293871 852824
1554293871 893683
1554293871 935699
1554293871 979013
1554293872 20516
1554293872 62384
1554293872 104382
1554293872 146020
1554293872 187997
1554293872 230584
1554293872 272436
1554293872 313943
1554293872 356008
1554293872 397945
1554293872 440507
1554293872 483053
1554293872 524147
1554293872 566064
1554293872 608018
1554293872 652453
1554293872 693295
1554293872 733809
1554293872 775714
1554293872 818092
1554293872 861071
1554293872 902033
1554293872 944432
1554293872 986202
1554293873 27807
1554293873 72383
1554293873 112677
1554293873 154816
1554293873 195967
1554293873 237786
1554293873 279785
1554293873 322875
1554293873 364605
1554293873 406179
1554293873 448008
1554293873 492609
1554293873 533984
1554293873 575707
1554293873 617751
1554293873 660996
1554293873 702040
1554293873 744519
1554293873 786051
1554293873 828023
1554293873 869941
1554293873 915203
1554293873 956048
1554293873 998546
1554293874 39769
1554293874 83189
1554293874 124714
1554293874 166081
1554293874 208038
1554293874 252792
1554293874 293659
1554293874 334486
1554293874 375667
1554293874 417702
1554293874 460982
1554293874 504380
1554293874 546015
1554293874 587797
1554293874 630090
1554293874 673010
1554293874 714331
1554293874 755780
1554293874 797806
1554293874 839205
1554293874 882467
1554293874 924638
1554293874 966064
1554293875 7990
1554293875 49983
1554293875 94000
1554293875 135076
1554293875 175760
1554293875 217702
1554293875 260179
1554293875 303227
1554293875 344483
1554293875 386342
1554293875 427939
1554293875 469992
1554293875 511807
1554293875 554751
1554293875 595961
1554293875 638112
1554293875 679798
1554293875 722306
1554293875 765550
1554293875 806762
1554293875 848137
1554293875 890106
1554293875 934225
1554293875 975972
1554293876 18022
1554293876 59970
1554293876 103502
1554293876 144143
1554293876 186434
1554293876 228022
1554293876 269987
1554293876 311792
1554293876 354953
1554293876 396227
1554293876 438025
1554293876 479806
1554293876 521791
1554293876 564731
1554293876 606550
1554293876 648172
1554293876 690037
1554293876 731674
1554293876 775990
1554293876 816324
1554293876 857704
1554293876 900207
1554293876 943100
1554293876 984162
1554293877 26476
1554293877 68013
1554293877 109784
1554293877 151960
1554293877 194633
1554293877 236278
1554293877 277812
1554293877 319987
1554293877 361765
1554293877 405007
1554293877 447042
1554293877 488371
1554293877 530010
1554293877 571750
1554293877 615975
1554293877 656948
1554293877 697676
1554293877 739895
1554293877 782166
1554293877 824626
1554293877 866524
1554293877 908455
1554293877 949929
1554293877 992026
1554293878 34463
1554293878 77986
1554293878 117815
1554293878 159776
1554293878 202336
1554293878 246618
1554293878 286861
1554293878 328197
1554293878 370192
1554293878 411788
1554293878 455793
1554293878 497514
1554293878 540013
1554293878 582792
1554293878 625021
1554293878 666154
1554293878 708365
1554293878 750024
1554293878 791784
1554293878 835370
1554293878 877256
1554293878 919688
1554293878 961770
1554293879 4211
1554293879 46436
1554293879 89272
1554293879 129807
1554293879 171727
1554293879 213705
1554293879 257923
1554293879 298113
1554293879 339962
1554293879 381687
1554293879 425166
