1554293837 397200
1554293837 438430
1554293837 479688
1554293837 521607
1554293837 564716
1554293837 606618
1554293837 647956
1554293837 689793
1554293837 731647
1554293837 773996
1554293837 816343
1554293837 857791
1554293837 899618
1554293837 941997
1554293837 986599
1554293838 27395
1554293838 69548
1554293838 112488
1554293838 155083
1554293838 195999
1554293838 238178
1554293838 279666
1554293838 321620
1554293838 364023
1554293838 406981
1554293838 448814
1554293838 489773
1554293838 532023
1554293838 573634
1554293838 615940
1554293838 657989
1554293838 699659
1554293838 741538
1554293838 783558
1554293838 826912
1554293838 868316
1554293838 909526
1554293838 951673
1554293838 994763
1554293839 35667
1554293839 78233
1554293839 119709
1554293839 161688
1554293839 204034
1554293839 246938
1554293839 288356
1554293839 330041
1554293839 371589
1554293839 413585
1554293839 456087
1554293839 498286
1554293839 539662
1554293839 581572
1554293839 623511
1554293839 667813
1554293839 708849
1554293839 749497
1554293839 791987
1554293839 834027
1554293839 876281
1554293839 917684
1554293839 960107
1554293840 1686
1554293840 44236
1554293840 86776
1554293840 128443
1554293840 169718
1554293840 211785
1554293840 253623
1554293840 295925
1554293840 338334
1554293840 379665
1554293840 421531
1554293840 463514
1554293840 507759
1554293840 549958
1554293840 591532
1554293840 633606
1554293840 676716
1554293840 717667
1554293840 760176
1554293840 801657
1554293840 844148
1554293840 886074
1554293840 932019
1554293840 970175
1554293841 11638
1554293841 53938
1554293841 95596
1554293841 137797
1554293841 180197
1554293841 221535
1554293841 263504
1554293841 305524
1554293841 349745
1554293841 391517
1554293841 434204
1554293841 476830
1554293841 517747
1554293841 560270
1554293841 601652
1554293841 644225
1554293841 686590
1554293841 728629
1554293841 770113
1554293841 811643
1554293841 853670
1554293841 895599
1554293841 939351
1554293841 980321
1554293842 21593
1554293842 63531
1554293842 105541
1554293842 149714
1554293842 191059
1554293842 231699
1554293842 273573
1554293842 315975
1554293842 358393
1554293842 399683
1554293842 443053
1554293842 484320
1554293842 525954
1554293842 568540
1554293842 610333
1554293842 651671
1554293842 694285
1554293842 735598
1554293842 777973
1554293842 820630
1554293842 863711
1554293842 905559
1554293842 949771
1554293842 991105
1554293843 31590
1554293843 73540
1554293843 115630
1554293843 158821
1554293843 199702
1554293843 242607
1554293843 284116
1554293843 325981
1554293843 367969
1554293843 410376
1554293843 452578
1554293843 493612
1554293843 535728
1554293843 577589
1554293843 619967
1554293843 661771
1554293843 704331
1554293843 745554
1554293843 787465
1554293843 831759
1554293843 873524
1554293843 915560
1554293843 958740
1554293843 999686
1554293844 42673
1554293844 84161
1554293844 126039
1554293844 168036
1554293844 210431
1554293844 252686
1554293844 293621
1554293844 336047
1554293844 377594
1554293844 419985
1554293844 461968
1554293844 503572
1554293844 545589
1554293844 587967
1554293844 631189
1554293844 672327
1554293844 713584
1554293844 755504
1554293844 798120
1554293844 839774
1554293844 882722
1554293844 924226
1554293844 966022
1554293845 8030
1554293845 51218
1554293845 92199
1554293845 133656
1554293845 175904
1554293845 218001
1554293845 260164
1554293845 302130
1554293845 343633
1554293845 385579
1554293845 427543
1554293845 472446
1554293845 513003
1554293845 553488
1554293845 595476
1554293845 637576
1554293845 681665
1554293845 724459
1554293845 765784
1554293845 808241
1554293845 849803
1554293845 895094
1554293845 934805
1554293845 975634
1554293846 18019
1554293846 59737
1554293846 101946
1554293846 144047
1554293846 185613
1554293846 227541
1554293846 272395
1554293846 313512
1554293846 355516
1554293846 397636
1554293846 440752
1554293846 483151
1554293846 524675
1554293846 565973
1554293846 608017
1554293846 649954
1554293846 692505
1554293846 735123
1554293846 775635
1554293846 818109
1554293846 859667
1554293846 902134
1554293846 944587
1554293846 986361
1554293847 27597
1554293847 69587
1554293847 112771
1554293847 154171
1554293847 195564
1554293847 238209
1554293847 281140
1554293847 321646
1554293847 364548
1554293847 406035
1554293847 447986
1554293847 490458
1554293847 532895
1554293847 574104
1554293847 615994
1554293847 657564
1554293847 699632
1554293847 743387
1554293847 784152
1554293847 825567
1554293847 867513
1554293847 909612
1554293847 953697
1554293847 995403
1554293848 37516
1554293848 80849
1554293848 122803
1554293848 164661
1554293848 206325
1554293848 248038
1554293848 289734
1554293848 331637
1554293848 374365
1554293848 415615
1554293848 457597
1554293848 499703
1554293848 542328
1554293848 584287
1554293848 625695
1554293848 667570
1554293848 709505
1554293848 754014
1554293848 795426
1554293848 837556
1554293848 879711
1554293848 923095
1554293848 964232
1554293849 6299
1554293849 48022
1554293849 89792
1554293849 131595
1554293849 174518
1554293849 216606
1554293849 257617
1554293849 299685
1554293849 341683
1554293849 384075
1554293849 425961
1554293849 467548
1554293849 509541
1554293849 551563
1554293849 594751
1554293849 637543
1554293849 679611
1554293849 722995
1554293849 764218
1554293849 806469
1554293849 848092
1554293849 890020
1554293849 931809
1554293849 974373
1554293850 17459
1554293850 57624
1554293850 99692
1554293850 141614
1554293850 183959
1554293850 226574
1554293850 268240
1554293850 310043
1554293850 351597
1554293850 395611
1554293850 436577
1554293850 477530
1554293850 519749
1554293850 562399
1554293850 604604
1554293850 645796
1554293850 688543
1554293850 729799
1554293850 771641
1554293850 814300
1554293850 856912
1554293850 899070
1554293850 939728
1554293850 981676
1554293851 24207
1554293851 66609
1554293851 107526
1554293851 149505
1554293851 191501
1554293851 235673
1554293851 278525
1554293851 319522
1554293851 361591
1554293851 404970
1554293851 445681
1554293851 488445
1554293851 530461
1554293851 571643
1554293851 613580
1554293851 656482
1554293851 698045
1554293851 739706
1554293851 782308
1554293851 823616
1554293851 866309
1554293851 908049
1554293851 949533
1554293851 991508
1554293852 36418
1554293852 83031
1554293852 119538
1554293852 161638
1554293852 205043
1554293852 245799
1554293852 296327
1554293852 338674
1554293852 379741
1554293852 421656
1554293852 463599
1554293852 506044
1554293852 548001
1554293852 589922
1554293852 631753
1554293852 673514
1554293852 717304
1554293852 758307
1554293852 799512
1554293852 841502
1554293852 886367
1554293852 926117
1554293852 968510
1554293853 10281
1554293853 51672
1554293853 94055
1554293853 136311
1554293853 178137
1554293853 219717
1554293853 261656
1554293853 303611
1554293853 346179
1554293853 388515
1554293853 429570
1554293853 471544
1554293853 513531
1554293853 557938
1554293853 598940
1554293853 639601
1554293853 681506
1554293853 724267
1554293853 766911
1554293853 807755
1554293853 850337
1554293853 891702
1554293853 933609
1554293853 975580
1554293854 18094
1554293854 60779
1554293854 101617
1554293854 143604
1554293854 185643
1554293854 227934
1554293854 269809
1554293854 311641
1554293854 353513
1554293854 395496
1554293854 439475
1554293854 481530
1554293854 524029
1554293854 567106
1554293854 608111
1554293854 650483
1554293854 691690
1554293854 734218
1554293854 775648
1554293854 818517
1554293854 860257
1554293854 901740
1554293854 943649
1554293854 985642
1554293855 29470
1554293855 70561
1554293855 111623
1554293855 153525
1554293855 195795
1554293855 238785
1554293855 280233
1554293855 321637
1554293855 363987
1554293855 406939
1554293855 448546
1554293855 490385
1554293855 531755
1554293855 573599
1554293855 615660
1554293855 658525
1554293855 700276
1554293855 742035
1554293855 783631
1554293855 825681
1554293855 868217
1554293855 909910
1554293855 951609
1554293855 993569
1554293856 35569
1554293856 80544
1554293856 120784
1554293856 161612
1554293856 204024
1554293856 246452
1554293856 288593
1554293856 329967
1554293856 372304
1554293856 413662
1554293856 455667
1554293856 497605
1554293856 540480
1554293856 581575
1554293856 623646
1554293856 665671
1554293856 707517
1554293856 750641
1554293856 792108
1554293856 834339
1554293856 875558
1554293856 919742
1554293856 961380
1554293857 4805
1554293857 45988
1554293857 89009
1554293857 129785
1554293857 172306
1554293857 213659
1554293857 255674
1554293857 297634
1554293857 340517
1554293857 382003
1554293857 423639
1554293857 465665
1554293857 507636
1554293857 550044
1554293857 592175
1554293857 633571
1554293857 675532
1554293857 717495
1554293857 760884
1554293857 802445
1554293857 844006
1554293857 885727
1554293857 929303
1554293857 969698
1554293858 12311
1554293858 53707
1554293858 95737
1554293858 137591
1554293858 180554
1554293858 222176
1554293858 263651
1554293858 305646
1554293858 347613
1554293858 390086
1554293858 432515
1554293858 473615
1554293858 515535
1554293858 557496
1554293858 601712
1554293858 643495
1554293858 683797
1554293858 725682
1554293858 768303
1554293858 810704
1554293858 851738
1554293858 894214
1554293858 935660
1554293858 977597
1554293859 20341
1554293859 63201
1554293859 103618
1554293859 145653
1554293859 187663
1554293859 230049
1554293859 272333
1554293859 313552
1554293859 355537
1554293859 397521
1554293859 442456
1554293859 483629
1554293859 525750
1554293859 567777
1554293859 611458
1554293859 652107
1554293859 694172
1554293859 735664
1554293859 777793
1554293859 819661
1554293859 865949
1554293859 904299
1554293859 945721
1554293859 988002
1554293860 29608
1554293860 72003
1554293860 114128
1554293860 155563
1554293860 197543
1554293860 239495
1554293860 283187
1554293860 325721
1554293860 368244
1554293860 411429
1554293860 451656
1554293860 494366
1554293860 535698
1554293860 577588
1554293860 619692
1554293860 663725
1554293860 703632
1554293860 746619
1554293860 787640
1554293860 829586
1554293860 871809
1554293860 913919
1554293860 955783
1554293860 997529
1554293861 40457
1554293861 84054
1554293861 124864
1554293861 165628
1554293861 207734
1554293861 250246
1554293861 292896
1554293861 334220
1554293861 376131
1554293861 417627
1554293861 459737
1554293861 502015
1554293861 543716
1554293861 586009
1554293861 627643
1554293861 669584
1554293861 711561
1554293861 753805
1554293861 796186
1554293861 837518
1554293861 879556
1554293861 924550
1554293861 965453
1554293862 7717
1554293862 50130
1554293862 92749
1554293862 133692
1554293862 176268
1554293862 217670
1554293862 259736
1554293862 301633
1554293862 344446
1554293862 386043
1554293862 427612
1554293862 469605
1554293862 511587
1554293862 553959
1554293862 596249
1554293862 637543
1554293862 679569
1554293862 721488
1554293862 766437
1554293862 807671
1554293862 849951
1554293862 893001
1554293862 933688
1554293862 976212
1554293863 17688
1554293863 59734
1554293863 101571
1554293863 144358
1554293863 186023
1554293863 227643
1554293863 269663
1554293863 311601
1554293863 353787
1554293863 396211
1554293863 437560
1554293863 479563
1554293863 521504
1554293863 565185
1554293863 606554
1554293863 647560
1554293863 690018
1554293863 732037
1554293863 774390
1554293863 816119
1554293863 857771
1554293863 899672
1554293863 941735
1554293863 984613
1554293864 26143
1554293864 67568
1554293864 109610
1554293864 151699
1554293864 193983
1554293864 236511
1554293864 277597
1554293864 319568
1554293864 361558
1554293864 406200
1554293864 447201
1554293864 487546
1554293864 529808
1554293864 572064
1554293864 614627
1554293864 655701
1554293864 698185
1554293864 739698
1554293864 781614
1554293864 823657
1554293864 867578
1554293864 909569
1554293864 951750
1554293864 993621
1554293865 36001
1554293865 77809
1554293865 119556
1554293865 161806
1554293865 206366
1554293865 247712
1554293865 289702
1554293865 331737
1554293865 375207
1554293865 416417
1554293865 458277
1554293865 499797
1554293865 541726
1554293865 583585
1554293865 626825
1554293865 669013
1554293865 709628
1554293865 751665
1554293865 793581
1554293865 835929
1554293865 879974
1554293865 920296
1554293865 961788
1554293866 3911
1554293866 47065
1554293866 88559
1554293866 129561
1554293866 172427
1554293866 214718
1554293866 256189
1554293866 298299
1554293866 339794
1554293866 381740
1554293866 424381
1554293866 466545
1554293866 508086
1554293866 549667
1554293866 591704
1554293866 633620
1554293866 677272
1554293866 718140
1554293866 759536
1554293866 801507
1554293866 843900
1554293866 888045
1554293866 929577
1554293866 971673
1554293867 14070
1554293867 57620
1554293867 97940
1554293867 140144
1554293867 181652
1554293867 223690
1554293867 265691
1554293867 308402
1554293867 349706
1554293867 391602
1554293867 433628
1554293867 476074
1554293867 517939
1554293867 559631
1554293867 601633
1554293867 643943
1554293867 687715
1554293867 729546
1554293867 771521
1554293867 813620
1554293867 856826
1554293867 898007
1554293867 940515
1554293867 981649
1554293868 23637
1554293868 65714
1554293868 108524
1554293868 150582
1554293868 191614
1554293868 234719
1554293868 275637
1554293868 317996
1554293868 359929
1554293868 401564
1554293868 443958
1554293868 485759
1554293868 530158
1554293868 570095
1554293868 611513
1554293868 653639
1554293868 696657
1554293868 738025
1554293868 780305
1554293868 821641
1554293868 863643
1554293868 905672
1554293868 948997
1554293868 990776
1554293869 31645
1554293869 73656
1554293869 115612
1554293869 158064
1554293869 200167
1554293869 242609
1554293869 283931
1554293869 325742
1554293869 369755
1554293869 410715
1554293869 451504
1554293869 494250
1554293869 535983
1554293869 578300
1554293869 619770
1554293869 662722
1554293869 703749
1554293869 746351
1554293869 788324
1554293869 830280
1554293869 871596
1554293869 913667
1554293869 955802
1554293869 998964
1554293870 40320
1554293870 82267
1554293870 123943
1554293870 165770
1554293870 210183
1554293870 251798
1554293870 293618
1554293870 335621
1554293870 378740
1554293870 419760
1554293870 462256
1554293870 503803
1554293870 545688
1554293870 587679
1554293870 630465
1554293870 672628
1554293870 713636
1554293870 756276
1554293870 797640
1554293870 840184
1554293870 885417
1554293870 926291
1554293870 967782
1554293871 11714
1554293871 53536
1554293871 95528
1554293871 139271
1554293871 179815
1554293871 222191
1554293871 263702
1554293871 305662
1554293871 347604
1554293871 390817
1554293871 432653
1554293871 473632
1554293871 515712
1554293871 557623
1554293871 599977
1554293871 642895
1554293871 683990
1554293871 725733
1554293871 767718
1554293871 811552
1554293871 852626
1554293871 893509
1554293871 935527
1554293871 978026
1554293872 20326
1554293872 62147
1554293872 104199
1554293872 145714
1554293872 187685
1554293872 230294
1554293872 272250
1554293872 313638
1554293872 355707
1554293872 397674
1554293872 440080
1554293872 482866
1554293872 523956
1554293872 565750
1554293872 607696
1554293872 651805
1554293872 693117
1554293872 733639
1554293872 775537
1554293872 817586
1554293872 860789
1554293872 901658
1554293872 944251
1554293872 986013
1554293873 27627
1554293873 71402
1554293873 112483
1554293873 154628
1554293873 195656
1554293873 237605
1554293873 279600
1554293873 321934
1554293873 364426
1554293873 406000
1554293873 447689
1554293873 489668
1554293873 533719
1554293873 575532
1554293873 617572
1554293873 660805
1554293873 701674
1554293873 744333
1554293873 785730
1554293873 827701
1554293873 869664
1554293873 915010
1554293873 955735
1554293873 998360
1554293874 39588
1554293874 82398
1554293874 124487
1554293874 165761
1554293874 207706
1554293874 252600
1554293874 293145
1554293874 334308
1554293874 375491
1554293874 417529
1554293874 460052
1554293874 504188
1554293874 545727
1554293874 587612
1554293874 629765
1554293874 672822
1554293874 714152
1554293874 755595
1554293874 797625
1554293874 840152
1554293874 882778
1554293874 924462
1554293874 965727
1554293875 7671
1554293875 49678
1554293875 93764
1554293875 134903
1554293875 175580
1554293875 217526
1554293875 259988
1554293875 303042
1554293875 343739
1554293875 386153
1554293875 427651
1554293875 469679
1554293875 511631
1554293875 554474
1554293875 595656
1554293875 637928
1554293875 679614
1554293875 721659
1554293875 765363
1554293875 806521
1554293875 847940
1554293875 889788
1554293875 934042
1554293875 975695
1554293876 17700
1554293876 59701
1554293876 103316
1554293876 143755
1554293876 186245
1554293876 227704
1554293876 269666
1554293876 311606
1554293876 354435
1554293876 396042
1554293876 437705
1554293876 479623
1554293876 521612
1554293876 564295
1554293876 606367
1554293876 647999
1554293876 689705
1554293876 731502
1554293876 775025
1554293876 816151
1554293876 857534
1554293876 900020
1554293876 942905
1554293876 983751
1554293877 26283
1554293877 67700
1554293877 109606
1554293877 151648
1554293877 194443
1554293877 236094
1554293877 277630
1554293877 319679
1554293877 361573
1554293877 404796
1554293877 446752
1554293877 488192
1554293877 529676
1554293877 571570
1554293877 616435
1554293877 656777
1554293877 697501
1554293877 739641
1554293877 781963
1554293877 824435
1554293877 865807
1554293877 908270
1554293877 949659
1554293877 991704
1554293878 33572
1554293878 77707
1554293878 117631
1554293878 159596
1554293878 201702
1554293878 246256
1554293878 286520
1554293878 327764
1554293878 369992
1554293878 411590
1554293878 455599
1554293878 497336
1554293878 539723
1554293878 582603
1554293878 624764
1554293878 665950
1554293878 708181
1554293878 749742
1554293878 791603
1554293878 835176
1554293878 877005
1554293878 919502
1554293878 961585
1554293879 4026
1554293879 46248
1554293879 89096
1554293879 129636
1554293879 171552
1554293879 213529
1554293879 257664
1554293879 297927
1554293879 339657
1554293879 381512
1554293879 424830
