1554293837 397722
1554293837 438806
1554293837 480160
1554293837 522486
1554293837 565277
1554293837 607600
1554293837 648351
1554293837 690329
1554293837 732113
1554293837 774635
1554293837 816929
1554293837 858293
1554293837 900065
1554293837 942356
1554293837 986982
1554293838 27744
1554293838 69990
1554293838 113597
1554293838 155452
1554293838 196377
1554293838 238559
1554293838 280136
1554293838 322497
1554293838 364726
1554293838 407360
1554293838 449179
1554293838 490307
1554293838 532496
1554293838 574089
1554293838 616608
1554293838 658653
1554293838 700101
1554293838 742026
1554293838 786375
1554293838 828984
1554293838 868666
1554293838 910028
1554293838 952140
1554293838 995152
1554293839 36213
1554293839 78612
1554293839 120189
1554293839 162582
1554293839 204497
1554293839 247376
1554293839 288731
1554293839 330446
1554293839 372056
1554293839 414085
1554293839 456936
1554293839 498754
1554293839 540107
1554293839 582052
1554293839 623948
1554293839 668255
1554293839 709198
1554293839 749997
1554293839 792346
1554293839 835288
1554293839 876658
1554293839 918582
1554293839 960476
1554293840 2545
1554293840 44620
1554293840 87250
1554293840 128846
1554293840 170312
1554293840 212333
1554293840 254118
1554293840 296609
1554293840 338935
1554293840 380106
1554293840 422004
1554293840 463954
1554293840 508176
1554293840 550539
1554293840 592000
1554293840 634355
1554293840 677095
1554293840 718259
1554293840 760548
1554293840 802514
1554293840 844576
1554293840 887280
1554293840 932391
1554293840 970539
1554293841 12147
1554293841 54322
1554293841 96064
1554293841 138649
1554293841 181119
1554293841 222005
1554293841 263968
1554293841 308047
1554293841 350202
1554293841 392006
1554293841 434825
1554293841 477213
1554293841 518320
1554293841 560710
1554293841 602520
1554293841 644605
1554293841 687306
1554293841 729446
1554293841 770532
1554293841 812160
1554293841 854149
1554293841 896094
1554293841 940112
1554293841 980668
1554293842 22089
1554293842 63967
1554293842 105982
1554293842 150176
1554293842 191402
1554293842 232207
1554293842 274046
1554293842 317527
1554293842 358766
1554293842 400526
1554293842 443469
1554293842 484691
1554293842 526344
1554293842 569393
1554293842 610744
1554293842 652173
1554293842 694661
1554293842 736065
1554293842 778859
1554293842 821051
1554293842 864220
1554293842 906044
1554293842 950160
1554293842 991448
1554293843 32091
1554293843 74014
1554293843 116343
1554293843 159360
1554293843 200232
1554293843 242998
1554293843 284676
1554293843 326373
1554293843 368700
1554293843 411125
1554293843 452949
1554293843 494112
1554293843 536205
1554293843 578106
1554293843 620716
1554293843 662469
1554293843 704684
1554293843 746056
1554293843 789990
1554293843 832278
1554293843 873981
1554293843 916053
1554293843 959122
1554293844 271
1554293844 43072
1554293844 84659
1554293844 126409
1554293844 168408
1554293844 211740
1554293844 253151
1554293844 294093
1554293844 336439
1554293844 378080
1554293844 420627
1554293844 462556
1554293844 504083
1554293844 546055
1554293844 590699
1554293844 633190
1554293844 672686
1554293844 714258
1554293844 755951
1554293844 799416
1554293844 840386
1554293844 883184
1554293844 924624
1554293844 966394
1554293845 8399
1554293845 52007
1554293845 92562
1554293845 134126
1554293845 176293
1554293845 218370
1554293845 261007
1554293845 302490
1554293845 344151
1554293845 386031
1554293845 427996
1554293845 472779
1554293845 513353
1554293845 553973
1554293845 595932
1554293845 638389
1554293845 682854
1554293845 724947
1554293845 766306
1554293845 808676
1554293845 851482
1554293845 895456
1554293845 935157
1554293845 976125
1554293846 18383
1554293846 60265
1554293846 102782
1554293846 144647
1554293846 186081
1554293846 228015
1554293846 272216
1554293846 313951
1554293846 356002
1554293846 398120
1554293846 441120
1554293846 483549
1554293846 525033
1554293846 566364
1554293846 608402
1554293846 650359
1554293846 692919
1554293846 735491
1554293846 776140
1554293846 818533
1554293846 860164
1554293846 902511
1554293846 944951
1554293846 986755
1554293847 28051
1554293847 70034
1554293847 114704
1554293847 154519
1554293847 196049
1554293847 238640
1554293847 281539
1554293847 322565
1554293847 364920
1554293847 406421
1554293847 448385
1554293847 490836
1554293847 533392
1554293847 574463
1554293847 616371
1554293847 658041
1554293847 700153
1554293847 744315
1554293847 784503
1554293847 826007
1554293847 868003
1554293847 910086
1554293847 954118
1554293847 995746
1554293848 37973
1554293848 83704
1554293848 123185
1554293848 165065
1554293848 206741
1554293848 248417
1554293848 290266
1554293848 332719
1554293848 374771
1554293848 416158
1554293848 458086
1554293848 500209
1554293848 543195
1554293848 584644
1554293848 626172
1554293848 668049
1554293848 709935
1554293848 754343
1554293848 795779
1554293848 838026
1554293848 880442
1554293848 923460
1554293848 964965
1554293849 6849
1554293849 48422
1554293849 90320
1554293849 132072
1554293849 174960
1554293849 217183
1554293849 258161
1554293849 300178
1554293849 342173
1554293849 384904
1554293849 426554
1554293849 468029
1554293849 510010
1554293849 554360
1554293849 596706
1554293849 638021
1554293849 680088
1554293849 723377
1554293849 764581
1554293849 806839
1554293849 848469
1554293849 890395
1554293849 932307
1554293849 974764
1554293850 17910
1554293850 58154
1554293850 100185
1554293850 142115
1554293850 184848
1554293850 226932
1554293850 268591
1554293850 310397
1554293850 352061
1554293850 396053
1554293850 436931
1554293850 478026
1554293850 520244
1554293850 563681
1554293850 604978
1554293850 646709
1554293850 688912
1554293850 730322
1554293850 772176
1554293850 814813
1554293850 857274
1554293850 899443
1554293850 940242
1554293850 982142
1554293851 25813
1554293851 67158
1554293851 107977
1554293851 149970
1554293851 191932
1554293851 236065
1554293851 278879
1554293851 319969
1554293851 362636
1554293851 405338
1554293851 446266
1554293851 488808
1554293851 530894
1554293851 572153
1554293851 614103
1554293851 657287
1554293851 698466
1554293851 740163
1554293851 782671
1554293851 824179
1554293851 866951
1554293851 908412
1554293851 949999
1554293851 991945
1554293852 36850
1554293852 84728
1554293852 120024
1554293852 162672
1554293852 205408
1554293852 246355
1554293852 296708
1554293852 339042
1554293852 380228
1554293852 422149
1554293852 464114
1554293852 506857
1554293852 548585
1554293852 590284
1554293852 632220
1554293852 673960
1554293852 718507
1554293852 758874
1554293852 800049
1554293852 841935
1554293852 886955
1554293852 926500
1554293852 968896
1554293853 10664
1554293853 52158
1554293853 94428
1554293853 136811
1554293853 178571
1554293853 220183
1554293853 262147
1554293853 304137
1554293853 347034
1554293853 388929
1554293853 430030
1554293853 471993
1554293853 514028
1554293853 558260
1554293853 599292
1554293853 640119
1554293853 681958
1554293853 725392
1554293853 767279
1554293853 808662
1554293853 850762
1554293853 892242
1554293853 934080
1554293853 976430
1554293854 18569
1554293854 61150
1554293854 102132
1554293854 144134
1554293854 186191
1554293854 228569
1554293854 270509
1554293854 312141
1554293854 353981
1554293854 398289
1554293854 439898
1554293854 482315
1554293854 524671
1554293854 567477
1554293854 608488
1554293854 650901
1554293854 692163
1554293854 734675
1554293854 776138
1554293854 819254
1554293854 860627
1554293854 902242
1554293854 944200
1554293854 986178
1554293855 30180
1554293855 70927
1554293855 112093
1554293855 153989
1554293855 198406
1554293855 241031
1554293855 280622
1554293855 322452
1554293855 364394
1554293855 407316
1554293855 448913
1554293855 490771
1554293855 532225
1554293855 574114
1554293855 616135
1554293855 658998
1554293855 700654
1554293855 742406
1554293855 784173
1554293855 826203
1554293855 872116
1554293855 910284
1554293855 952053
1554293855 994041
1554293856 36018
1554293856 80283
1554293856 121134
1554293856 162445
1554293856 204376
1554293856 248233
1554293856 288995
1554293856 330746
1554293856 372677
1554293856 414126
1554293856 456156
1554293856 498708
1554293856 541028
1554293856 582095
1554293856 624172
1554293856 666138
1554293856 708305
1554293856 751001
1554293856 792472
1554293856 834693
1554293856 876059
1554293856 920479
1554293856 961729
1554293857 5208
1554293857 46628
1554293857 89388
1554293857 130300
1554293857 172787
1554293857 214125
1554293857 256181
1554293857 298096
1554293857 341403
1554293857 382372
1554293857 424169
1554293857 466136
1554293857 508121
1554293857 550661
1554293857 592748
1554293857 634047
1554293857 676013
1554293857 717925
1554293857 763266
1554293857 802795
1554293857 844362
1554293857 886271
1554293857 929682
1554293857 970255
1554293858 12692
1554293858 54184
1554293858 96278
1554293858 138067
1554293858 180939
1554293858 223621
1554293858 264175
1554293858 306117
1554293858 348118
1554293858 391102
1554293858 432882
1554293858 474057
1554293858 516001
1554293858 557918
1554293858 602531
1554293858 643956
1554293858 684328
1554293858 726175
1554293858 769471
1554293858 811073
1554293858 852686
1554293858 894873
1554293858 936239
1554293858 978090
1554293859 20879
1554293859 63569
1554293859 104204
1554293859 146120
1554293859 188163
1554293859 230688
1554293859 272879
1554293859 314001
1554293859 356084
1554293859 397959
1554293859 443355
1554293859 484072
1554293859 526253
1554293859 568571
1554293859 611962
1554293859 652478
1554293859 694541
1554293859 736166
1554293859 778293
1554293859 820162
1554293859 866343
1554293859 904779
1554293859 946215
1554293859 988400
1554293860 30115
1554293860 72641
1554293860 114484
1554293860 156008
1554293860 197988
1554293860 242615
1554293860 284937
1554293860 326237
1554293860 368959
1554293860 412073
1554293860 452202
1554293860 494766
1554293860 536168
1554293860 578093
1554293860 620187
1554293860 664980
1554293860 704445
1554293860 747028
1554293860 788156
1554293860 830130
1554293860 872310
1554293860 914766
1554293860 956454
1554293860 997971
1554293861 43353
1554293861 84407
1554293861 125210
1554293861 166135
1554293861 208226
1554293861 251410
1554293861 293265
1554293861 334650
1554293861 376503
1554293861 418151
1554293861 460275
1554293861 502392
1554293861 544513
1554293861 586371
1554293861 628107
1554293861 670106
1554293861 712060
1554293861 754581
1554293861 796601
1554293861 837959
1554293861 879997
1554293861 924909
1554293861 965803
1554293862 8243
1554293862 50536
1554293862 93119
1554293862 134281
1554293862 176635
1554293862 218153
1554293862 260239
1554293862 302472
1554293862 345195
1554293862 386406
1554293862 428129
1554293862 470071
1554293862 512061
1554293862 554623
1554293862 596610
1554293862 637980
1554293862 680046
1554293862 724365
1554293862 766790
1554293862 808195
1554293862 850331
1554293862 894157
1554293862 934269
1554293862 976611
1554293863 18154
1554293863 60243
1554293863 102055
1554293863 145178
1554293863 186391
1554293863 228140
1554293863 270131
1554293863 312099
1554293863 354310
1554293863 397136
1554293863 438031
1554293863 480023
1554293863 522281
1554293863 567053
1554293863 606999
1554293863 648066
1554293863 690398
1554293863 733167
1554293863 774795
1554293863 816504
1554293863 858294
1554293863 900174
1554293863 942223
1554293863 984994
1554293864 26508
1554293864 68090
1554293864 110105
1554293864 152199
1554293864 194820
1554293864 236882
1554293864 278083
1554293864 320033
1554293864 362356
1554293864 406550
1554293864 447550
1554293864 488042
1554293864 530441
1554293864 572445
1554293864 615380
1554293864 656597
1554293864 698647
1554293864 740183
1554293864 782113
1554293864 824518
1554293864 870209
1554293864 910074
1554293864 952258
1554293864 994144
1554293865 36629
1554293865 78525
1554293865 120009
1554293865 162616
1554293865 206736
1554293865 248208
1554293865 290207
1554293865 332507
1554293865 375606
1554293865 417152
1554293865 458753
1554293865 500281
1554293865 542240
1554293865 584145
1554293865 627281
1554293865 669378
1554293865 710129
1554293865 752135
1554293865 794089
1554293865 836585
1554293865 880452
1554293865 920714
1554293865 962592
1554293866 6467
1554293866 49146
1554293866 88944
1554293866 130077
1554293866 173056
1554293866 215117
1554293866 256571
1554293866 298745
1554293866 340256
1554293866 382266
1554293866 424885
1554293866 466923
1554293866 508457
1554293866 550133
1554293866 592168
1554293866 634129
1554293866 677961
1554293866 718534
1554293866 760006
1554293866 802288
1554293866 844267
1554293866 888436
1554293866 930087
1554293866 972189
1554293867 15262
1554293867 58554
1554293867 98770
1554293867 140552
1554293867 182183
1554293867 224275
1554293867 266769
1554293867 308768
1554293867 350177
1554293867 392108
1554293867 434127
1554293867 476713
1554293867 518420
1554293867 560129
1554293867 602419
1554293867 644303
1554293867 688210
1554293867 730036
1554293867 771952
1554293867 814311
1554293867 857194
1554293867 898446
1554293867 940882
1554293867 982135
1554293868 24202
1554293868 66223
1554293868 109011
1554293868 150949
1554293868 192144
1554293868 235080
1554293868 276143
1554293868 318821
1554293868 360526
1554293868 402366
1554293868 444329
1554293868 488484
1554293868 530656
1554293868 570448
1554293868 611963
1554293868 654125
1554293868 697043
1554293868 738440
1554293868 780748
1554293868 822111
1554293868 864193
1554293868 906138
1554293868 949377
1554293868 991148
1554293869 32102
1554293869 74138
1554293869 116107
1554293869 158919
1554293869 200590
1554293869 242969
1554293869 284298
1554293869 326238
1554293869 370860
1554293869 411067
1554293869 451986
1554293869 494637
1554293869 537536
1554293869 578732
1554293869 620671
1554293869 663106
1554293869 704268
1554293869 746724
1554293869 788832
1554293869 831328
1554293869 872134
1554293869 914190
1554293869 956289
1554293869 999361
1554293870 40849
1554293870 82661
1554293870 124301
1554293870 166280
1554293870 210612
1554293870 252242
1554293870 294071
1554293870 336355
1554293870 379105
1554293870 420306
1554293870 462683
1554293870 504381
1554293870 546174
1554293870 588154
1554293870 631179
1554293870 672995
1554293870 714151
1554293870 756689
1554293870 798180
1554293870 840835
1554293870 885765
1554293870 926644
1554293870 971047
1554293871 12171
1554293871 53995
1554293871 96044
1554293871 139700
1554293871 180379
1554293871 223147
1554293871 264264
1554293871 306141
1554293871 348121
1554293871 391221
1554293871 433050
1554293871 474118
1554293871 516206
1554293871 558112
1554293871 600871
1554293871 643355
1554293871 684342
1554293871 726221
1554293871 768223
1554293871 812384
1554293871 853001
1554293871 894019
1554293871 935986
1554293871 979207
1554293872 20705
1554293872 62585
1554293872 104568
1554293872 146207
1554293872 188188
1554293872 230797
1554293872 272618
1554293872 314158
1554293872 356195
1554293872 398134
1554293872 440921
1554293872 483274
1554293872 524326
1554293872 566245
1554293872 608201
1554293872 652203
1554293872 693464
1554293872 734161
1554293872 776007
1554293872 818297
1554293872 861253
1554293872 902240
1554293872 944678
1554293872 986391
1554293873 28120
1554293873 72888
1554293873 113009
1554293873 154998
1554293873 196168
1554293873 238099
1554293873 280120
1554293873 323061
1554293873 364857
1554293873 406355
1554293873 448190
1554293873 492815
1554293873 534159
1554293873 576007
1554293873 618043
1554293873 661280
1554293873 702232
1554293873 745621
1554293873 786235
1554293873 828230
1554293873 870146
1554293873 915394
1554293873 956239
1554293873 998729
1554293874 40072
1554293874 83392
1554293874 124889
1554293874 166256
1554293874 208218
1554293874 252979
1554293874 294675
1554293874 334942
1554293874 375979
1554293874 417979
1554293874 461178
1554293874 504632
1554293874 546200
1554293874 588080
1554293874 630343
1554293874 673196
1554293874 714511
1554293874 756126
1554293874 798125
1554293874 839061
1554293874 881802
1554293874 924812
1554293874 966239
1554293875 8183
1554293875 50171
1554293875 94179
1554293875 135254
1554293875 176111
1554293875 217973
1554293875 260371
1554293875 303412
1554293875 344705
1554293875 386704
1554293875 428142
1554293875 470180
1554293875 512912
1554293875 554938
1554293875 596163
1554293875 638290
1554293875 680111
1554293875 722540
1554293875 766034
1554293875 806940
1554293875 848316
1554293875 890284
1554293875 934427
1554293875 976149
1554293876 18203
1554293876 60400
1554293876 103686
1554293876 144331
1554293876 186831
1554293876 228208
1554293876 270194
1554293876 312072
1554293876 355148
1554293876 396414
1554293876 438212
1554293876 480095
1554293876 522485
1554293876 564925
1554293876 606761
1554293876 648352
1554293876 690216
1554293876 731931
1554293876 776904
1554293876 816502
1554293876 858007
1554293876 900415
1554293876 943333
1554293876 984351
1554293877 26866
1554293877 68202
1554293877 110069
1554293877 152166
1554293877 194823
1554293877 236458
1554293877 278120
1554293877 320172
1554293877 362425
1554293877 405187
1554293877 447220
1554293877 488548
1554293877 530194
1554293877 572059
1554293877 616151
1554293877 657123
1554293877 697988
1554293877 740093
1554293877 783241
1554293877 825414
1554293877 866726
1554293877 908638
1554293877 950127
1554293877 992213
1554293878 34662
1554293878 78197
1554293878 118150
1554293878 160084
1554293878 202546
1554293878 246806
1554293878 287226
1554293878 328381
1554293878 370383
1554293878 412075
1554293878 456117
1554293878 497691
1554293878 540196
1554293878 583979
1554293878 625202
1554293878 666343
1554293878 708577
1554293878 750211
1554293878 792115
1554293878 835556
1554293878 877440
1554293878 920001
1554293878 962435
1554293879 4403
1554293879 47236
1554293879 89472
1554293879 130124
1554293879 172042
1554293879 216351
1554293879 258110
1554293879 298289
1554293879 340153
1554293879 381975
1554293879 425497
