1554293837 397661
1554293837 438764
1554293837 480117
1554293837 522441
1554293837 565229
1554293837 607556
1554293837 648307
1554293837 690284
1554293837 732070
1554293837 774587
1554293837 816851
1554293837 858248
1554293837 900025
1554293837 942312
1554293837 986937
1554293838 27703
1554293838 69937
1554293838 112821
1554293838 155407
1554293838 196330
1554293838 238513
1554293838 280092
1554293838 322448
1554293838 364657
1554293838 407316
1554293838 449134
1554293838 490262
1554293838 532352
1554293838 574046
1554293838 616300
1554293838 658607
1554293838 700060
1554293838 741970
1554293838 783955
1554293838 828751
1554293838 868622
1554293838 909966
1554293838 952099
1554293838 995108
1554293839 36167
1554293839 78565
1554293839 120145
1554293839 162537
1554293839 204431
1554293839 247332
1554293839 288684
1554293839 330377
1554293839 372012
1554293839 414038
1554293839 456888
1554293839 498709
1554293839 540063
1554293839 582005
1554293839 623814
1554293839 668212
1554293839 709156
1554293839 749800
1554293839 792302
1554293839 835238
1554293839 876614
1554293839 918535
1554293839 960432
1554293840 2499
1554293840 44572
1554293840 87207
1554293840 128804
1554293840 170265
1554293840 212286
1554293840 254068
1554293840 296563
1554293840 338889
1554293840 380063
1554293840 421947
1554293840 463895
1554293840 508462
1554293840 550497
1554293840 591944
1554293840 634306
1554293840 677048
1554293840 718215
1554293840 760504
1554293840 802466
1554293840 844486
1554293840 887235
1554293840 932345
1554293840 970493
1554293841 12102
1554293841 54277
1554293841 96019
1554293841 138300
1554293841 181068
1554293841 221948
1554293841 263810
1554293841 308372
1554293841 350157
1554293841 391941
1554293841 434760
1554293841 477168
1554293841 518270
1554293841 560663
1554293841 602473
1554293841 644559
1554293841 687257
1554293841 729395
1554293841 770436
1554293841 812115
1554293841 854102
1554293841 896051
1554293841 940069
1554293841 980627
1554293842 22045
1554293842 63915
1554293842 105930
1554293842 150134
1554293842 191360
1554293842 232165
1554293842 274000
1554293842 317480
1554293842 358721
1554293842 400477
1554293842 443424
1554293842 484646
1554293842 526298
1554293842 569338
1554293842 610698
1554293842 652129
1554293842 694616
1554293842 736018
1554293842 778796
1554293842 821004
1554293842 864173
1554293842 905998
1554293842 950116
1554293842 991406
1554293843 32045
1554293843 73960
1554293843 116298
1554293843 159316
1554293843 200189
1554293843 242953
1554293843 284434
1554293843 326329
1554293843 368653
1554293843 411043
1554293843 452901
1554293843 494069
1554293843 536160
1554293843 578063
1554293843 620658
1554293843 662424
1554293843 704640
1554293843 746007
1554293843 790192
1554293843 832236
1554293843 873921
1554293843 916009
1554293843 959076
1554293844 225
1554293844 43023
1554293844 84609
1554293844 126365
1554293844 168362
1554293844 211100
1554293844 253102
1554293844 294048
1554293844 336393
1554293844 378034
1554293844 420325
1554293844 462511
1554293844 503994
1554293844 546012
1554293844 590640
1554293844 632957
1554293844 672642
1554293844 714200
1554293844 755890
1554293844 799332
1554293844 840338
1554293844 883139
1554293844 924576
1554293844 966351
1554293845 8352
1554293845 51935
1554293845 92519
1554293845 134079
1554293845 176249
1554293845 218324
1554293845 260961
1554293845 302446
1554293845 344103
1554293845 385989
1554293845 427931
1554293845 472738
1554293845 513308
1554293845 553797
1554293845 595781
1554293845 638331
1554293845 682806
1554293845 724898
1554293845 766261
1554293845 808629
1554293845 851336
1554293845 895412
1554293845 935112
1554293845 976077
1554293846 18336
1554293846 60220
1554293846 102708
1554293846 144602
1554293846 186038
1554293846 227948
1554293846 272171
1554293846 313892
1554293846 355938
1554293846 398079
1554293846 441079
1554293846 483504
1554293846 524990
1554293846 566319
1554293846 608357
1554293846 650315
1554293846 692872
1554293846 735446
1554293846 776095
1554293846 818482
1554293846 860118
1554293846 902465
1554293846 944906
1554293846 986711
1554293847 28007
1554293847 69988
1554293847 114470
1554293847 154476
1554293847 196004
1554293847 238596
1554293847 281491
1554293847 322516
1554293847 364875
1554293847 406374
1554293847 448337
1554293847 490790
1554293847 533344
1554293847 574417
1554293847 616325
1554293847 657994
1554293847 700109
1554293847 744083
1554293847 784462
1554293847 825963
1554293847 867925
1554293847 910044
1554293847 954073
1554293847 995705
1554293848 37814
1554293848 83656
1554293848 123138
1554293848 165019
1554293848 206694
1554293848 248370
1554293848 290223
1554293848 332673
1554293848 374727
1554293848 416113
1554293848 458040
1554293848 500165
1554293848 543148
1554293848 584597
1554293848 626125
1554293848 668004
1554293848 709806
1554293848 754654
1554293848 795737
1554293848 837976
1554293848 880394
1554293848 923417
1554293848 964559
1554293849 6804
1554293849 48373
1554293849 90275
1554293849 132029
1554293849 174912
1554293849 217137
1554293849 258116
1554293849 300133
1554293849 342129
1554293849 384858
1554293849 426507
1554293849 467973
1554293849 509952
1554293849 551976
1554293849 596663
1554293849 637958
1554293849 680043
1554293849 723329
1554293849 764540
1554293849 806792
1554293849 848424
1554293849 890350
1554293849 932264
1554293849 974715
1554293850 17786
1554293850 58109
1554293850 100137
1554293850 142070
1554293850 184802
1554293850 226890
1554293850 268546
1554293850 310353
1554293850 352018
1554293850 396009
1554293850 436886
1554293850 477961
1554293850 520200
1554293850 563632
1554293850 604932
1554293850 646661
1554293850 688868
1554293850 730277
1554293850 772130
1554293850 814749
1554293850 857227
1554293850 899395
1554293850 940195
1554293850 982098
1554293851 25043
1554293851 67113
1554293851 107903
1554293851 149812
1554293851 191804
1554293851 236360
1554293851 278837
1554293851 319904
1554293851 362587
1554293851 405292
1554293851 446220
1554293851 488765
1554293851 530847
1554293851 572108
1554293851 614057
1554293851 657236
1554293851 698368
1554293851 740119
1554293851 782626
1554293851 824130
1554293851 866905
1554293851 908368
1554293851 949942
1554293851 991814
1554293852 36807
1554293852 84678
1554293852 119954
1554293852 162405
1554293852 205364
1554293852 246309
1554293852 296662
1554293852 338999
1554293852 380182
1554293852 422101
1554293852 464059
1554293852 506808
1554293852 548537
1554293852 590239
1554293852 632177
1554293852 673896
1554293852 718274
1554293852 758830
1554293852 799982
1554293852 841809
1554293852 886907
1554293852 926455
1554293852 968845
1554293853 10617
1554293853 52112
1554293853 94383
1554293853 136763
1554293853 178525
1554293853 220137
1554293853 262103
1554293853 304084
1554293853 346988
1554293853 388885
1554293853 429987
1554293853 471945
1554293853 513970
1554293853 558218
1554293853 599249
1554293853 640076
1554293853 681810
1554293853 725340
1554293853 767236
1554293853 808610
1554293853 850719
1554293853 892196
1554293853 934033
1554293853 976382
1554293854 18448
1554293854 61105
1554293854 102089
1554293854 144082
1554293854 186147
1554293854 228283
1554293854 270465
1554293854 312097
1554293854 353915
1554293854 398245
1554293854 439783
1554293854 481935
1554293854 524626
1554293854 567432
1554293854 608441
1554293854 650857
1554293854 692115
1554293854 734630
1554293854 776096
1554293854 819201
1554293854 860580
1554293854 902197
1554293854 944156
1554293854 986133
1554293855 30127
1554293855 70883
1554293855 112050
1554293855 153926
1554293855 198642
1554293855 240800
1554293855 280578
1554293855 322406
1554293855 364328
1554293855 407270
1554293855 448870
1554293855 490724
1554293855 532181
1554293855 574070
1554293855 616090
1554293855 658855
1554293855 700608
1554293855 742360
1554293855 784127
1554293855 826155
1554293855 872068
1554293855 910240
1554293855 952006
1554293855 993996
1554293856 35970
1554293856 80240
1554293856 121093
1554293856 162399
1554293856 204333
1554293856 248185
1554293856 288950
1554293856 330703
1554293856 372632
1554293856 414080
1554293856 456109
1554293856 498660
1554293856 540979
1554293856 582048
1554293856 624128
1554293856 666093
1554293856 708203
1554293856 750958
1554293856 792430
1554293856 834649
1554293856 876010
1554293856 920210
1554293856 961685
1554293857 5158
1554293857 46582
1554293857 89342
1554293857 130257
1554293857 172736
1554293857 214080
1554293857 256136
1554293857 298054
1554293857 341355
1554293857 382326
1554293857 424119
1554293857 466090
1554293857 508077
1554293857 550608
1554293857 592702
1554293857 634003
1554293857 675953
1554293857 717801
1554293857 763037
1554293857 802752
1554293857 844319
1554293857 886223
1554293857 929638
1554293857 970209
1554293858 12645
1554293858 54140
1554293858 96235
1554293858 138021
1554293858 180893
1554293858 222499
1554293858 264126
1554293858 306072
1554293858 348072
1554293858 391034
1554293858 432840
1554293858 474017
1554293858 515944
1554293858 557796
1554293858 602485
1554293858 643801
1554293858 684286
1554293858 726132
1554293858 769426
1554293858 811027
1554293858 852638
1554293858 894816
1554293858 936181
1554293858 978045
1554293859 20809
1554293859 63526
1554293859 104158
1554293859 146075
1554293859 188117
1554293859 230644
1554293859 272835
1554293859 313957
1554293859 356039
1554293859 397896
1554293859 443968
1554293859 484030
1554293859 526209
1554293859 568523
1554293859 611785
1554293859 652435
1554293859 694498
1554293859 736118
1554293859 778247
1554293859 820117
1554293859 866295
1554293859 904729
1554293859 946169
1554293859 988354
1554293860 30068
1554293860 72338
1554293860 114441
1554293860 155962
1554293860 197934
1554293860 239801
1554293860 284896
1554293860 326192
1554293860 368907
1554293860 412008
1554293860 452156
1554293860 494720
1554293860 536123
1554293860 578046
1554293860 620140
1554293860 664909
1554293860 704399
1554293860 746982
1554293860 788113
1554293860 830082
1554293860 872264
1554293860 914703
1554293860 956408
1554293860 997915
1554293861 43306
1554293861 84367
1554293861 125170
1554293861 166091
1554293861 208183
1554293861 251358
1554293861 293221
1554293861 334603
1554293861 376460
1554293861 418104
1554293861 460230
1554293861 502346
1554293861 544468
1554293861 586328
1554293861 628059
1554293861 670061
1554293861 712015
1554293861 754282
1554293861 796557
1554293861 837897
1554293861 879952
1554293861 924868
1554293861 965759
1554293862 8202
1554293862 50490
1554293862 93073
1554293862 134234
1554293862 176593
1554293862 218105
1554293862 260193
1554293862 302418
1554293862 345107
1554293862 386363
1554293862 428082
1554293862 470027
1554293862 512015
1554293862 554321
1554293862 596567
1554293862 637929
1554293862 680000
1554293862 724303
1554293862 766746
1554293862 808150
1554293862 850289
1554293862 894108
1554293862 934225
1554293862 976563
1554293863 18109
1554293863 60196
1554293863 102010
1554293863 145130
1554293863 186343
1554293863 228095
1554293863 270088
1554293863 312055
1554293863 354261
1554293863 397082
1554293863 437984
1554293863 479983
1554293863 521815
1554293863 566826
1554293863 606955
1554293863 648019
1554293863 690355
1554293863 733119
1554293863 774749
1554293863 816455
1554293863 858250
1554293863 900131
1554293863 942178
1554293863 984951
1554293864 26461
1554293864 68043
1554293864 110058
1554293864 152150
1554293864 194770
1554293864 236836
1554293864 278039
1554293864 319989
1554293864 362297
1554293864 406511
1554293864 447507
1554293864 487985
1554293864 530398
1554293864 572398
1554293864 615331
1554293864 656188
1554293864 698601
1554293864 740137
1554293864 782067
1554293864 824471
1554293864 870163
1554293864 910024
1554293864 952210
1554293864 994095
1554293865 36573
1554293865 78479
1554293865 119964
1554293865 162573
1554293865 206694
1554293865 248165
1554293865 290163
1554293865 332434
1554293865 375562
1554293865 416748
1554293865 458708
1554293865 500236
1554293865 542193
1554293865 584094
1554293865 627235
1554293865 669333
1554293865 710084
1554293865 752087
1554293865 794044
1554293865 836286
1554293865 880405
1554293865 920669
1554293865 962548
1554293866 6406
1554293866 48920
1554293866 88903
1554293866 130032
1554293866 172774
1554293866 215067
1554293866 256525
1554293866 298698
1554293866 340210
1554293866 382199
1554293866 424841
1554293866 466878
1554293866 508413
1554293866 550088
1554293866 592125
1554293866 634084
1554293866 677891
1554293866 718457
1554293866 759949
1554293866 801814
1554293866 844223
1554293866 888362
1554293866 930038
1554293866 972144
1554293867 15132
1554293867 58503
1554293867 98724
1554293867 140473
1554293867 182139
1554293867 224230
1554293867 266721
1554293867 308721
1554293867 350131
1554293867 392059
1554293867 434082
1554293867 476669
1554293867 518373
1554293867 560083
1554293867 602375
1554293867 644262
1554293867 688163
1554293867 729983
1554293867 771894
1554293867 814012
1554293867 857149
1554293867 898352
1554293867 940838
1554293867 982090
1554293868 24154
1554293868 66180
1554293868 108962
1554293868 150904
1554293868 192095
1554293868 235036
1554293868 276095
1554293868 318774
1554293868 360483
1554293868 402307
1554293868 444286
1554293868 488439
1554293868 530586
1554293868 570408
1554293868 611900
1554293868 654083
1554293868 696997
1554293868 738350
1554293868 780701
1554293868 822065
1554293868 864143
1554293868 906090
1554293868 949329
1554293868 991104
1554293869 32056
1554293869 74096
1554293869 116062
1554293869 158873
1554293869 200546
1554293869 242927
1554293869 284252
1554293869 326193
1554293869 370617
1554293869 411024
1554293869 451804
1554293869 494597
1554293869 537488
1554293869 578687
1554293869 620622
1554293869 663058
1554293869 704223
1554293869 746680
1554293869 788765
1554293869 831279
1554293869 872087
1554293869 914145
1554293869 956245
1554293869 999316
1554293870 40804
1554293870 82618
1554293870 124257
1554293870 166235
1554293870 210569
1554293870 252197
1554293870 294027
1554293870 336307
1554293870 379064
1554293870 420262
1554293870 462636
1554293870 504334
1554293870 546127
1554293870 588110
1554293870 631131
1554293870 672949
1554293870 714104
1554293870 756642
1554293870 798135
1554293870 840787
1554293870 885724
1554293870 926600
1554293870 971001
1554293871 12129
1554293871 53939
1554293871 95970
1554293871 139650
1554293871 180334
1554293871 223093
1554293871 264218
1554293871 306094
1554293871 348075
1554293871 391175
1554293871 433005
1554293871 474073
1554293871 516162
1554293871 558068
1554293871 600824
1554293871 643311
1554293871 684301
1554293871 726178
1554293871 768181
1554293871 811941
1554293871 852958
1554293871 893813
1554293871 935923
1554293871 979161
1554293872 20660
1554293872 62537
1554293872 104523
1554293872 146165
1554293872 188142
1554293872 230752
1554293872 272572
1554293872 314111
1554293872 356150
1554293872 398090
1554293872 440870
1554293872 483227
1554293872 524281
1554293872 566202
1554293872 608158
1554293872 652161
1554293872 693423
1554293872 734115
1554293872 775952
1554293872 818252
1554293872 861211
1554293872 902194
1554293872 944634
1554293872 986347
1554293873 28074
1554293873 72834
1554293873 112902
1554293873 154951
1554293873 196123
1554293873 238053
1554293873 280073
1554293873 323017
1554293873 364809
1554293873 406312
1554293873 448148
1554293873 492770
1554293873 534115
1554293873 575947
1554293873 617998
1554293873 661237
1554293873 702186
1554293873 745574
1554293873 786190
1554293873 828165
1554293873 870098
1554293873 915348
1554293873 956194
1554293873 998683
1554293874 40026
1554293874 83347
1554293874 124846
1554293874 166215
1554293874 208176
1554293874 252934
1554293874 294446
1554293874 334898
1554293874 375798
1554293874 417917
1554293874 461130
1554293874 504526
1554293874 546156
1554293874 588035
1554293874 630229
1554293874 673150
1554293874 714466
1554293874 756080
1554293874 798081
1554293874 838913
1554293874 883189
1554293874 924769
1554293874 966195
1554293875 8140
1554293875 50128
1554293875 94135
1554293875 135209
1554293875 176067
1554293875 217918
1554293875 260323
1554293875 303369
1554293875 344657
1554293875 386484
1554293875 428095
1554293875 470134
1554293875 512859
1554293875 554894
1554293875 596119
1554293875 638247
1554293875 680065
1554293875 722493
1554293875 765687
1554293875 806898
1554293875 848272
1554293875 890244
1554293875 934361
1554293875 976109
1554293876 18160
1554293876 60111
1554293876 103644
1554293876 144285
1554293876 186781
1554293876 228162
1554293876 270149
1554293876 312029
1554293876 355100
1554293876 396368
1554293876 438167
1554293876 480048
1554293876 522436
1554293876 564880
1554293876 606719
1554293876 648309
1554293876 690171
1554293876 731806
1554293876 776675
1554293876 816459
1554293876 857949
1554293876 900370
1554293876 943282
1554293876 984305
1554293877 26816
1554293877 68157
1554293877 110023
1554293877 152118
1554293877 194778
1554293877 236413
1554293877 278075
1554293877 320128
1554293877 362375
1554293877 405143
1554293877 447177
1554293877 488504
1554293877 530153
1554293877 572014
1554293877 616106
1554293877 657081
1554293877 697803
1554293877 740049
1554293877 782313
1554293877 825348
1554293877 866678
1554293877 908594
1554293877 950081
1554293877 992167
1554293878 34612
1554293878 78145
1554293878 118103
1554293878 160038
1554293878 202500
1554293878 246760
1554293878 287179
1554293878 328336
1554293878 370336
1554293878 412033
1554293878 456073
1554293878 497650
1554293878 540152
1554293878 583914
1554293878 625156
1554293878 666299
1554293878 708531
1554293878 750165
1554293878 792070
1554293878 835512
1554293878 877396
1554293878 919932
1554293878 962386
1554293879 4356
1554293879 47009
1554293879 89429
1554293879 130080
1554293879 171990
1554293879 213921
1554293879 258067
1554293879 298246
1554293879 340109
1554293879 381928
1554293879 425413
