1554293837 397128
1554293837 438373
1554293837 479629
1554293837 521548
1554293837 564656
1554293837 606559
1554293837 647765
1554293837 689736
1554293837 731591
1554293837 773925
1554293837 816069
1554293837 857733
1554293837 899565
1554293837 941932
1554293837 987194
1554293838 27341
1554293838 69493
1554293838 112433
1554293838 155027
1554293838 195804
1554293838 238119
1554293838 279609
1554293838 321564
1554293838 363970
1554293838 406918
1554293838 448756
1554293838 489716
1554293838 531961
1554293838 573577
1554293838 615774
1554293838 657920
1554293838 699606
1554293838 741486
1554293838 783504
1554293838 826670
1554293838 868260
1554293838 909472
1554293838 951619
1554293838 994699
1554293839 35609
1554293839 78176
1554293839 119649
1554293839 161630
1554293839 203976
1554293839 246880
1554293839 288298
1554293839 329973
1554293839 371527
1554293839 413527
1554293839 456030
1554293839 498229
1554293839 539606
1554293839 581519
1554293839 623456
1554293839 668504
1554293839 708798
1554293839 749443
1554293839 791915
1554293839 833952
1554293839 876222
1554293839 917626
1554293839 960049
1554293840 1625
1554293840 44176
1554293840 86625
1554293840 128387
1554293840 169658
1554293840 211728
1554293840 253563
1554293840 295769
1554293840 338277
1554293840 379611
1554293840 421476
1554293840 463459
1554293840 507703
1554293840 549890
1554293840 591479
1554293840 633553
1554293840 676657
1554293840 717607
1554293840 760117
1554293840 801600
1554293840 844089
1554293840 886012
1554293840 931957
1554293840 970117
1554293841 11577
1554293841 53792
1554293841 95539
1554293841 137738
1554293841 180141
1554293841 221479
1554293841 263450
1554293841 305467
1554293841 349690
1554293841 391463
1554293841 434151
1554293841 476772
1554293841 517689
1554293841 560214
1554293841 601595
1554293841 644168
1554293841 686532
1554293841 728571
1554293841 770057
1554293841 811584
1554293841 853612
1554293841 895541
1554293841 939293
1554293841 980267
1554293842 21534
1554293842 63475
1554293842 105487
1554293842 149657
1554293842 191003
1554293842 231642
1554293842 273519
1554293842 315906
1554293842 358335
1554293842 399628
1554293842 442993
1554293842 484259
1554293842 525769
1554293842 568478
1554293842 610277
1554293842 651613
1554293842 694225
1554293842 735541
1554293842 777803
1554293842 820398
1554293842 863656
1554293842 905507
1554293842 949714
1554293842 991050
1554293843 31536
1554293843 73487
1554293843 115577
1554293843 158763
1554293843 199644
1554293843 242550
1554293843 284055
1554293843 325774
1554293843 367788
1554293843 410315
1554293843 452517
1554293843 493553
1554293843 535671
1554293843 577532
1554293843 619902
1554293843 661716
1554293843 704277
1554293843 745499
1554293843 787411
1554293843 831705
1554293843 873470
1554293843 915503
1554293843 958676
1554293843 999629
1554293844 42613
1554293844 84101
1554293844 125970
1554293844 167955
1554293844 210371
1554293844 252626
1554293844 293564
1554293844 335988
1554293844 377536
1554293844 419914
1554293844 461899
1554293844 503517
1554293844 545533
1554293844 587809
1554293844 631135
1554293844 672270
1554293844 713532
1554293844 755450
1554293844 798065
1554293844 839716
1554293844 882660
1554293844 924167
1554293844 965952
1554293845 7957
1554293845 51160
1554293845 92142
1554293845 133597
1554293845 175770
1554293845 217921
1554293845 260106
1554293845 302076
1554293845 343578
1554293845 385519
1554293845 427484
1554293845 472391
1554293845 512947
1554293845 553433
1554293845 595423
1554293845 637521
1554293845 681608
1554293845 724403
1554293845 765725
1554293845 808184
1554293845 849745
1554293845 895036
1554293845 934751
1554293845 975581
1554293846 17948
1554293846 59677
1554293846 101787
1554293846 143949
1554293846 185557
1554293846 227487
1554293846 269531
1554293846 313455
1554293846 355464
1554293846 397583
1554293846 440695
1554293846 482736
1554293846 524613
1554293846 565789
1554293846 607788
1554293846 649758
1554293846 692447
1554293846 735061
1554293846 775577
1554293846 818053
1554293846 859610
1554293846 902074
1554293846 944358
1554293846 986307
1554293847 27540
1554293847 69534
1554293847 112723
1554293847 154115
1554293847 195509
1554293847 238154
1554293847 279904
1554293847 321587
1554293847 364491
1554293847 405966
1554293847 447784
1554293847 490397
1554293847 532834
1554293847 574044
1554293847 615924
1554293847 657506
1554293847 699575
1554293847 743329
1554293847 784093
1554293847 825510
1554293847 867459
1554293847 909556
1554293847 953641
1554293847 995347
1554293848 37459
1554293848 80789
1554293848 122742
1554293848 164605
1554293848 206265
1554293848 247815
1554293848 289678
1554293848 331580
1554293848 374306
1554293848 415557
1554293848 457538
1554293848 499646
1554293848 542266
1554293848 584230
1554293848 625639
1554293848 667516
1554293848 709447
1554293848 753946
1554293848 795370
1554293848 837502
1554293848 879657
1554293848 923034
1554293848 964174
1554293849 6243
1554293849 47805
1554293849 89736
1554293849 131535
1554293849 174457
1554293849 216549
1554293849 257560
1554293849 299628
1554293849 341623
1554293849 383966
1554293849 425804
1554293849 467495
1554293849 509488
1554293849 551508
1554293849 594705
1554293849 637490
1554293849 679555
1554293849 722935
1554293849 764160
1554293849 806408
1554293849 848033
1554293849 889815
1554293849 931750
1554293849 974300
1554293850 17400
1554293850 57565
1554293850 99634
1554293850 141555
1554293850 183792
1554293850 226517
1554293850 268184
1554293850 309987
1554293850 351526
1554293850 396305
1554293850 436520
1554293850 477477
1554293850 519693
1554293850 562324
1554293850 604544
1554293850 645738
1554293850 688484
1554293850 729743
1554293850 771583
1554293850 813538
1554293850 856852
1554293850 899013
1554293850 939668
1554293850 981616
1554293851 24148
1554293851 66345
1554293851 107473
1554293851 149451
1554293851 191447
1554293851 235619
1554293851 278473
1554293851 319468
1554293851 361537
1554293851 404913
1554293851 445622
1554293851 488386
1554293851 530402
1554293851 571584
1554293851 613522
1554293851 656423
1554293851 697981
1554293851 739648
1554293851 782251
1554293851 823558
1554293851 866250
1554293851 907997
1554293851 949480
1554293851 991453
1554293852 36366
1554293852 82975
1554293852 119482
1554293852 161574
1554293852 204983
1554293852 245741
1554293852 296228
1554293852 338615
1554293852 379684
1554293852 421600
1554293852 463539
1554293852 505979
1554293852 547923
1554293852 589792
1554293852 631698
1554293852 673460
1554293852 717252
1554293852 758251
1554293852 799456
1554293852 841447
1554293852 886305
1554293852 926044
1554293852 968452
1554293853 10220
1554293853 51613
1554293853 93994
1554293853 136251
1554293853 178082
1554293853 219661
1554293853 261597
1554293853 303552
1554293853 346117
1554293853 388455
1554293853 429512
1554293853 471485
1554293853 513476
1554293853 557795
1554293853 598887
1554293853 639546
1554293853 681454
1554293853 724210
1554293853 766854
1554293853 807697
1554293853 850274
1554293853 891642
1554293853 933549
1554293853 975521
1554293854 18040
1554293854 60722
1554293854 101559
1554293854 143543
1554293854 185583
1554293854 227797
1554293854 269756
1554293854 311584
1554293854 353458
1554293854 395442
1554293854 439419
1554293854 481471
1554293854 523967
1554293854 567047
1554293854 608029
1554293854 650422
1554293854 691632
1554293854 734161
1554293854 775586
1554293854 818455
1554293854 860199
1554293854 901684
1554293854 943592
1554293854 985580
1554293855 29416
1554293855 70334
1554293855 111567
1554293855 153472
1554293855 195740
1554293855 238736
1554293855 280178
1554293855 321582
1554293855 363901
1554293855 406875
1554293855 448485
1554293855 490325
1554293855 531695
1554293855 573542
1554293855 615601
1554293855 658463
1554293855 700217
1554293855 741978
1554293855 783570
1554293855 825620
1554293855 868158
1554293855 909784
1554293855 951553
1554293855 993514
1554293856 35514
1554293856 79764
1554293856 120730
1554293856 161559
1554293856 203965
1554293856 246397
1554293856 288534
1554293856 329779
1554293856 372243
1554293856 413606
1554293856 455607
1554293856 497548
1554293856 540422
1554293856 581517
1554293856 623586
1554293856 665609
1554293856 707464
1554293856 750584
1554293856 792051
1554293856 834283
1554293856 875501
1554293856 919681
1554293856 961325
1554293857 4748
1554293857 45808
1554293857 88765
1554293857 129726
1554293857 172244
1554293857 213599
1554293857 255614
1554293857 297573
1554293857 340458
1554293857 381939
1554293857 423580
1554293857 465604
1554293857 507573
1554293857 549983
1554293857 592119
1554293857 633515
1554293857 675474
1554293857 717444
1554293857 760648
1554293857 802387
1554293857 843814
1554293857 885670
1554293857 929241
1554293857 969640
1554293858 12252
1554293858 53643
1554293858 95677
1554293858 137535
1554293858 180497
1554293858 222120
1554293858 263593
1554293858 305590
1554293858 347557
1554293858 389991
1554293858 432459
1554293858 473561
1554293858 515476
1554293858 557442
1554293858 603153
1554293858 643443
1554293858 683741
1554293858 725627
1554293858 768247
1554293858 810642
1554293858 851678
1554293858 894157
1554293858 935602
1554293858 977540
1554293859 19604
1554293859 63143
1554293859 103556
1554293859 145590
1554293859 187604
1554293859 229985
1554293859 272276
1554293859 313496
1554293859 355483
1554293859 397467
1554293859 442396
1554293859 483574
1554293859 525692
1554293859 567722
1554293859 611399
1554293859 652038
1554293859 694115
1554293859 735605
1554293859 777736
1554293859 819603
1554293859 863733
1554293859 904238
1554293859 945662
1554293859 987930
1554293860 29549
1554293860 71921
1554293860 114073
1554293860 155510
1554293860 197485
1554293860 239438
1554293860 282733
1554293860 325667
1554293860 368190
1554293860 411365
1554293860 451595
1554293860 494307
1554293860 535640
1554293860 577531
1554293860 619634
1554293860 663668
1554293860 703580
1554293860 746557
1554293860 787585
1554293860 829528
1554293860 871753
1554293860 913770
1554293860 955730
1554293860 997475
1554293861 40402
1554293861 83989
1554293861 124810
1554293861 165571
1554293861 207680
1554293861 250189
1554293861 292838
1554293861 333698
1554293861 376072
1554293861 417568
1554293861 459678
1554293861 501939
1554293861 543659
1554293861 585944
1554293861 627588
1554293861 669523
1554293861 711500
1554293861 753746
1554293861 796132
1554293861 837464
1554293861 879500
1554293861 925167
1554293861 965398
1554293862 7643
1554293862 49715
1554293862 92690
1554293862 133634
1554293862 176208
1554293862 217607
1554293862 259676
1554293862 301574
1554293862 344387
1554293862 385985
1554293862 427554
1554293862 469548
1554293862 511528
1554293862 553765
1554293862 596193
1554293862 637486
1554293862 679514
1554293862 721433
1554293862 766380
1554293862 807617
1554293862 849765
1554293862 892937
1554293862 933633
1554293862 976153
1554293863 17634
1554293863 59676
1554293863 101515
1554293863 144300
1554293863 185968
1554293863 227584
1554293863 269605
1554293863 311543
1554293863 353719
1554293863 396157
1554293863 437502
1554293863 479508
1554293863 521450
1554293863 564797
1554293863 606496
1554293863 647503
1554293863 689952
1554293863 731961
1554293863 774332
1554293863 816048
1554293863 857712
1554293863 899614
1554293863 941673
1554293863 984557
1554293864 26087
1554293864 67512
1554293864 109552
1554293864 151642
1554293864 193786
1554293864 236284
1554293864 277541
1554293864 319513
1554293864 361502
1554293864 406144
1554293864 447144
1554293864 487488
1554293864 529753
1554293864 571978
1554293864 614568
1554293864 655642
1554293864 698131
1554293864 739643
1554293864 781552
1554293864 823601
1554293864 867520
1554293864 909509
1554293864 951694
1554293864 993564
1554293865 35924
1554293865 77755
1554293865 119501
1554293865 161750
1554293865 206312
1554293865 247654
1554293865 289647
1554293865 331656
1554293865 375147
1554293865 416357
1554293865 458217
1554293865 499740
1554293865 541668
1554293865 583524
1554293865 626488
1554293865 668953
1554293865 709565
1554293865 751606
1554293865 793526
1554293865 835777
1554293865 878334
1554293865 920239
1554293865 961734
1554293866 3785
1554293866 46827
1554293866 88505
1554293866 129508
1554293866 172365
1554293866 213922
1554293866 256132
1554293866 298239
1554293866 339735
1554293866 381682
1554293866 424323
1554293866 466486
1554293866 508029
1554293866 549610
1554293866 591646
1554293866 633563
1554293866 677201
1554293866 718085
1554293866 759483
1554293866 801450
1554293866 843772
1554293866 888667
1554293866 929521
1554293866 971619
1554293867 14013
1554293867 57562
1554293867 97764
1554293867 140086
1554293867 181592
1554293867 223635
1554293867 265634
1554293867 308344
1554293867 349649
1554293867 391546
1554293867 433570
1554293867 476015
1554293867 517798
1554293867 559576
1554293867 601576
1554293867 643792
1554293867 688448
1554293867 729492
1554293867 771464
1554293867 813543
1554293867 856729
1554293867 897794
1554293867 940455
1554293867 981589
1554293868 23578
1554293868 65653
1554293868 108466
1554293868 150521
1554293868 191551
1554293868 234662
1554293868 275576
1554293868 317911
1554293868 359784
1554293868 401509
1554293868 443781
1554293868 485704
1554293868 530101
1554293868 570040
1554293868 611458
1554293868 653577
1554293868 696595
1554293868 737808
1554293868 780246
1554293868 821583
1554293868 863583
1554293868 905614
1554293868 948936
1554293868 990717
1554293869 31584
1554293869 73600
1554293869 115554
1554293869 158006
1554293869 200112
1554293869 242555
1554293869 283798
1554293869 325687
1554293869 369703
1554293869 410659
1554293869 451451
1554293869 494195
1554293869 535915
1554293869 578241
1554293869 619709
1554293869 662658
1554293869 703696
1554293869 746293
1554293869 788221
1554293869 830222
1554293869 871539
1554293869 913608
1554293869 955745
1554293869 998898
1554293870 40265
1554293870 81811
1554293870 123791
1554293870 165717
1554293870 210126
1554293870 251743
1554293870 293562
1554293870 335564
1554293870 378684
1554293870 419703
1554293870 462199
1554293870 503744
1554293870 545629
1554293870 587618
1554293870 630406
1554293870 672574
1554293870 713575
1554293870 756221
1554293870 797578
1554293870 840126
1554293870 885358
1554293870 926237
1554293870 967724
1554293871 11659
1554293871 53481
1554293871 95474
1554293871 139211
1554293871 179759
1554293871 222135
1554293871 263644
1554293871 305607
1554293871 347544
1554293871 390757
1554293871 432593
1554293871 473575
1554293871 515652
1554293871 557563
1554293871 599795
1554293871 642837
1554293871 683921
1554293871 725676
1554293871 767666
1554293871 811498
1554293871 852574
1554293871 893453
1554293871 935471
1554293871 977953
1554293872 20269
1554293872 61634
1554293872 104136
1554293872 145655
1554293872 187628
1554293872 230220
1554293872 272190
1554293872 313577
1554293872 355645
1554293872 397615
1554293872 440023
1554293872 482642
1554293872 523794
1554293872 565695
1554293872 607641
1554293872 651749
1554293872 693060
1554293872 733587
1554293872 775482
1554293872 817527
1554293872 860730
1554293872 901599
1554293872 944193
1554293872 985944
1554293873 27568
1554293873 71345
1554293873 112421
1554293873 154569
1554293873 195600
1554293873 237546
1554293873 279542
1554293873 321797
1554293873 364369
1554293873 405935
1554293873 447632
1554293873 489612
1554293873 533665
1554293873 575480
1554293873 617519
1554293873 660742
1554293873 701618
1554293873 744275
1554293873 785671
1554293873 827644
1554293873 869605
1554293873 914941
1554293873 955676
1554293873 998278
1554293874 39528
1554293874 82324
1554293874 124435
1554293874 165707
1554293874 207651
1554293874 250285
1554293874 293092
1554293874 334256
1554293874 375438
1554293874 417477
1554293874 459987
1554293874 504130
1554293874 545671
1554293874 587555
1554293874 629705
1554293874 672764
1554293874 714095
1554293874 755540
1554293874 797565
1554293874 840293
1554293874 883536
1554293874 924403
1554293874 965675
1554293875 7616
1554293875 49623
1554293875 93708
1554293875 134846
1554293875 175527
1554293875 217471
1554293875 259910
1554293875 302987
1554293875 343684
1554293875 386093
1554293875 427594
1554293875 469618
1554293875 511573
1554293875 554418
1554293875 595597
1554293875 637799
1554293875 679554
1554293875 721599
1554293875 765305
1554293875 806467
1554293875 847768
1554293875 889735
1554293875 933980
1554293875 975637
1554293876 17643
1554293876 59625
1554293876 103165
1554293876 143695
1554293876 186186
1554293876 227644
1554293876 269608
1554293876 311545
1554293876 354379
1554293876 395981
1554293876 437645
1554293876 479565
1554293876 521554
1554293876 564232
1554293876 606309
1554293876 647811
1554293876 689651
1554293876 731449
1554293876 774636
1554293876 816097
1554293876 857480
1554293876 899801
1554293876 942843
1554293876 983693
1554293877 26223
1554293877 67643
1554293877 109545
1554293877 151594
1554293877 194382
1554293877 236038
1554293877 277574
1554293877 319618
1554293877 361516
1554293877 404726
1554293877 446695
1554293877 488135
1554293877 529620
1554293877 571516
1554293877 615697
1554293877 656721
1554293877 697444
1554293877 739584
1554293877 781796
1554293877 824375
1554293877 865748
1554293877 908215
1554293877 949600
1554293877 991645
1554293878 33519
1554293878 77647
1554293878 117570
1554293878 159539
1554293878 201645
1554293878 245997
1554293878 286462
1554293878 327708
1554293878 369789
1554293878 411534
1554293878 456314
1554293878 497283
1554293878 539670
1554293878 582546
1554293878 624707
1554293878 665776
1554293878 708123
1554293878 749684
1554293878 791546
1554293878 835104
1554293878 876947
1554293878 919444
1554293878 961527
1554293879 3969
1554293879 46188
1554293879 89040
1554293879 129583
1554293879 171498
1554293879 213475
1554293879 257612
1554293879 297798
1554293879 339602
1554293879 381457
1554293879 424716
