1554293837 397262
1554293837 438479
1554293837 479739
1554293837 521661
1554293837 564767
1554293837 607250
1554293837 648026
1554293837 689989
1554293837 731696
1554293837 774047
1554293837 816397
1554293837 857964
1554293837 899662
1554293837 942046
1554293837 986656
1554293838 27441
1554293838 69594
1554293838 112535
1554293838 155130
1554293838 196050
1554293838 238225
1554293838 279714
1554293838 321666
1554293838 364072
1554293838 407028
1554293838 448861
1554293838 489958
1554293838 532071
1554293838 573678
1554293838 616015
1554293838 658040
1554293838 699704
1554293838 741583
1554293838 783603
1554293838 827130
1554293838 868361
1554293838 909571
1554293838 951719
1554293838 994815
1554293839 35712
1554293839 78283
1554293839 119758
1554293839 161738
1554293839 204082
1554293839 246989
1554293839 288405
1554293839 330090
1554293839 371637
1554293839 413631
1554293839 456135
1554293839 498331
1554293839 539708
1554293839 581620
1554293839 623557
1554293839 667942
1554293839 708893
1554293839 749543
1554293839 792035
1554293839 834073
1554293839 876330
1554293839 917735
1554293839 960154
1554293840 1736
1554293840 44284
1554293840 86843
1554293840 128492
1554293840 169765
1554293840 211988
1554293840 253672
1554293840 296000
1554293840 338381
1554293840 379708
1554293840 421573
1554293840 463559
1554293840 507807
1554293840 550004
1554293840 591580
1554293840 633652
1554293840 676762
1554293840 717717
1554293840 760225
1554293840 801707
1554293840 844200
1554293840 886122
1554293840 932069
1554293840 970221
1554293841 11688
1554293841 53997
1554293841 95646
1554293841 137998
1554293841 180241
1554293841 221582
1554293841 263550
1554293841 305570
1554293841 349794
1554293841 391560
1554293841 434251
1554293841 476880
1554293841 517792
1554293841 560318
1554293841 601697
1554293841 644273
1554293841 686635
1554293841 728964
1554293841 770158
1554293841 811691
1554293841 853718
1554293841 895651
1554293841 939458
1554293841 980365
1554293842 21641
1554293842 63576
1554293842 105588
1554293842 149761
1554293842 191105
1554293842 231745
1554293842 273616
1554293842 316024
1554293842 358443
1554293842 400146
1554293842 443141
1554293842 484369
1554293842 526020
1554293842 568690
1554293842 610379
1554293842 651716
1554293842 694335
1554293842 735645
1554293842 778044
1554293842 820683
1554293842 863761
1554293842 905603
1554293842 949880
1554293842 991150
1554293843 31637
1554293843 73586
1554293843 115675
1554293843 158869
1554293843 199753
1554293843 242657
1554293843 284164
1554293843 326048
1554293843 368321
1554293843 410423
1554293843 452624
1554293843 493665
1554293843 535777
1554293843 577639
1554293843 620017
1554293843 661908
1554293843 704376
1554293843 745603
1554293843 787512
1554293843 831806
1554293843 873568
1554293843 915606
1554293843 958789
1554293843 999733
1554293844 42724
1554293844 84205
1554293844 126086
1554293844 168086
1554293844 210480
1554293844 252822
1554293844 293670
1554293844 336097
1554293844 377643
1554293844 420037
1554293844 462018
1554293844 503617
1554293844 545632
1554293844 588021
1554293844 631231
1554293844 672373
1554293844 713630
1554293844 755550
1554293844 799029
1554293844 840024
1554293844 882771
1554293844 924274
1554293844 966069
1554293845 8079
1554293845 51265
1554293845 92248
1554293845 133705
1554293845 175965
1554293845 218049
1554293845 260448
1554293845 302176
1554293845 343676
1554293845 385628
1554293845 427587
1554293845 472492
1554293845 513050
1554293845 553535
1554293845 595523
1554293845 637938
1554293845 681714
1554293845 724509
1554293845 765961
1554293845 808291
1554293845 850998
1554293845 895142
1554293845 934851
1554293845 975680
1554293846 18064
1554293846 59785
1554293846 102248
1554293846 144102
1554293846 185658
1554293846 227586
1554293846 271791
1554293846 313559
1554293846 355566
1554293846 397686
1554293846 440804
1554293846 483209
1554293846 524722
1554293846 566034
1554293846 608076
1554293846 650026
1554293846 692555
1554293846 735169
1554293846 775684
1554293846 818158
1554293846 859715
1554293846 902184
1554293846 944640
1554293846 986409
1554293847 27640
1554293847 69632
1554293847 112813
1554293847 154216
1554293847 195608
1554293847 238255
1554293847 281201
1554293847 321695
1554293847 364597
1554293847 406086
1554293847 448051
1554293847 490508
1554293847 532946
1554293847 574150
1554293847 616046
1554293847 657613
1554293847 699681
1554293847 743433
1554293847 784198
1554293847 825613
1554293847 867561
1554293847 909655
1554293847 954388
1554293847 995447
1554293848 37561
1554293848 80900
1554293848 122853
1554293848 164713
1554293848 206373
1554293848 248087
1554293848 289781
1554293848 331684
1554293848 374413
1554293848 415664
1554293848 457645
1554293848 499752
1554293848 542379
1554293848 584331
1554293848 625743
1554293848 667614
1554293848 709548
1554293848 754065
1554293848 795473
1554293848 837602
1554293848 879756
1554293848 923140
1554293848 964279
1554293849 6348
1554293849 48085
1554293849 89982
1554293849 131639
1554293849 174568
1554293849 216652
1554293849 257665
1554293849 299733
1554293849 341730
1554293849 384379
1554293849 426227
1554293849 467594
1554293849 509587
1554293849 551611
1554293849 596294
1554293849 637587
1554293849 679656
1554293849 723043
1554293849 764265
1554293849 806518
1554293849 848140
1554293849 890069
1554293849 931980
1554293849 974425
1554293850 17506
1554293850 57671
1554293850 99742
1554293850 141661
1554293850 184060
1554293850 226623
1554293850 268285
1554293850 310092
1554293850 351647
1554293850 395663
1554293850 436625
1554293850 477578
1554293850 519793
1554293850 562451
1554293850 604655
1554293850 646337
1554293850 688592
1554293850 729988
1554293850 771692
1554293850 814358
1554293850 856958
1554293850 899121
1554293850 939776
1554293850 981724
1554293851 24257
1554293851 66662
1554293851 107572
1554293851 149549
1554293851 191545
1554293851 235719
1554293851 278573
1554293851 319568
1554293851 361637
1554293851 405018
1554293851 445731
1554293851 488491
1554293851 530509
1554293851 571694
1554293851 613631
1554293851 656797
1554293851 698092
1554293851 739754
1554293851 782355
1554293851 823665
1554293851 866358
1554293851 908096
1554293851 949579
1554293851 991553
1554293852 36465
1554293852 83080
1554293852 119584
1554293852 161684
1554293852 205089
1554293852 246014
1554293852 296381
1554293852 338723
1554293852 379786
1554293852 421702
1554293852 463648
1554293852 506333
1554293852 548048
1554293852 589978
1554293852 631800
1554293852 673562
1554293852 717347
1554293852 758352
1554293852 799559
1554293852 841545
1554293852 886417
1554293852 926172
1554293852 968561
1554293853 10332
1554293853 51720
1554293853 94103
1554293853 136363
1554293853 178185
1554293853 219762
1554293853 261705
1554293853 303659
1554293853 346478
1554293853 388559
1554293853 429616
1554293853 471591
1554293853 513579
1554293853 558532
1554293853 598988
1554293853 639646
1554293853 681551
1554293853 724317
1554293853 766957
1554293853 807805
1554293853 850385
1554293853 891752
1554293853 933657
1554293853 975624
1554293854 18140
1554293854 60824
1554293854 101667
1554293854 143652
1554293854 185691
1554293854 227993
1554293854 269959
1554293854 311685
1554293854 353557
1554293854 395542
1554293854 439521
1554293854 481575
1554293854 524078
1554293854 567153
1554293854 608163
1554293854 650532
1554293854 691737
1554293854 734266
1554293854 775697
1554293854 818868
1554293854 860304
1554293854 901787
1554293854 943695
1554293854 985690
1554293855 29516
1554293855 70611
1554293855 111669
1554293855 153567
1554293855 195915
1554293855 238823
1554293855 280279
1554293855 321681
1554293855 364035
1554293855 406989
1554293855 448597
1554293855 490434
1554293855 531804
1554293855 573648
1554293855 615710
1554293855 658571
1554293855 700328
1554293855 742082
1554293855 783677
1554293855 825729
1554293855 868265
1554293855 909975
1554293855 951653
1554293855 993614
1554293856 35616
1554293856 79966
1554293856 120830
1554293856 161657
1554293856 204067
1554293856 246499
1554293856 288641
1554293856 330361
1554293856 372351
1554293856 413707
1554293856 455716
1554293856 497651
1554293856 540529
1554293856 581622
1554293856 623695
1554293856 665717
1554293856 707563
1554293856 750688
1554293856 792156
1554293856 834385
1554293856 875605
1554293856 919789
1554293856 961426
1554293857 4869
1554293857 46037
1554293857 89060
1554293857 129948
1554293857 172353
1554293857 213706
1554293857 255724
1554293857 297682
1554293857 340863
1554293857 382052
1554293857 423685
1554293857 465715
1554293857 507688
1554293857 550094
1554293857 592221
1554293857 633617
1554293857 675577
1554293857 717543
1554293857 761102
1554293857 802491
1554293857 844053
1554293857 885771
1554293857 929351
1554293857 969747
1554293858 12360
1554293858 53757
1554293858 95783
1554293858 137640
1554293858 180603
1554293858 222224
1554293858 263699
1554293858 305695
1554293858 347658
1554293858 390418
1554293858 432562
1554293858 473659
1554293858 515583
1554293858 557542
1554293858 601766
1554293858 643540
1554293858 684005
1554293858 725726
1554293858 768351
1554293858 810753
1554293858 851787
1554293858 894263
1554293858 935706
1554293858 977646
1554293859 20421
1554293859 63251
1554293859 103664
1554293859 145702
1554293859 187714
1554293859 230097
1554293859 272380
1554293859 313597
1554293859 355583
1554293859 397565
1554293859 442507
1554293859 483675
1554293859 525798
1554293859 568192
1554293859 611504
1554293859 652158
1554293859 694218
1554293859 735714
1554293859 777941
1554293859 819711
1554293859 866011
1554293859 904350
1554293859 945769
1554293859 988053
1554293860 29659
1554293860 72052
1554293860 114173
1554293860 155608
1554293860 197588
1554293860 239542
1554293860 283478
1554293860 325769
1554293860 368291
1554293860 411479
1554293860 451704
1554293860 494413
1554293860 535747
1554293860 577634
1554293860 619741
1554293860 663771
1554293860 703677
1554293860 746702
1554293860 787686
1554293860 829631
1554293860 871959
1554293860 914235
1554293860 955901
1554293860 997573
1554293861 40506
1554293861 84100
1554293861 124907
1554293861 165674
1554293861 207780
1554293861 250294
1554293861 292943
1554293861 334305
1554293861 376180
1554293861 417674
1554293861 459783
1554293861 502062
1554293861 543763
1554293861 586058
1554293861 627692
1554293861 669635
1554293861 711608
1554293861 753988
1554293861 796231
1554293861 837562
1554293861 879602
1554293861 924603
1554293861 965501
1554293862 7767
1554293862 50202
1554293862 92795
1554293862 133738
1554293862 176318
1554293862 217720
1554293862 259785
1554293862 301683
1554293862 344497
1554293862 386091
1554293862 427662
1554293862 469654
1554293862 511634
1554293862 554030
1554293862 596297
1554293862 637587
1554293862 679615
1554293862 721531
1554293862 766485
1554293862 807717
1554293862 850020
1554293862 893052
1554293862 933739
1554293862 976259
1554293863 17738
1554293863 59780
1554293863 101619
1554293863 144507
1554293863 186072
1554293863 227692
1554293863 269711
1554293863 311651
1554293863 353967
1554293863 396256
1554293863 437607
1554293863 479607
1554293863 521549
1554293863 565414
1554293863 606599
1554293863 647606
1554293863 690063
1554293863 732086
1554293863 774439
1554293863 816171
1554293863 857936
1554293863 899719
1554293863 941785
1554293863 984665
1554293864 26188
1554293864 67614
1554293864 109657
1554293864 151747
1554293864 194045
1554293864 236564
1554293864 277644
1554293864 319614
1554293864 361603
1554293864 406247
1554293864 447247
1554293864 487591
1554293864 530097
1554293864 572115
1554293864 614673
1554293864 655751
1554293864 698234
1554293864 739748
1554293864 781661
1554293864 823702
1554293864 867624
1554293864 909615
1554293864 951797
1554293864 993669
1554293865 36049
1554293865 77976
1554293865 119603
1554293865 162270
1554293865 206413
1554293865 247761
1554293865 289747
1554293865 331790
1554293865 375286
1554293865 416468
1554293865 458328
1554293865 499949
1554293865 541772
1554293865 583635
1554293865 626905
1554293865 669063
1554293865 709677
1554293865 751713
1554293865 793630
1554293865 836001
1554293865 880030
1554293865 920345
1554293865 961927
1554293866 3968
1554293866 47289
1554293866 88607
1554293866 129607
1554293866 172473
1554293866 214775
1554293866 256239
1554293866 298347
1554293866 339923
1554293866 381786
1554293866 424431
1554293866 466597
1554293866 508134
1554293866 549718
1554293866 591752
1554293866 633670
1554293866 677318
1554293866 718186
1554293866 759582
1554293866 801552
1554293866 843959
1554293866 888100
1554293866 929623
1554293866 971718
1554293867 14117
1554293867 57688
1554293867 98348
1554293867 140192
1554293867 181702
1554293867 223739
1554293867 266362
1554293867 308450
1554293867 349753
1554293867 391650
1554293867 433676
1554293867 476122
1554293867 518006
1554293867 559680
1554293867 601679
1554293867 643998
1554293867 687771
1554293867 729588
1554293867 771565
1554293867 813667
1554293867 856875
1554293867 898069
1554293867 940560
1554293867 981696
1554293868 23688
1554293868 65766
1554293868 108571
1554293868 150633
1554293868 191660
1554293868 234764
1554293868 275686
1554293868 318294
1554293868 359988
1554293868 401611
1554293868 444018
1554293868 485804
1554293868 530204
1554293868 570142
1554293868 611559
1554293868 653685
1554293868 696706
1554293868 738078
1554293868 780358
1554293868 821688
1554293868 863695
1554293868 905720
1554293868 949046
1554293868 990824
1554293869 31690
1554293869 73706
1554293869 115661
1554293869 158112
1554293869 200215
1554293869 242656
1554293869 283986
1554293869 325788
1554293869 369799
1554293869 410761
1554293869 451549
1554293869 494296
1554293869 536032
1554293869 578351
1554293869 620271
1554293869 662774
1554293869 703797
1554293869 746399
1554293869 788380
1554293869 830326
1554293869 871640
1554293869 913714
1554293869 955951
1554293869 999011
1554293870 40365
1554293870 82338
1554293870 123994
1554293870 165942
1554293870 210233
1554293870 251923
1554293870 293663
1554293870 335664
1554293870 378791
1554293870 419810
1554293870 462305
1554293870 503989
1554293870 545735
1554293870 587728
1554293870 630788
1554293870 672676
1554293870 713683
1554293870 756323
1554293870 797688
1554293870 840236
1554293870 885462
1554293870 926337
1554293870 971361
1554293871 11760
1554293871 53579
1554293871 95604
1554293871 139319
1554293871 180055
1554293871 222240
1554293871 263751
1554293871 305713
1554293871 347651
1554293871 390865
1554293871 432703
1554293871 473678
1554293871 515758
1554293871 557672
1554293871 600351
1554293871 642942
1554293871 684038
1554293871 725778
1554293871 767763
1554293871 811599
1554293871 852698
1554293871 893554
1554293871 935572
1554293871 978074
1554293872 20374
1554293872 62238
1554293872 104245
1554293872 145763
1554293872 187734
1554293872 230347
1554293872 272297
1554293872 313687
1554293872 355754
1554293872 397723
1554293872 440128
1554293872 482917
1554293872 524013
1554293872 565794
1554293872 607740
1554293872 651915
1554293872 693162
1554293872 733686
1554293872 775585
1554293872 817633
1554293872 860932
1554293872 901706
1554293872 944297
1554293872 986064
1554293873 27673
1554293873 71449
1554293873 112534
1554293873 154677
1554293873 195702
1554293873 237653
1554293873 279647
1554293873 322724
1554293873 364471
1554293873 406045
1554293873 447733
1554293873 489711
1554293873 533764
1554293873 575577
1554293873 617621
1554293873 660853
1554293873 701722
1554293873 744382
1554293873 785781
1554293873 827751
1554293873 869713
1554293873 915060
1554293873 955783
1554293873 998411
1554293874 39634
1554293874 82889
1554293874 124531
1554293874 165806
1554293874 207752
1554293874 252655
1554293874 293187
1554293874 334355
1554293874 375535
1554293874 417574
1554293874 460824
1554293874 504237
1554293874 545775
1554293874 587661
1554293874 629812
1554293874 672871
1554293874 714198
1554293874 755643
1554293874 797672
1554293874 839985
1554293874 883240
1554293874 924507
1554293874 965774
1554293875 7719
1554293875 49722
1554293875 93810
1554293875 134949
1554293875 175628
1554293875 217571
1554293875 260041
1554293875 303090
1554293875 343787
1554293875 386202
1554293875 427699
1554293875 469727
1554293875 511677
1554293875 554523
1554293875 595703
1554293875 637983
1554293875 679662
1554293875 721705
1554293875 765413
1554293875 806565
1554293875 848003
1554293875 889958
1554293875 934091
1554293875 975740
1554293876 17745
1554293876 59752
1554293876 103365
1554293876 143803
1554293876 186295
1554293876 227753
1554293876 269713
1554293876 311657
1554293876 354485
1554293876 396090
1554293876 437752
1554293876 479670
1554293876 521657
1554293876 564345
1554293876 606413
1554293876 648047
1554293876 689752
1554293876 731547
1554293876 775254
1554293876 816196
1554293876 857579
1554293876 900073
1554293876 942955
1554293876 983802
1554293877 26332
1554293877 67750
1554293877 109653
1554293877 151694
1554293877 194491
1554293877 236144
1554293877 277678
1554293877 319725
1554293877 361622
1554293877 404846
1554293877 446798
1554293877 488237
1554293877 529721
1554293877 571616
1554293877 615752
1554293877 656820
1554293877 697547
1554293877 739688
1554293877 782022
1554293877 824486
1554293877 866332
1554293877 908319
1554293877 949709
1554293877 991752
1554293878 33617
1554293878 77756
1554293878 117680
1554293878 159644
1554293878 201747
1554293878 246311
1554293878 286717
1554293878 327813
1554293878 370049
1554293878 411660
1554293878 455660
1554293878 497384
1554293878 539768
1554293878 582651
1554293878 624880
1554293878 666019
1554293878 708229
1554293878 749788
1554293878 791650
1554293878 835229
1554293878 877056
1554293878 919550
1554293878 961634
1554293879 4074
1554293879 46296
1554293879 89143
1554293879 129681
1554293879 171595
1554293879 213576
1554293879 257712
1554293879 297979
1554293879 339703
1554293879 381559
1554293879 424916
