1554293837 397599
1554293837 438715
1554293837 480068
1554293837 522388
1554293837 565128
1554293837 607508
1554293837 648261
1554293837 690237
1554293837 732024
1554293837 774535
1554293837 816803
1554293837 858200
1554293837 899979
1554293837 942268
1554293837 986890
1554293838 27658
1554293838 69808
1554293838 112772
1554293838 155362
1554293838 196281
1554293838 238462
1554293838 280044
1554293838 322397
1554293838 364296
1554293838 407266
1554293838 449089
1554293838 490216
1554293838 532305
1554293838 574000
1554293838 616252
1554293838 658561
1554293838 700016
1554293838 741800
1554293838 783896
1554293838 828523
1554293838 868578
1554293838 909789
1554293838 952055
1554293838 995057
1554293839 36121
1554293839 78518
1554293839 120098
1554293839 162490
1554293839 204316
1554293839 247284
1554293839 288638
1554293839 330327
1554293839 371962
1554293839 413980
1554293839 456836
1554293839 498662
1554293839 540016
1554293839 581949
1554293839 623772
1554293839 668166
1554293839 709109
1554293839 749756
1554293839 792257
1554293839 835175
1554293839 876564
1554293839 918484
1554293839 960385
1554293840 2452
1554293840 44525
1554293840 87157
1554293840 128755
1554293840 170216
1554293840 212240
1554293840 254020
1554293840 296511
1554293840 338840
1554293840 380018
1554293840 421794
1554293840 463777
1554293840 508134
1554293840 550451
1554293840 591796
1554293840 634253
1554293840 677000
1554293840 718168
1554293840 760458
1554293840 802411
1554293840 844437
1554293840 887186
1554293840 932299
1554293840 970447
1554293841 12055
1554293841 54229
1554293841 95966
1554293841 138247
1554293841 180464
1554293841 221801
1554293841 263767
1554293841 305790
1554293841 350108
1554293841 391777
1554293841 434473
1554293841 477122
1554293841 518223
1554293841 560613
1554293841 602424
1554293841 644509
1554293841 687208
1554293841 729233
1554293841 770385
1554293841 812069
1554293841 854056
1554293841 896006
1554293841 940022
1554293841 980583
1554293842 21998
1554293842 63790
1554293842 105802
1554293842 150089
1554293842 191317
1554293842 232122
1554293842 273936
1554293842 317434
1554293842 358676
1554293842 400429
1554293842 443376
1554293842 484597
1554293842 526253
1554293842 568939
1554293842 610650
1554293842 652080
1554293842 694567
1554293842 735968
1554293842 778580
1554293842 820957
1554293842 864125
1554293842 905929
1554293842 950073
1554293842 991362
1554293843 31988
1554293843 73803
1554293843 116247
1554293843 159268
1554293843 200143
1554293843 242904
1554293843 284385
1554293843 326284
1554293843 368605
1554293843 410990
1554293843 452855
1554293843 494022
1554293843 536110
1554293843 578008
1554293843 620247
1554293843 662380
1554293843 704594
1554293843 745933
1554293843 787729
1554293843 832189
1554293843 873782
1554293843 915940
1554293843 959030
1554293844 178
1554293844 42975
1554293844 84436
1554293844 126318
1554293844 168317
1554293844 211054
1554293844 253053
1554293844 294001
1554293844 336348
1554293844 377963
1554293844 420277
1554293844 462462
1554293844 503939
1554293844 545954
1554293844 590973
1554293844 632704
1554293844 672593
1554293844 714142
1554293844 755773
1554293844 799283
1554293844 840289
1554293844 883088
1554293844 924500
1554293844 966304
1554293845 8306
1554293845 51771
1554293845 92473
1554293845 134032
1554293845 176199
1554293845 218278
1554293845 260914
1554293845 302400
1554293845 344048
1554293845 385932
1554293845 427805
1554293845 472694
1554293845 513264
1554293845 553753
1554293845 595739
1554293845 638204
1554293845 682756
1554293845 724852
1554293845 766213
1554293845 808523
1554293845 851285
1554293845 895367
1554293845 935067
1554293845 976027
1554293846 18289
1554293846 60171
1554293846 102496
1554293846 144555
1554293846 185987
1554293846 227801
1554293846 272122
1554293846 313775
1554293846 355782
1554293846 398031
1554293846 441033
1554293846 483455
1554293846 524944
1554293846 566270
1554293846 608311
1554293846 650267
1554293846 692792
1554293846 735400
1554293846 776046
1554293846 818382
1554293846 860068
1554293846 902418
1554293846 944861
1554293846 986665
1554293847 27950
1554293847 69930
1554293847 114248
1554293847 154432
1554293847 195936
1554293847 238505
1554293847 281441
1554293847 322465
1554293847 364830
1554293847 406322
1554293847 448289
1554293847 490742
1554293847 533293
1554293847 574371
1554293847 616279
1554293847 657918
1554293847 700061
1554293847 743993
1554293847 784420
1554293847 825901
1554293847 867778
1554293847 909999
1554293847 954029
1554293847 995658
1554293848 37771
1554293848 83603
1554293848 123088
1554293848 164951
1554293848 206640
1554293848 248319
1554293848 290177
1554293848 332623
1554293848 374679
1554293848 416065
1554293848 457993
1554293848 500117
1554293848 543101
1554293848 584551
1554293848 626079
1554293848 667923
1554293848 709762
1554293848 754295
1554293848 795692
1554293848 837902
1554293848 880340
1554293848 923372
1554293848 964514
1554293849 6751
1554293849 48322
1554293849 90227
1554293849 131978
1554293849 174810
1554293849 217091
1554293849 258066
1554293849 300086
1554293849 342084
1554293849 384812
1554293849 426462
1554293849 467810
1554293849 509802
1554293849 551917
1554293849 596616
1554293849 637805
1554293849 679997
1554293849 723281
1554293849 764494
1554293849 806748
1554293849 848377
1554293849 890302
1554293849 932216
1554293849 974669
1554293850 17738
1554293850 58063
1554293850 100089
1554293850 142024
1554293850 184738
1554293850 226845
1554293850 268501
1554293850 310310
1554293850 351971
1554293850 395964
1554293850 436840
1554293850 477792
1554293850 520154
1554293850 563582
1554293850 604884
1554293850 646611
1554293850 688820
1554293850 730230
1554293850 772084
1554293850 814595
1554293850 857183
1554293850 899349
1554293850 940146
1554293850 982051
1554293851 24992
1554293851 67064
1554293851 107782
1554293851 149767
1554293851 191762
1554293851 236023
1554293851 278793
1554293851 319782
1554293851 362527
1554293851 405245
1554293851 446172
1554293851 488717
1554293851 530801
1554293851 572063
1554293851 614005
1554293851 657083
1554293851 698321
1554293851 740075
1554293851 782582
1554293851 824073
1554293851 866855
1554293851 908323
1554293851 949794
1554293851 991770
1554293852 36756
1554293852 84626
1554293852 119807
1554293852 162355
1554293852 205318
1554293852 246261
1554293852 296614
1554293852 338952
1554293852 380135
1554293852 422053
1554293852 463969
1554293852 506576
1554293852 548492
1554293852 590192
1554293852 632131
1554293852 673780
1554293852 718027
1554293852 758783
1554293852 799779
1554293852 841766
1554293852 886860
1554293852 926405
1554293852 968800
1554293853 10568
1554293853 52062
1554293853 94334
1554293853 136717
1554293853 178467
1554293853 220093
1554293853 262054
1554293853 303988
1554293853 346939
1554293853 388839
1554293853 429913
1554293853 471813
1554293853 513792
1554293853 558172
1554293853 599207
1554293853 640031
1554293853 681765
1554293853 725284
1554293853 767191
1554293853 808515
1554293853 850666
1554293853 892147
1554293853 933985
1554293853 976304
1554293854 18357
1554293854 61059
1554293854 102039
1554293854 143984
1554293854 186099
1554293854 228237
1554293854 270420
1554293854 312053
1554293854 353777
1554293854 398199
1554293854 439738
1554293854 481784
1554293854 524578
1554293854 567387
1554293854 608393
1554293854 650807
1554293854 692068
1554293854 734522
1554293854 776047
1554293854 819114
1554293854 860532
1554293854 902149
1554293854 944108
1554293854 986088
1554293855 29771
1554293855 70838
1554293855 112005
1554293855 153787
1554293855 196170
1554293855 240565
1554293855 280531
1554293855 322360
1554293855 364281
1554293855 407223
1554293855 448824
1554293855 490676
1554293855 532134
1554293855 574019
1554293855 616043
1554293855 658806
1554293855 700561
1554293855 742314
1554293855 784074
1554293855 826106
1554293855 871968
1554293855 910196
1554293855 951961
1554293855 993934
1554293856 35914
1554293856 80195
1554293856 121048
1554293856 162350
1554293856 204288
1554293856 248136
1554293856 288899
1554293856 330655
1554293856 372586
1554293856 414033
1554293856 456061
1554293856 498607
1554293856 540933
1554293856 581991
1554293856 624073
1554293856 666045
1554293856 707781
1554293856 750912
1554293856 792384
1554293856 834605
1554293856 875941
1554293856 920163
1554293856 961641
1554293857 5089
1554293857 46532
1554293857 89295
1554293857 130209
1554293857 172587
1554293857 214034
1554293857 256086
1554293857 298008
1554293857 341301
1554293857 382280
1554293857 424064
1554293857 466042
1554293857 508026
1554293857 550325
1554293857 592561
1554293857 633942
1554293857 675794
1554293857 717758
1554293857 762803
1554293857 802707
1554293857 844275
1554293857 886154
1554293857 929589
1554293857 970161
1554293858 12596
1554293858 54092
1554293858 96186
1554293858 137971
1554293858 180846
1554293858 222453
1554293858 264071
1554293858 306025
1554293858 348023
1554293858 390960
1554293858 432792
1554293858 473970
1554293858 515794
1554293858 557753
1554293858 602440
1554293858 643757
1554293858 684239
1554293858 726089
1554293858 769376
1554293858 810980
1554293858 852587
1554293858 894497
1554293858 936064
1554293858 977985
1554293859 20665
1554293859 63481
1554293859 104107
1554293859 146029
1554293859 188070
1554293859 230594
1554293859 272788
1554293859 313892
1554293859 355993
1554293859 397779
1554293859 442741
1554293859 483984
1554293859 526161
1554293859 568476
1554293859 611738
1554293859 652389
1554293859 694453
1554293859 736071
1554293859 778199
1554293859 820071
1554293859 866245
1554293859 904580
1554293859 946124
1554293859 988307
1554293860 30020
1554293860 72290
1554293860 114395
1554293860 155902
1554293860 197806
1554293860 239756
1554293860 284853
1554293860 326144
1554293860 368744
1554293860 411804
1554293860 452109
1554293860 494673
1554293860 536075
1554293860 577989
1554293860 620094
1554293860 664511
1554293860 704347
1554293860 746938
1554293860 788063
1554293860 830016
1554293860 872216
1554293860 914482
1554293860 956360
1554293860 997792
1554293861 43258
1554293861 84323
1554293861 125125
1554293861 166044
1554293861 208138
1554293861 251271
1554293861 293174
1554293861 334553
1554293861 376412
1554293861 418055
1554293861 460182
1554293861 502298
1554293861 544418
1554293861 586282
1554293861 628013
1554293861 670007
1554293861 711938
1554293861 754233
1554293861 796456
1554293861 837774
1554293861 879890
1554293861 924823
1554293861 965716
1554293862 8157
1554293862 50442
1554293862 93024
1554293862 134188
1554293862 176545
1554293862 218056
1554293862 260145
1554293862 302038
1554293862 345058
1554293862 386316
1554293862 428037
1554293862 469978
1554293862 511960
1554293862 554272
1554293862 596520
1554293862 637800
1554293862 679934
1554293862 721751
1554293862 766701
1554293862 808104
1554293862 850243
1554293862 894056
1554293862 934178
1554293862 976482
1554293863 18063
1554293863 60151
1554293863 101939
1554293863 145082
1554293863 186297
1554293863 228045
1554293863 270042
1554293863 312007
1554293863 354214
1554293863 396477
1554293863 437917
1554293863 479918
1554293863 521773
1554293863 566600
1554293863 606912
1554293863 647954
1554293863 690310
1554293863 733069
1554293863 774700
1554293863 816408
1554293863 858199
1554293863 900088
1554293863 942133
1554293863 984901
1554293864 26415
1554293864 67978
1554293864 110010
1554293864 152104
1554293864 194695
1554293864 236789
1554293864 277991
1554293864 319929
1554293864 361911
1554293864 406466
1554293864 447460
1554293864 487810
1554293864 530350
1554293864 572351
1554293864 615283
1554293864 656140
1554293864 698520
1554293864 740091
1554293864 782021
1554293864 824423
1554293864 870115
1554293864 909964
1554293864 952160
1554293864 994049
1554293865 36284
1554293865 78435
1554293865 119899
1554293865 162526
1554293865 206649
1554293865 248122
1554293865 290116
1554293865 332154
1554293865 375518
1554293865 416701
1554293865 458658
1554293865 500191
1554293865 542147
1554293865 583995
1554293865 627185
1554293865 669285
1554293865 710037
1554293865 752042
1554293865 793985
1554293865 836236
1554293865 880252
1554293865 920623
1554293865 962501
1554293866 6620
1554293866 48692
1554293866 88859
1554293866 129964
1554293866 172729
1554293866 215018
1554293866 256476
1554293866 298647
1554293866 340163
1554293866 382154
1554293866 424794
1554293866 466831
1554293866 508367
1554293866 550042
1554293866 592077
1554293866 634036
1554293866 677771
1554293866 718409
1554293866 759801
1554293866 801770
1554293866 844180
1554293866 888319
1554293866 929977
1554293866 972097
1554293867 14357
1554293867 58391
1554293867 98673
1554293867 140427
1554293867 182088
1554293867 224180
1554293867 266671
1554293867 308674
1554293867 350083
1554293867 392012
1554293867 434032
1554293867 476617
1554293867 518326
1554293867 560036
1554293867 602313
1554293867 644218
1554293867 688118
1554293867 729801
1554293867 771775
1554293867 813968
1554293867 857103
1554293867 898302
1554293867 940788
1554293867 982040
1554293868 24106
1554293868 66132
1554293868 108806
1554293868 150861
1554293868 192046
1554293868 234990
1554293868 276043
1554293868 318710
1554293868 360437
1554293868 401928
1554293868 444241
1554293868 488392
1554293868 530541
1554293868 570362
1554293868 611779
1554293868 654033
1554293868 696949
1554293868 738305
1554293868 780651
1554293868 822018
1554293868 864086
1554293868 906044
1554293868 949282
1554293868 991057
1554293869 32010
1554293869 74048
1554293869 116013
1554293869 158821
1554293869 200437
1554293869 242877
1554293869 284207
1554293869 326149
1554293869 370132
1554293869 410978
1554293869 451762
1554293869 494555
1554293869 537428
1554293869 578640
1554293869 620574
1554293869 663010
1554293869 704176
1554293869 746634
1554293869 788619
1554293869 831217
1554293869 872038
1554293869 914099
1554293869 956198
1554293869 999268
1554293870 40757
1554293870 82571
1554293870 124210
1554293870 166190
1554293870 210525
1554293870 252153
1554293870 293980
1554293870 336256
1554293870 379016
1554293870 420214
1554293870 462586
1554293870 504285
1554293870 546081
1554293870 588063
1554293870 631082
1554293870 672902
1554293870 714055
1554293870 756593
1554293870 798087
1554293870 840733
1554293870 885681
1554293870 926555
1554293870 970954
1554293871 12083
1554293871 53792
1554293871 95900
1554293871 139561
1554293871 180287
1554293871 222463
1554293871 264171
1554293871 306046
1554293871 348021
1554293871 391129
1554293871 432959
1554293871 474025
1554293871 516115
1554293871 558022
1554293871 600779
1554293871 643259
1554293871 684258
1554293871 726135
1554293871 768135
1554293871 811811
1554293871 852912
1554293871 893769
1554293871 935783
1554293871 979110
1554293872 20612
1554293872 62483
1554293872 104474
1554293872 146117
1554293872 188096
1554293872 230703
1554293872 272527
1554293872 314064
1554293872 356104
1554293872 398046
1554293872 440820
1554293872 483145
1554293872 524235
1554293872 566155
1554293872 608110
1554293872 652117
1554293872 693379
1554293872 734066
1554293872 775802
1554293872 818203
1554293872 861165
1554293872 902148
1554293872 944528
1554293872 986295
1554293873 28024
1554293873 72480
1554293873 112839
1554293873 154907
1554293873 196074
1554293873 238002
1554293873 280024
1554293873 322969
1554293873 364695
1554293873 406268
1554293873 448101
1554293873 492722
1554293873 534070
1554293873 575794
1554293873 617940
1554293873 661190
1554293873 702139
1554293873 745518
1554293873 786140
1554293873 828118
1554293873 870048
1554293873 915299
1554293873 956145
1554293873 998636
1554293874 39973
1554293874 83299
1554293874 124801
1554293874 166168
1554293874 208134
1554293874 252884
1554293874 294218
1554293874 334850
1554293874 375755
1554293874 417792
1554293874 461082
1554293874 504473
1554293874 546111
1554293874 587987
1554293874 630183
1554293874 673105
1554293874 714421
1554293874 756030
1554293874 798032
1554293874 839709
1554293874 880928
1554293874 924726
1554293874 966152
1554293875 8094
1554293875 50083
1554293875 94090
1554293875 135163
1554293875 176007
1554293875 217790
1554293875 260273
1554293875 303323
1554293875 344605
1554293875 386436
1554293875 428047
1554293875 470089
1554293875 512803
1554293875 554848
1554293875 596073
1554293875 638204
1554293875 680017
1554293875 722443
1554293875 765638
1554293875 806853
1554293875 848227
1554293875 890198
1554293875 934313
1554293875 976063
1554293876 18114
1554293876 60061
1554293876 103595
1554293876 144238
1554293876 186723
1554293876 228115
1554293876 270098
1554293876 311982
1554293876 355053
1554293876 396318
1554293876 438117
1554293876 479998
1554293876 522384
1554293876 564833
1554293876 606672
1554293876 648263
1554293876 690125
1554293876 731762
1554293876 776454
1554293876 816414
1554293876 857793
1554293876 900322
1554293876 943195
1554293876 984256
1554293877 26760
1554293877 68110
1554293877 109974
1554293877 152074
1554293877 194729
1554293877 236368
1554293877 278022
1554293877 320080
1554293877 362290
1554293877 405098
1554293877 447132
1554293877 488457
1554293877 530107
1554293877 571955
1554293877 616062
1554293877 657038
1554293877 697761
1554293877 740004
1554293877 782263
1554293877 825292
1554293877 866626
1554293877 908544
1554293877 950033
1554293877 992121
1554293878 34562
1554293878 78080
1554293878 118056
1554293878 159988
1554293878 202450
1554293878 246713
1554293878 287134
1554293878 328287
1554293878 370288
1554293878 411983
1554293878 456024
1554293878 497605
1554293878 540104
1554293878 583756
1554293878 625113
1554293878 666252
1554293878 708454
1554293878 750118
1554293878 792020
1554293878 835465
1554293878 877348
1554293878 919783
1554293878 962324
1554293879 4305
1554293879 46777
1554293879 89384
1554293879 130031
1554293879 171809
1554293879 213793
1554293879 258024
1554293879 298203
1554293879 340065
1554293879 381808
1554293879 425330
