1554293837 397540
1554293837 438666
1554293837 480018
1554293837 522309
1554293837 565080
1554293837 607464
1554293837 648215
1554293837 690193
1554293837 731977
1554293837 774476
1554293837 816756
1554293837 858156
1554293837 899918
1554293837 942222
1554293837 986842
1554293838 27615
1554293838 69764
1554293838 112727
1554293838 155312
1554293838 196234
1554293838 238414
1554293838 279995
1554293838 322322
1554293838 364251
1554293838 407219
1554293838 449042
1554293838 490170
1554293838 532258
1554293838 573949
1554293838 616205
1554293838 658510
1554293838 699969
1554293838 741757
1554293838 783779
1554293838 828158
1554293838 868535
1554293838 909745
1554293838 952011
1554293838 995008
1554293839 36073
1554293839 78469
1554293839 120049
1554293839 162443
1554293839 204267
1554293839 247236
1554293839 288589
1554293839 330281
1554293839 371897
1554293839 413810
1554293839 456766
1554293839 498563
1554293839 539974
1554293839 581792
1554293839 623728
1554293839 668120
1554293839 709066
1554293839 749711
1554293839 792214
1554293839 834258
1554293839 876518
1554293839 918437
1554293839 960337
1554293840 2402
1554293840 44477
1554293840 87038
1554293840 128709
1554293840 170169
1554293840 212193
1554293840 253958
1554293840 296454
1554293840 338791
1554293840 379971
1554293840 421749
1554293840 463733
1554293840 508088
1554293840 550404
1554293840 591755
1554293840 634166
1554293840 676950
1554293840 718121
1554293840 760414
1554293840 802347
1554293840 844388
1554293840 887138
1554293840 932251
1554293840 970400
1554293841 12006
1554293841 54180
1554293841 95892
1554293841 138201
1554293841 180419
1554293841 221759
1554293841 263722
1554293841 305744
1554293841 350063
1554293841 391734
1554293841 434427
1554293841 477069
1554293841 518177
1554293841 560499
1554293841 602361
1554293841 644462
1554293841 687129
1554293841 729185
1554293841 770341
1554293841 812020
1554293841 854011
1554293841 895923
1554293841 939960
1554293841 980538
1554293842 21925
1554293842 63746
1554293842 105759
1554293842 150045
1554293842 191275
1554293842 232080
1554293842 273788
1554293842 317383
1554293842 358631
1554293842 400378
1554293842 443329
1554293842 484551
1554293842 526209
1554293842 568891
1554293842 610567
1554293842 652030
1554293842 694520
1554293842 735903
1554293842 778529
1554293842 820862
1554293842 864073
1554293842 905777
1554293842 950029
1554293842 991320
1554293843 31810
1554293843 73759
1554293843 116199
1554293843 159221
1554293843 200094
1554293843 242856
1554293843 284342
1554293843 326237
1554293843 368555
1554293843 410938
1554293843 452808
1554293843 493957
1554293843 536061
1554293843 577930
1554293843 620201
1554293843 662333
1554293843 704549
1554293843 745780
1554293843 787685
1554293843 832142
1554293843 873736
1554293843 915780
1554293843 958984
1554293844 130
1554293844 42927
1554293844 84390
1554293844 126272
1554293844 168270
1554293844 211005
1554293844 253008
1554293844 293941
1554293844 336300
1554293844 377899
1554293844 420228
1554293844 462414
1554293844 503794
1554293844 545806
1554293844 588200
1554293844 632461
1554293844 672547
1554293844 714096
1554293844 755727
1554293844 799234
1554293844 840241
1554293844 882964
1554293844 924456
1554293844 966258
1554293845 8256
1554293845 51719
1554293845 92427
1554293845 133982
1554293845 176151
1554293845 218231
1554293845 260864
1554293845 302352
1554293845 343951
1554293845 385805
1554293845 427763
1554293845 472648
1554293845 513219
1554293845 553709
1554293845 595694
1554293845 638155
1554293845 682704
1554293845 724801
1554293845 766167
1554293845 808478
1554293845 851235
1554293845 895321
1554293845 935023
1554293845 975974
1554293846 18244
1554293846 60123
1554293846 102446
1554293846 144507
1554293846 185924
1554293846 227756
1554293846 272076
1554293846 313731
1554293846 355737
1554293846 397988
1554293846 440986
1554293846 483405
1554293846 524896
1554293846 566223
1554293846 608266
1554293846 650219
1554293846 692745
1554293846 735355
1554293846 775997
1554293846 818337
1554293846 860022
1554293846 902370
1554293846 944818
1554293846 986622
1554293847 27812
1554293847 69803
1554293847 113980
1554293847 154387
1554293847 195779
1554293847 238461
1554293847 281393
1554293847 322412
1554293847 364784
1554293847 406275
1554293847 448243
1554293847 490694
1554293847 533238
1554293847 574327
1554293847 616231
1554293847 657791
1554293847 700013
1554293847 743931
1554293847 784375
1554293847 825781
1554293847 867732
1554293847 909935
1554293847 953980
1554293847 995614
1554293848 37728
1554293848 83550
1554293848 123043
1554293848 164903
1554293848 206555
1554293848 248276
1554293848 290129
1554293848 332574
1554293848 374630
1554293848 416003
1554293848 457915
1554293848 500072
1554293848 543044
1554293848 584504
1554293848 626029
1554293848 667785
1554293848 709718
1554293848 754248
1554293848 795648
1554293848 837775
1554293848 880270
1554293848 923324
1554293848 964463
1554293849 6532
1554293849 48274
1554293849 90182
1554293849 131912
1554293849 174762
1554293849 217043
1554293849 258000
1554293849 300038
1554293849 342038
1554293849 384761
1554293849 426415
1554293849 467766
1554293849 509758
1554293849 551789
1554293849 596569
1554293849 637760
1554293849 679950
1554293849 723232
1554293849 764447
1554293849 806699
1554293849 848331
1554293849 890256
1554293849 932168
1554293849 974617
1554293850 17692
1554293850 58001
1554293850 100041
1554293850 141965
1554293850 184516
1554293850 226802
1554293850 268456
1554293850 310267
1554293850 351907
1554293850 395910
1554293850 436795
1554293850 477749
1554293850 520109
1554293850 563520
1554293850 604836
1554293850 646562
1554293850 688774
1554293850 730183
1554293850 772033
1554293850 814545
1554293850 857138
1554293850 899301
1554293850 940101
1554293850 982005
1554293851 24933
1554293851 67018
1554293851 107739
1554293851 149723
1554293851 191718
1554293851 235979
1554293851 278749
1554293851 319738
1554293851 361810
1554293851 405199
1554293851 446125
1554293851 488670
1554293851 530754
1554293851 572013
1554293851 613811
1554293851 657035
1554293851 698275
1554293851 740030
1554293851 782535
1554293851 823968
1554293851 866802
1554293851 908271
1554293851 949751
1554293851 991724
1554293852 36645
1554293852 84562
1554293852 119760
1554293852 162284
1554293852 205271
1554293852 246216
1554293852 296569
1554293852 338907
1554293852 380087
1554293852 422006
1554293852 463904
1554293852 506529
1554293852 548444
1554293852 590149
1554293852 632087
1554293852 673735
1554293852 717513
1554293852 758733
1554293852 799734
1554293852 841723
1554293852 886812
1554293852 926355
1554293852 968753
1554293853 10522
1554293853 52017
1554293853 94290
1554293853 136669
1554293853 178370
1554293853 220045
1554293853 262003
1554293853 303925
1554293853 346890
1554293853 388795
1554293853 429789
1554293853 471770
1554293853 513747
1554293853 558125
1554293853 599163
1554293853 639957
1554293853 681722
1554293853 724506
1554293853 767143
1554293853 808139
1554293853 850573
1554293853 892099
1554293853 933926
1554293853 975798
1554293854 18314
1554293854 61009
1554293854 101981
1554293854 143923
1554293854 186051
1554293854 228188
1554293854 270374
1554293854 312007
1554293854 353733
1554293854 398150
1554293854 439694
1554293854 481743
1554293854 524526
1554293854 567341
1554293854 608347
1554293854 650760
1554293854 692022
1554293854 734477
1554293854 776000
1554293854 819067
1554293854 860484
1554293854 902102
1554293854 944049
1554293854 986035
1554293855 29726
1554293855 70792
1554293855 111948
1554293855 153744
1554293855 196105
1554293855 240136
1554293855 280457
1554293855 322292
1554293855 364235
1554293855 407175
1554293855 448779
1554293855 490628
1554293855 532088
1554293855 573955
1554293855 615994
1554293855 658760
1554293855 700514
1554293855 742268
1554293855 783977
1554293855 826058
1554293855 868457
1554293855 910152
1554293855 951901
1554293855 993786
1554293856 35789
1554293856 80153
1554293856 121006
1554293856 162272
1554293856 204244
1554293856 248087
1554293856 288850
1554293856 330607
1554293856 372537
1554293856 413984
1554293856 456010
1554293856 498553
1554293856 540886
1554293856 581802
1554293856 623980
1554293856 665997
1554293856 707739
1554293856 750866
1554293856 792339
1554293856 834561
1554293856 875777
1554293856 920116
1554293856 961598
1554293857 5047
1554293857 46483
1554293857 89248
1554293857 130161
1554293857 172542
1554293857 213987
1554293857 256038
1554293857 297959
1554293857 341081
1554293857 382234
1554293857 423967
1554293857 465992
1554293857 507976
1554293857 550277
1554293857 592513
1554293857 633792
1554293857 675752
1554293857 717714
1554293857 762433
1554293857 802664
1554293857 844231
1554293857 886111
1554293857 929540
1554293857 970113
1554293858 12549
1554293858 54042
1554293858 96140
1554293858 137902
1554293858 180797
1554293858 222409
1554293858 263975
1554293858 305974
1554293858 347958
1554293858 390889
1554293858 432743
1554293858 473914
1554293858 515749
1554293858 557712
1554293858 602394
1554293858 643710
1554293858 684193
1554293858 726044
1554293858 769296
1554293858 810932
1554293858 852536
1554293858 894451
1554293858 936016
1554293858 977914
1554293859 20616
1554293859 63433
1554293859 103998
1554293859 145981
1554293859 188024
1554293859 230545
1554293859 272740
1554293859 313771
1554293859 355932
1554293859 397735
1554293859 442695
1554293859 483929
1554293859 526118
1554293859 568428
1554293859 611691
1554293859 652341
1554293859 694401
1554293859 736022
1554293859 778154
1554293859 820024
1554293859 866196
1554293859 904535
1554293859 946076
1554293859 988262
1554293860 29957
1554293860 72240
1554293860 114350
1554293860 155782
1554293860 197763
1554293860 239712
1554293860 284811
1554293860 326100
1554293860 368466
1554293860 411753
1554293860 452060
1554293860 494625
1554293860 536028
1554293860 577814
1554293860 620047
1554293860 664463
1554293860 704274
1554293860 746891
1554293860 788013
1554293860 829807
1554293860 872167
1554293860 914434
1554293860 956311
1554293860 997749
1554293861 43212
1554293861 84277
1554293861 125080
1554293861 165988
1554293861 208096
1554293861 251222
1554293861 293125
1554293861 334505
1554293861 376367
1554293861 418003
1554293861 460134
1554293861 502249
1554293861 544370
1554293861 586235
1554293861 627967
1554293861 669814
1554293861 711788
1554293861 754186
1554293861 796413
1554293861 837733
1554293861 879772
1554293861 924779
1554293861 965672
1554293862 8112
1554293862 50394
1554293862 92980
1554293862 134143
1554293862 176502
1554293862 218003
1554293862 260098
1554293862 301990
1554293862 345009
1554293862 386269
1554293862 427978
1554293862 469918
1554293862 511892
1554293862 554220
1554293862 596477
1554293862 637755
1554293862 679785
1554293862 721705
1554293862 766659
1554293862 808062
1554293862 850198
1554293862 893991
1554293862 934129
1554293862 976436
1554293863 18016
1554293863 60103
1554293863 101801
1554293863 145033
1554293863 186247
1554293863 227996
1554293863 269993
1554293863 311929
1554293863 354169
1554293863 396433
1554293863 437779
1554293863 479779
1554293863 521729
1554293863 566377
1554293863 606867
1554293863 647776
1554293863 690268
1554293863 733019
1554293863 774622
1554293863 816360
1554293863 858148
1554293863 900041
1554293863 942085
1554293863 984854
1554293864 26369
1554293864 67793
1554293864 109952
1554293864 152055
1554293864 194486
1554293864 236743
1554293864 277924
1554293864 319789
1554293864 361775
1554293864 406422
1554293864 447416
1554293864 487765
1554293864 530305
1554293864 572302
1554293864 615234
1554293864 656095
1554293864 698467
1554293864 740046
1554293864 781963
1554293864 824372
1554293864 870066
1554293864 909800
1554293864 952114
1554293864 993982
1554293865 36236
1554293865 78393
1554293865 119777
1554293865 162483
1554293865 206602
1554293865 248078
1554293865 290071
1554293865 332111
1554293865 375471
1554293865 416655
1554293865 458574
1554293865 500144
1554293865 542101
1554293865 583925
1554293865 627099
1554293865 669239
1554293865 709984
1554293865 751996
1554293865 793813
1554293865 836190
1554293865 880208
1554293865 920522
1554293865 962454
1554293866 4140
1554293866 48460
1554293866 88815
1554293866 129776
1554293866 172683
1554293866 214971
1554293866 256431
1554293866 298601
1554293866 340118
1554293866 382105
1554293866 424743
1554293866 466783
1554293866 508320
1554293866 549996
1554293866 592031
1554293866 633976
1554293866 677718
1554293866 718366
1554293866 759756
1554293866 801725
1554293866 844136
1554293866 888274
1554293866 929794
1554293866 972050
1554293867 14312
1554293867 57962
1554293867 98623
1554293867 140379
1554293867 182043
1554293867 224130
1554293867 266621
1554293867 308630
1554293867 350036
1554293867 391950
1554293867 433972
1554293867 476564
1554293867 518276
1554293867 559985
1554293867 601934
1554293867 644174
1554293867 688072
1554293867 729761
1554293867 771731
1554293867 813917
1554293867 857057
1554293867 898257
1554293867 940744
1554293867 981993
1554293868 24050
1554293868 66086
1554293868 108757
1554293868 150815
1554293868 191980
1554293868 234946
1554293868 275994
1554293868 318494
1554293868 360391
1554293868 401779
1554293868 444195
1554293868 488348
1554293868 530493
1554293868 570317
1554293868 611732
1554293868 653986
1554293868 696898
1554293868 738259
1554293868 780545
1554293868 821969
1554293868 863988
1554293868 905997
1554293868 949234
1554293868 991009
1554293869 31962
1554293869 73995
1554293869 115953
1554293869 158743
1554293869 200392
1554293869 242832
1554293869 284162
1554293869 326107
1554293869 370089
1554293869 410935
1554293869 451719
1554293869 494509
1554293869 536225
1554293869 578594
1554293869 620525
1554293869 662964
1554293869 704128
1554293869 746587
1554293869 788571
1554293869 830508
1554293869 871964
1554293869 914048
1554293869 956145
1554293869 999223
1554293870 40713
1554293870 82522
1554293870 124168
1554293870 166145
1554293870 210476
1554293870 252108
1554293870 293922
1554293870 336184
1554293870 378971
1554293870 420168
1554293870 462499
1554293870 504238
1554293870 546034
1554293870 588019
1554293870 631032
1554293870 672860
1554293870 714005
1554293870 756510
1554293870 798038
1554293870 840428
1554293870 885637
1554293870 926511
1554293870 970908
1554293871 12040
1554293871 53747
1554293871 95787
1554293871 139512
1554293871 180241
1554293871 222419
1554293871 264123
1554293871 305996
1554293871 347954
1554293871 391084
1554293871 432911
1554293871 473974
1554293871 516068
1554293871 557963
1554293871 600720
1554293871 643124
1554293871 684214
1554293871 726093
1554293871 768089
1554293871 811770
1554293871 852866
1554293871 893727
1554293871 935741
1554293871 979062
1554293872 20565
1554293872 62435
1554293872 104428
1554293872 146068
1554293872 188048
1554293872 230655
1554293872 272484
1554293872 314016
1554293872 356056
1554293872 397997
1554293872 440755
1554293872 483097
1554293872 524192
1554293872 566110
1554293872 608064
1554293872 652072
1554293872 693335
1554293872 734006
1554293872 775756
1554293872 818156
1554293872 861119
1554293872 902100
1554293872 944479
1554293872 986248
1554293873 27962
1554293873 72433
1554293873 112726
1554293873 154860
1554293873 196025
1554293873 237938
1554293873 279959
1554293873 322922
1554293873 364650
1554293873 406223
1554293873 448056
1554293873 492672
1554293873 534025
1554293873 575749
1554293873 617796
1554293873 661141
1554293873 702089
1554293873 744564
1554293873 786095
1554293873 828071
1554293873 869999
1554293873 915249
1554293873 956098
1554293873 998592
1554293874 39813
1554293874 83249
1554293874 124758
1554293874 166125
1554293874 208084
1554293874 252838
1554293874 293979
1554293874 334793
1554293874 375711
1554293874 417747
1554293874 461032
1554293874 504425
1554293874 546063
1554293874 587931
1554293874 630136
1554293874 673057
1554293874 714376
1554293874 755963
1554293874 797959
1554293874 840341
1554293874 883000
1554293874 924679
1554293874 966108
1554293875 8049
1554293875 50038
1554293875 94044
1554293875 135120
1554293875 175805
1554293875 217745
1554293875 260225
1554293875 303275
1554293875 344556
1554293875 386387
1554293875 428001
1554293875 470043
1554293875 512691
1554293875 554801
1554293875 596027
1554293875 638158
1554293875 679955
1554293875 722392
1554293875 765593
1554293875 806807
1554293875 848182
1554293875 890152
1554293875 934269
1554293875 976018
1554293876 18069
1554293876 60017
1554293876 103549
1554293876 144191
1554293876 186480
1554293876 228070
1554293876 270050
1554293876 311925
1554293876 355004
1554293876 396272
1554293876 438071
1554293876 479941
1554293876 522296
1554293876 564783
1554293876 606628
1554293876 648218
1554293876 690081
1554293876 731718
1554293876 776230
1554293876 816371
1554293876 857748
1554293876 900252
1554293876 943146
1554293876 984210
1554293877 26523
1554293877 68061
1554293877 109912
1554293877 152026
1554293877 194681
1554293877 236324
1554293877 277971
1554293877 320034
1554293877 361812
1554293877 405052
1554293877 447087
1554293877 488414
1554293877 530062
1554293877 571794
1554293877 616019
1554293877 656991
1554293877 697719
1554293877 739958
1554293877 782214
1554293877 824674
1554293877 866576
1554293877 908500
1554293877 949987
1554293877 992071
1554293878 34514
1554293878 78036
1554293878 118004
1554293878 159918
1554293878 202400
1554293878 246668
1554293878 287086
1554293878 328242
1554293878 370240
1554293878 411925
1554293878 455958
1554293878 497560
1554293878 540059
1554293878 582837
1554293878 625067
1554293878 666204
1554293878 708410
1554293878 750070
1554293878 791952
1554293878 835417
1554293878 877301
1554293878 919735
1554293878 961917
1554293879 4258
1554293879 46719
1554293879 89335
1554293879 129974
1554293879 171768
1554293879 213749
1554293879 257977
1554293879 298158
1554293879 340022
1554293879 381762
1554293879 425246
