1554293837 397419
1554293837 438571
1554293837 479909
1554293837 521754
1554293837 564983
1554293837 607370
1554293837 648122
1554293837 690098
1554293837 731787
1554293837 774140
1554293837 816489
1554293837 858070
1554293837 899747
1554293837 942134
1554293837 986750
1554293838 27529
1554293838 69681
1554293838 112632
1554293838 155221
1554293838 196142
1554293838 238320
1554293838 279807
1554293838 321759
1554293838 364162
1554293838 407127
1554293838 448954
1554293838 490079
1554293838 532163
1554293838 573770
1554293838 616109
1554293838 658370
1554293838 699793
1554293838 741671
1554293838 783689
1554293838 827555
1554293838 868449
1554293838 909659
1554293838 951906
1554293838 994909
1554293839 35802
1554293839 78378
1554293839 119929
1554293839 162307
1554293839 204175
1554293839 247142
1554293839 288498
1554293839 330184
1554293839 371727
1554293839 413720
1554293839 456479
1554293839 498469
1554293839 539795
1554293839 581707
1554293839 623643
1554293839 668033
1554293839 708980
1554293839 749625
1554293839 792125
1554293839 834167
1554293839 876426
1554293839 918295
1554293839 960243
1554293840 1918
1554293840 44379
1554293840 86942
1554293840 128587
1554293840 170076
1554293840 212102
1554293840 253762
1554293840 296095
1554293840 338695
1554293840 379794
1554293840 421664
1554293840 463644
1554293840 507997
1554293840 550315
1554293840 591668
1554293840 633741
1554293840 676856
1554293840 717806
1554293840 760323
1554293840 801798
1554293840 844297
1554293840 887007
1554293840 932160
1554293840 970313
1554293841 11779
1554293841 54090
1554293841 95737
1554293841 138107
1554293841 180332
1554293841 221670
1554293841 263635
1554293841 305657
1554293841 349973
1554293841 391647
1554293841 434339
1554293841 476978
1554293841 518085
1554293841 560409
1554293841 601795
1554293841 644366
1554293841 686723
1554293841 729088
1554293841 770250
1554293841 811781
1554293841 853814
1554293841 895741
1554293841 939550
1554293841 980455
1554293842 21729
1554293842 63660
1554293842 105675
1554293842 149946
1554293842 191193
1554293842 231973
1554293842 273701
1554293842 316116
1554293842 358539
1554293842 400281
1554293842 443238
1554293842 484462
1554293842 526118
1554293842 568800
1554293842 610473
1554293842 651806
1554293842 694428
1554293842 735737
1554293842 778378
1554293842 820775
1554293842 863930
1554293842 905692
1554293842 949984
1554293842 991235
1554293843 31726
1554293843 73678
1554293843 116076
1554293843 159133
1554293843 199989
1554293843 242758
1554293843 284255
1554293843 326147
1554293843 368459
1554293843 410796
1554293843 452718
1554293843 493757
1554293843 535967
1554293843 577729
1554293843 620110
1554293843 662235
1554293843 704462
1554293843 745694
1554293843 787599
1554293843 832052
1554293843 873652
1554293843 915694
1554293843 958888
1554293844 2
1554293844 42825
1554293844 84297
1554293844 126181
1554293844 168176
1554293844 210861
1554293844 252918
1554293844 293763
1554293844 336190
1554293844 377731
1554293844 420133
1554293844 462325
1554293844 503711
1554293844 545720
1554293844 588110
1554293844 631313
1554293844 672461
1554293844 713988
1554293844 755639
1554293844 799142
1554293844 840150
1554293844 882870
1554293844 924367
1554293844 966165
1554293845 8170
1554293845 51607
1554293845 92338
1554293845 133794
1554293845 176060
1554293845 218140
1554293845 260746
1554293845 302265
1554293845 343763
1554293845 385718
1554293845 427676
1554293845 472534
1554293845 513136
1554293845 553622
1554293845 595609
1554293845 638066
1554293845 681810
1554293845 724602
1554293845 766072
1554293845 808385
1554293845 851134
1554293845 895232
1554293845 934940
1554293845 975770
1554293846 18156
1554293846 60026
1554293846 102353
1554293846 144417
1554293846 185743
1554293846 227673
1554293846 271984
1554293846 313649
1554293846 355652
1554293846 397800
1554293846 440897
1554293846 483311
1554293846 524810
1554293846 566127
1554293846 608175
1554293846 650126
1554293846 692649
1554293846 735260
1554293846 775774
1554293846 818248
1554293846 859807
1554293846 902279
1554293846 944729
1554293846 986496
1554293847 27725
1554293847 69715
1554293847 113441
1554293847 154303
1554293847 195694
1554293847 238369
1554293847 281297
1554293847 321790
1554293847 364691
1554293847 406181
1554293847 448147
1554293847 490604
1554293847 533041
1554293847 574239
1554293847 616141
1554293847 657702
1554293847 699774
1554293847 743522
1554293847 784288
1554293847 825699
1554293847 867648
1554293847 909742
1554293847 953783
1554293847 995533
1554293848 37648
1554293848 83447
1554293848 122950
1554293848 164811
1554293848 206464
1554293848 248183
1554293848 290035
1554293848 332465
1554293848 374507
1554293848 415754
1554293848 457738
1554293848 499969
1554293848 542737
1554293848 584419
1554293848 625923
1554293848 667698
1554293848 709636
1554293848 754156
1554293848 795564
1554293848 837688
1554293848 879926
1554293848 923232
1554293848 964370
1554293849 6442
1554293849 48179
1554293849 90090
1554293849 131729
1554293849 174666
1554293849 216942
1554293849 257761
1554293849 299928
1554293849 341924
1554293849 384485
1554293849 426326
1554293849 467681
1554293849 509673
1554293849 551699
1554293849 596393
1554293849 637675
1554293849 679777
1554293849 723135
1554293849 764357
1554293849 806610
1554293849 848234
1554293849 890165
1554293849 932080
1554293849 974521
1554293850 17601
1554293850 57765
1554293850 99926
1554293850 141751
1554293850 184421
1554293850 226713
1554293850 268370
1554293850 310180
1554293850 351734
1554293850 395750
1554293850 436710
1554293850 477666
1554293850 520021
1554293850 562543
1554293850 604746
1554293850 646465
1554293850 688684
1554293850 730091
1554293850 771782
1554293850 814453
1554293850 857049
1554293850 899212
1554293850 940007
1554293850 981814
1554293851 24627
1554293851 66756
1554293851 107656
1554293851 149638
1554293851 191631
1554293851 235814
1554293851 278662
1554293851 319655
1554293851 361723
1554293851 405111
1554293851 445997
1554293851 488584
1554293851 530599
1554293851 571787
1554293851 613720
1554293851 656941
1554293851 698181
1554293851 739927
1554293851 782447
1554293851 823758
1554293851 866453
1554293851 908182
1554293851 949664
1554293851 991638
1554293852 36556
1554293852 83178
1554293852 119672
1554293852 161774
1554293852 205182
1554293852 246126
1554293852 296477
1554293852 338818
1554293852 379993
1554293852 421793
1554293852 463738
1554293852 506434
1554293852 548353
1554293852 590065
1554293852 631996
1554293852 673650
1554293852 717432
1554293852 758443
1554293852 799646
1554293852 841633
1554293852 886708
1554293852 926265
1554293852 968658
1554293853 10428
1554293853 51898
1554293853 94195
1554293853 136573
1554293853 178276
1554293853 219939
1554293853 261795
1554293853 303749
1554293853 346788
1554293853 388705
1554293853 429705
1554293853 471681
1554293853 513662
1554293853 558040
1554293853 599076
1554293853 639732
1554293853 681637
1554293853 724413
1554293853 767052
1554293853 808049
1554293853 850477
1554293853 891991
1554293853 933752
1554293853 975713
1554293854 18227
1554293854 60914
1554293854 101758
1554293854 143747
1554293854 185785
1554293854 228093
1554293854 270283
1554293854 311777
1554293854 353645
1554293854 398509
1554293854 439609
1554293854 481660
1554293854 524167
1554293854 567250
1554293854 608257
1554293854 650629
1554293854 691907
1554293854 734377
1554293854 775790
1554293854 818970
1554293854 860397
1554293854 902007
1554293854 943785
1554293854 985777
1554293855 29628
1554293855 70702
1554293855 111760
1554293855 153656
1554293855 196016
1554293855 239461
1554293855 280368
1554293855 321768
1554293855 364128
1554293855 407083
1554293855 448691
1554293855 490534
1554293855 531998
1554293855 573744
1554293855 615799
1554293855 658666
1554293855 700422
1554293855 742176
1554293855 783768
1554293855 825942
1554293855 868362
1554293855 910066
1554293855 951741
1554293855 993701
1554293856 35704
1554293856 80069
1554293856 120920
1554293856 161745
1554293856 204157
1554293856 247775
1554293856 288759
1554293856 330509
1554293856 372444
1554293856 413797
1554293856 455813
1554293856 497738
1554293856 540787
1554293856 581714
1554293856 623786
1554293856 665808
1554293856 707653
1554293856 750779
1554293856 792248
1554293856 834475
1554293856 875692
1554293856 920025
1554293856 961512
1554293857 4962
1554293857 46389
1554293857 89154
1554293857 130067
1554293857 172451
1554293857 213798
1554293857 255919
1554293857 297774
1554293857 340984
1554293857 382147
1554293857 423777
1554293857 465803
1554293857 507779
1554293857 550186
1554293857 592314
1554293857 633707
1554293857 675665
1554293857 717628
1554293857 761537
1554293857 802579
1554293857 844143
1554293857 886022
1554293857 929446
1554293857 969993
1554293858 12457
1554293858 53941
1554293858 96047
1554293858 137733
1554293858 180704
1554293858 222317
1554293858 263787
1554293858 305790
1554293858 347750
1554293858 390737
1554293858 432653
1554293858 473750
1554293858 515668
1554293858 557626
1554293858 602271
1554293858 643628
1554293858 684108
1554293858 725814
1554293858 769186
1554293858 810843
1554293858 852428
1554293858 894359
1554293858 935798
1554293858 977742
1554293859 20522
1554293859 63343
1554293859 103756
1554293859 145797
1554293859 187806
1554293859 230193
1554293859 272642
1554293859 313686
1554293859 355671
1554293859 397651
1554293859 442602
1554293859 483765
1554293859 526025
1554293859 568332
1554293859 611597
1554293859 652252
1554293859 694311
1554293859 735808
1554293859 778062
1554293859 819801
1554293859 866109
1554293859 904442
1554293859 945983
1554293859 988164
1554293860 29751
1554293860 72147
1554293860 114262
1554293860 155695
1554293860 197676
1554293860 239628
1554293860 284730
1554293860 326005
1554293860 368379
1554293860 411572
1554293860 451793
1554293860 494508
1554293860 535924
1554293860 577725
1554293860 619940
1554293860 664360
1554293860 703761
1554293860 746798
1554293860 787780
1554293860 829719
1554293860 872070
1554293860 914338
1554293860 956221
1554293860 997663
1554293861 43120
1554293861 84187
1554293861 124993
1554293861 165763
1554293861 208006
1554293861 251128
1554293861 293036
1554293861 334408
1554293861 376272
1554293861 417769
1554293861 460037
1554293861 502156
1554293861 544247
1554293861 586149
1554293861 627782
1554293861 669723
1554293861 711700
1554293861 754094
1554293861 796323
1554293861 837648
1554293861 879688
1554293861 924693
1554293861 965587
1554293862 8009
1554293862 50300
1554293862 92887
1554293862 134020
1554293862 176410
1554293862 217813
1554293862 259999
1554293862 301777
1554293862 344907
1554293862 386180
1554293862 427753
1554293862 469747
1554293862 511727
1554293862 554128
1554293862 596389
1554293862 637672
1554293862 679702
1554293862 721619
1554293862 766571
1554293862 807805
1554293862 850109
1554293862 893727
1554293862 934012
1554293862 976347
1554293863 17907
1554293863 60003
1554293863 101712
1554293863 144932
1554293863 186162
1554293863 227782
1554293863 269807
1554293863 311741
1554293863 354076
1554293863 396345
1554293863 437694
1554293863 479695
1554293863 521640
1554293863 565912
1554293863 606782
1554293863 647690
1554293863 690182
1554293863 732918
1554293863 774531
1554293863 816264
1554293863 858059
1554293863 899812
1554293863 941993
1554293863 984762
1554293864 26280
1554293864 67705
1554293864 109750
1554293864 151939
1554293864 194390
1554293864 236655
1554293864 277732
1554293864 319701
1554293864 361690
1554293864 406337
1554293864 447331
1554293864 487679
1554293864 530217
1554293864 572208
1554293864 615127
1554293864 655988
1554293864 698325
1554293864 739939
1554293864 781753
1554293864 823790
1554293864 869971
1554293864 909711
1554293864 952022
1554293864 993761
1554293865 36144
1554293865 78295
1554293865 119690
1554293865 162395
1554293865 206503
1554293865 247978
1554293865 289965
1554293865 332020
1554293865 375378
1554293865 416560
1554293865 458473
1554293865 500054
1554293865 541995
1554293865 583730
1554293865 627005
1554293865 669152
1554293865 709769
1554293865 751805
1554293865 793723
1554293865 836094
1554293865 880120
1554293865 920436
1554293865 962363
1554293866 4056
1554293866 47714
1554293866 88731
1554293866 129690
1554293866 172561
1554293866 214873
1554293866 256339
1554293866 298505
1554293866 340028
1554293866 382012
1554293866 424524
1554293866 466691
1554293866 508228
1554293866 549811
1554293866 591926
1554293866 633761
1554293866 677407
1554293866 718277
1554293866 759670
1554293866 801639
1554293866 844050
1554293866 888189
1554293866 929710
1554293866 971803
1554293867 14214
1554293867 57779
1554293867 98528
1554293867 140286
1554293867 181797
1554293867 223969
1554293867 266524
1554293867 308541
1554293867 349931
1554293867 391741
1554293867 433767
1554293867 476217
1554293867 518095
1554293867 559769
1554293867 601767
1554293867 644090
1554293867 687976
1554293867 729677
1554293867 771647
1554293867 813754
1554293867 856967
1554293867 898166
1554293867 940651
1554293867 981787
1554293868 23781
1554293868 65990
1554293868 108663
1554293868 150726
1554293868 191750
1554293868 234853
1554293868 275780
1554293868 318396
1554293868 360300
1554293868 401697
1554293868 444107
1554293868 488651
1554293868 530293
1554293868 570230
1554293868 611647
1554293868 653798
1554293868 696801
1554293868 738169
1554293868 780453
1554293868 821783
1554293868 863791
1554293868 905810
1554293868 949140
1554293868 990917
1554293869 31776
1554293869 73799
1554293869 115753
1554293869 158460
1554293869 200303
1554293869 242745
1554293869 284074
1554293869 326020
1554293869 370001
1554293869 410846
1554293869 451636
1554293869 494411
1554293869 536126
1554293869 578498
1554293869 620427
1554293869 662870
1554293869 703983
1554293869 746492
1554293869 788480
1554293869 830416
1554293869 871734
1554293869 913809
1554293869 956055
1554293869 999134
1554293870 40617
1554293870 82433
1554293870 124081
1554293870 166056
1554293870 210323
1554293870 252022
1554293870 293753
1554293870 335750
1554293870 378881
1554293870 420075
1554293870 462399
1554293870 504145
1554293870 545923
1554293870 587908
1554293870 630934
1554293870 672767
1554293870 713775
1554293870 756416
1554293870 797785
1554293870 840333
1554293870 885552
1554293870 926426
1554293870 970796
1554293871 11946
1554293871 53666
1554293871 95703
1554293871 139415
1554293871 180151
1554293871 222331
1554293871 263957
1554293871 305807
1554293871 347742
1554293871 390986
1554293871 432823
1554293871 473770
1554293871 515966
1554293871 557762
1554293871 600456
1554293871 643033
1554293871 684126
1554293871 726007
1554293871 767990
1554293871 811687
1554293871 852783
1554293871 893640
1554293871 935659
1554293871 978951
1554293872 20469
1554293872 62335
1554293872 104335
1554293872 145963
1554293872 187931
1554293872 230440
1554293872 272391
1554293872 313781
1554293872 355947
1554293872 397811
1554293872 440463
1554293872 483009
1554293872 524106
1554293872 566020
1554293872 607955
1554293872 652029
1554293872 693253
1554293872 733772
1554293872 775673
1554293872 817716
1554293872 861026
1554293872 901796
1554293872 944390
1554293872 986158
1554293873 27762
1554293873 72314
1554293873 112632
1554293873 154771
1554293873 195796
1554293873 237743
1554293873 279741
1554293873 322831
1554293873 364561
1554293873 406136
1554293873 447946
1554293873 492554
1554293873 533930
1554293873 575663
1554293873 617709
1554293873 660948
1554293873 701954
1554293873 744474
1554293873 786000
1554293873 827967
1554293873 869806
1554293873 915157
1554293873 956001
1554293873 998500
1554293874 39725
1554293874 82996
1554293874 124669
1554293874 166034
1554293874 207983
1554293874 252749
1554293874 293268
1554293874 334445
1554293874 375625
1554293874 417660
1554293874 460934
1554293874 504333
1554293874 545960
1554293874 587753
1554293874 630045
1554293874 672966
1554293874 714287
1554293874 755735
1554293874 797763
1554293874 839482
1554293874 881580
1554293874 924594
1554293874 966020
1554293875 7804
1554293875 49809
1554293875 93951
1554293875 135036
1554293875 175718
1554293875 217659
1554293875 260135
1554293875 303181
1554293875 344081
1554293875 386296
1554293875 427791
1554293875 469922
1554293875 511768
1554293875 554618
1554293875 595791
1554293875 638068
1554293875 679753
1554293875 721796
1554293875 765505
1554293875 806718
1554293875 848093
1554293875 890063
1554293875 934181
1554293875 975902
1554293876 17959
1554293876 59918
1554293876 103458
1554293876 144092
1554293876 186389
1554293876 227964
1554293876 269809
1554293876 311749
1554293876 354902
1554293876 396185
1554293876 437967
1554293876 479763
1554293876 521749
1554293876 564438
1554293876 606506
1554293876 648131
1554293876 689983
1554293876 731635
1554293876 775686
1554293876 816284
1554293876 857663
1554293876 900165
1554293876 943052
1554293876 984115
1554293877 26428
1554293877 67956
1554293877 109743
1554293877 151788
1554293877 194586
1554293877 236235
1554293877 277768
1554293877 319918
1554293877 361719
1554293877 404957
1554293877 446993
1554293877 488329
1554293877 529811
1554293877 571709
1554293877 615912
1554293877 656907
1554293877 697633
1554293877 739778
1554293877 782119
1554293877 824579
1554293877 866474
1554293877 908408
1554293877 949797
1554293877 991969
1554293878 34383
1554293878 77931
1554293878 117771
1554293878 159733
1554293878 201936
1554293878 246405
1554293878 286817
1554293878 328153
1554293878 370146
1554293878 411745
1554293878 455751
1554293878 497471
1554293878 539963
1554293878 582747
1554293878 624975
1554293878 666107
1554293878 708323
1554293878 749977
1554293878 791739
1554293878 835326
1554293878 877214
1554293878 919646
1554293878 961725
1554293879 4169
1554293879 46391
1554293879 89231
1554293879 129767
1554293879 171684
1554293879 213661
1554293879 257801
1554293879 298070
1554293879 339791
1554293879 381647
1554293879 425083
