1554295892 515981
1554295892 558203
1554295892 599908
1554295892 642054
1554295892 684139
1554295892 726348
1554295892 768113
1554295892 809919
1554295892 851956
1554295892 893892
1554295892 935992
1554295892 977922
1554295893 19892
1554295893 61898
1554295893 103903
1554295893 147375
1554295893 189887
1554295893 231898
1554295893 274760
1554295893 315994
1554295893 358256
1554295893 399936
1554295893 442013
1554295893 483978
1554295893 526209
1554295893 567954
1554295893 609893
1554295893 652438
1554295893 693887
1554295893 735952
1554295893 777929
1554295893 819897
1554295893 862047
1554295893 903970
1554295893 947408
1554295893 989897
1554295894 31948
1554295894 74141
1554295894 115932
1554295894 157947
1554295894 199945
1554295894 242019
1554295894 284019
1554295894 325943
1554295894 368307
1554295894 409964
1554295894 451988
1554295894 493888
1554295894 535899
1554295894 577941
1554295894 619923
1554295894 661891
1554295894 704434
1554295894 748016
1554295894 789907
1554295894 831934
1554295894 873919
1554295894 915942
1554295894 957967
1554295894 999951
1554295895 42022
1554295895 84026
1554295895 126077
1554295895 168267
1554295895 209919
1554295895 251925
1554295895 293893
1554295895 335892
1554295895 377953
1554295895 419921
1554295895 461898
1554295895 503912
1554295895 545949
1554295895 588663
1554295895 629882
1554295895 671902
1554295895 713886
1554295895 756528
1554295895 797983
1554295895 840198
1554295895 882018
1554295895 924032
1554295895 966116
1554295896 8838
1554295896 49928
1554295896 91984
1554295896 133878
1554295896 175899
1554295896 217951
1554295896 260428
1554295896 301898
1554295896 343886
1554295896 385909
1554295896 429313
1554295896 469873
1554295896 511919
1554295896 553964
1554295896 596735
1554295896 638090
1554295896 679914
1554295896 722040
1554295896 763981
1554295896 805959
1554295896 847916
1554295896 891351
1554295896 932003
1554295896 973953
1554295897 15925
1554295897 58013
1554295897 99947
1554295897 141926
1554295897 183893
1554295897 225885
1554295897 269997
1554295897 311895
1554295897 353885
1554295897 395976
1554295897 437954
1554295897 479976
1554295897 522047
1554295897 564007
1554295897 605932
1554295897 647979
1554295897 690187
1554295897 731990
1554295897 773959
1554295897 815954
1554295897 857896
1554295897 900010
1554295897 941969
1554295897 983902
1554295898 25885
1554295898 67900
1554295898 110530
1554295898 152414
1554295898 193896
1554295898 235881
1554295898 277976
1554295898 320391
1554295898 362316
1554295898 404568
1554295898 445930
1554295898 487930
1554295898 530221
1554295898 571970
1554295898 613892
1554295898 656446
1554295898 697886
1554295898 739948
1554295898 781922
1554295898 823903
1554295898 865994
1554295898 907936
1554295898 951141
1554295898 991879
1554295899 33880
1554295899 75957
1554295899 118817
1554295899 160059
1554295899 202025
1554295899 244014
1554295899 285983
1554295899 327948
1554295899 370461
1554295899 412018
1554295899 454445
1554295899 495931
1554295899 537906
1554295899 579898
1554295899 621979
1554295899 663937
1554295899 705900
1554295899 747897
1554295899 791704
1554295899 833992
1554295899 875935
1554295899 917889
1554295899 959957
1554295900 2693
1554295900 44200
1554295900 85935
1554295900 128106
1554295900 169895
1554295900 212184
1554295900 253936
1554295900 295936
1554295900 337937
1554295900 379918
1554295900 421944
1554295900 463937
1554295900 505910
1554295900 547968
1554295900 589895
1554295900 632371
1554295900 673907
1554295900 715883
1554295900 757888
1554295900 800293
1554295900 842088
1554295900 883985
1554295900 926092
1554295900 967926
1554295901 9905
1554295901 52298
1554295901 94479
1554295901 135888
1554295901 177912
1554295901 219884
1554295901 261962
1554295901 303934
1554295901 346434
1554295901 387947
1554295901 429871
1554295901 473013
1554295901 513874
1554295901 555891
1554295901 597896
1554295901 640560
1554295901 682093
1554295901 724429
1554295901 766181
1554295901 807924
1554295901 849886
1554295901 892850
1554295901 935299
1554295901 976025
1554295902 17890
1554295902 59895
1554295902 102144
1554295902 143942
1554295902 186015
1554295902 227892
1554295902 269883
1554295902 313595
1554295902 355932
1554295902 397993
1554295902 439885
1554295902 482122
1554295902 524023
1554295902 566123
1554295902 608656
1554295902 649899
1554295902 691954
1554295902 734255
1554295902 775928
1554295902 817947
1554295902 859904
1554295902 901915
1554295902 943964
1554295902 985925
1554295903 27931
1554295903 69909
1554295903 111921
1554295903 162071
1554295903 204030
1554295903 246034
1554295903 287935
1554295903 329912
1554295903 371915
1554295903 414248
1554295903 455914
1554295903 497913
1554295903 539960
1554295903 581926
1554295903 623951
1554295903 665914
1554295903 707918
1554295903 749882
1554295903 791882
1554295903 834767
1554295903 875879
1554295903 918512
1554295903 959956
1554295904 3692
1554295904 46444
1554295904 88021
1554295904 129920
1554295904 172498
1554295904 214180
1554295904 255916
1554295904 297934
1554295904 339892
1554295904 381918
1554295904 423951
1554295904 465901
1554295904 507949
1554295904 549890
1554295904 591899
1554295904 635390
1554295904 677900
1554295904 719904
1554295904 762158
1554295904 804063
1554295904 846123
1554295904 887984
1554295904 929910
1554295904 971888
1554295905 13964
1554295905 56236
1554295905 97914
1554295905 139937
1554295905 181905
1554295905 223913
1554295905 265922
1554295905 307934
1554295905 349930
1554295905 391905
1554295905 435944
1554295905 477911
1554295905 519926
1554295905 561988
1554295905 604081
1554295905 646027
1554295905 687983
1554295905 729905
1554295905 771909
1554295905 813886
1554295905 856277
1554295905 897979
1554295905 939937
1554295905 981910
1554295906 23906
1554295906 66044
1554295906 107931
1554295906 149894
1554295906 191893
1554295906 233876
1554295906 277094
1554295906 317965
1554295906 359885
1554295906 402032
1554295906 444066
1554295906 486057
1554295906 528607
1554295906 569948
1554295906 611885
1554295906 653930
1554295906 696156
1554295906 737945
1554295906 780470
1554295906 821892
1554295906 863954
1554295906 906010
1554295906 947967
1554295906 989901
1554295907 31886
1554295907 73878
1554295907 117190
1554295907 157875
1554295907 199885
1554295907 241979
1554295907 285030
1554295907 326064
1554295907 368063
1554295907 410010
1554295907 451892
1554295907 493958
1554295907 536744
1554295907 578216
1554295907 620172
1554295907 661901
1554295907 703896
1554295907 745911
1554295907 787926
1554295907 829997
1554295907 871895
1554295907 913892
1554295907 957773
1554295907 999990
1554295908 41981
1554295908 83931
1554295908 125990
1554295908 168016
1554295908 209989
1554295908 251898
1554295908 293940
1554295908 336030
1554295908 378388
1554295908 419966
1554295908 461911
1554295908 503884
1554295908 545886
1554295908 587999
1554295908 630430
1554295908 671907
1554295908 713911
1554295908 755880
1554295908 798470
1554295908 839932
1554295908 881973
1554295908 924056
1554295908 966383
1554295909 8015
1554295909 49938
1554295909 91938
1554295909 133936
1554295909 175909
1554295909 218199
1554295909 259927
1554295909 301894
1554295909 343891
1554295909 385946
1554295909 427976
1554295909 469928
1554295909 511898
1554295909 553893
1554295909 595885
1554295909 639059
1554295909 679879
1554295909 722010
1554295909 763995
1554295909 806597
1554295909 848387
1554295909 890790
1554295909 931969
1554295909 973901
1554295910 15966
1554295910 58464
1554295910 99926
1554295910 142442
1554295910 183923
1554295910 225895
1554295910 268136
1554295910 309923
1554295910 351918
1554295910 393904
1554295910 436055
1554295910 479629
1554295910 522016
1554295910 564035
1554295910 605954
1554295910 648002
1554295910 690013
1554295910 731982
1554295910 773908
1554295910 815911
1554295910 857912
1554295910 900423
1554295910 941993
1554295910 983946
1554295911 25895
1554295911 67895
1554295911 109955
1554295911 152438
1554295911 193930
1554295911 235944
1554295911 277881
1554295911 324095
1554295911 366014
1554295911 408512
1554295911 450234
1554295911 492010
1554295911 533916
1554295911 575953
1554295911 617890
1554295911 660319
1554295911 701926
1554295911 743890
1554295911 785895
1554295911 827914
1554295911 869965
1554295911 912445
1554295911 953901
1554295911 995922
1554295912 37884
1554295912 80853
1554295912 122035
1554295912 164113
1554295912 206029
1554295912 248585
1554295912 289994
1554295912 332248
1554295912 373956
1554295912 416121
1554295912 458101
1554295912 500286
1554295912 541928
1554295912 584042
1554295912 625952
1554295912 667958
1554295912 709963
1554295912 751924
1554295912 793894
1554295912 835895
1554295912 877901
1554295912 922094
1554295912 964024
1554295913 5927
1554295913 48114
1554295913 90011
1554295913 131943
1554295913 174057
1554295913 215954
1554295913 257892
1554295913 299904
1554295913 342158
1554295913 385938
1554295913 427904
1554295913 469923
1554295913 511948
1554295913 553926
1554295913 595892
1554295913 637893
1554295913 682323
1554295913 727300
1554295913 767899
1554295913 810026
1554295913 852031
1554295913 893954
1554295913 935901
1554295913 977947
1554295914 19908
1554295914 62195
1554295914 103951
1554295914 146448
1554295914 187898
1554295914 229903
1554295914 271956
1554295914 313928
1554295914 355903
1554295914 397951
1554295914 439915
1554295914 482964
1554295914 524024
1554295914 566076
1554295914 607919
1554295914 650271
1554295914 691997
1554295914 734108
1554295914 775890
1554295914 817906
1554295914 860268
1554295914 902452
1554295914 944960
1554295914 985947
1554295915 28437
1554295915 69937
1554295915 111963
1554295915 153957
1554295915 195890
1554295915 237924
1554295915 279909
1554295915 323549
1554295915 365949
1554295915 408011
1554295915 450776
1554295915 491993
1554295915 534783
1554295915 576002
1554295915 617897
1554295915 659889
1554295915 701894
1554295915 744237
1554295915 785920
1554295915 827956
1554295915 869963
1554295915 911900
1554295915 954043
1554295915 995922
1554295916 37911
1554295916 79888
1554295916 124102
1554295916 166037
1554295916 208172
1554295916 249938
1554295916 292032
1554295916 334508
1554295916 375971
1554295916 417909
1554295916 459943
1554295916 501960
1554295916 544203
1554295916 585975
1554295916 627915
1554295916 669923
1554295916 711945
1554295916 753956
1554295916 795915
1554295916 837903
1554295916 879890
1554295916 922002
1554295916 964504
1554295917 5901
1554295917 48057
1554295917 89896
1554295917 132490
1554295917 173969
1554295917 215936
1554295917 257923
1554295917 299905
1554295917 341894
1554295917 384257
1554295917 425930
1554295917 467901
1554295917 509884
1554295917 551912
1554295917 594012
1554295917 636429
1554295917 677964
1554295917 719886
1554295917 762009
1554295917 805143
1554295917 845903
1554295917 887980
1554295917 929957
1554295917 972555
1554295918 13931
1554295918 55952
1554295918 98015
1554295918 140454
1554295918 181925
1554295918 224244
1554295918 266130
1554295918 307922
1554295918 349918
1554295918 391962
1554295918 433910
1554295918 475917
1554295918 517927
1554295918 559884
1554295918 601990
1554295918 645773
1554295918 688048
1554295918 729926
1554295918 771924
1554295918 814026
1554295918 856016
1554295918 898588
1554295918 940011
1554295918 981885
1554295919 23921
1554295919 66147
1554295919 107913
1554295919 150109
1554295919 191909
1554295919 233879
1554295919 275939
1554295919 317910
1554295919 359906
1554295919 402002
1554295919 443962
1554295919 493980
1554295919 536202
1554295919 577946
1554295919 620438
1554295919 661894
1554295919 703885
1554295919 746441
1554295919 787913
1554295919 829928
1554295919 871999
1554295919 913915
1554295919 955965
1554295919 997929
1554295920 39895
1554295920 82013
1554295920 124002
1554295920 166892
1554295920 207918
1554295920 249924
1554295920 291922
1554295920 334797
1554295920 376015
1554295920 418809
1554295920 459925
1554295920 501895
1554295920 543885
1554295920 586228
1554295920 627972
1554295920 670438
1554295920 711883
1554295920 753948
1554295920 795957
1554295920 837923
1554295920 879922
1554295920 921965
1554295920 964565
1554295921 7605
1554295921 49934
1554295921 91940
1554295921 134115
1554295921 176028
1554295921 218845
1554295921 259986
1554295921 301969
1554295921 343916
1554295921 385904
1554295921 428156
1554295921 469971
1554295921 512035
1554295921 553890
1554295921 595923
1554295921 637935
1554295921 679922
1554295921 721983
1554295921 763968
1554295921 808137
1554295921 849992
1554295921 891903
1554295921 933911
1554295921 975992
1554295922 17996
1554295922 59940
1554295922 101937
1554295922 143901
1554295922 185930
1554295922 228295
1554295922 269939
1554295922 311938
1554295922 353907
1554295922 395935
1554295922 437953
1554295922 479929
1554295922 521989
1554295922 563961
1554295922 605958
1554295922 648714
1554295922 689897
1554295922 731894
1554295922 774086
1554295922 816318
1554295922 857992
1554295922 900174
1554295922 941939
1554295922 983935
1554295923 25952
1554295923 68197
1554295923 109920
1554295923 151902
1554295923 193880
1554295923 235923
1554295923 277987
1554295923 319922
1554295923 361987
1554295923 403983
1554295923 446085
1554295923 490391
1554295923 531956
1554295923 573896
1554295923 616841
1554295923 657973
1554295923 699972
1554295923 741954
1554295923 783905
1554295923 825903
1554295923 867889
1554295923 911341
1554295923 952227
1554295923 993983
1554295924 35926
1554295924 77898
1554295924 119951
1554295924 162010
1554295924 203989
1554295924 246014
1554295924 289919
1554295924 331919
1554295924 373970
1554295924 415930
1554295924 457996
1554295924 499965
1554295924 541982
1554295924 584495
1554295924 625892
1554295924 667927
1554295924 710176
1554295924 751932
1554295924 793966
1554295924 835901
1554295924 877920
1554295924 919971
1554295924 961995
1554295925 4060
1554295925 45969
1554295925 87899
1554295925 130534
1554295925 171894
1554295925 213883
1554295925 255902
1554295925 298479
1554295925 340065
1554295925 382026
1554295925 424479
1554295925 465899
1554295925 507891
1554295925 550276
1554295925 591920
1554295925 633906
1554295925 676432
1554295925 717883
1554295925 759968
1554295925 801996
1554295925 844010
1554295925 886301
1554295925 927926
1554295925 971182
1554295926 11890
1554295926 53927
1554295926 95881
1554295926 138636
1554295926 180514
1554295926 221898
1554295926 263943
1554295926 305961
1554295926 347893
1554295926 390509
1554295926 432796
1554295926 473926
1554295926 515922
1554295926 557891
1554295926 600026
1554295926 642037
1554295926 684504
1554295926 725971
1554295926 767919
1554295926 811735
1554295926 853951
1554295926 895911
1554295926 937895
1554295926 980001
1554295927 21974
1554295927 64045
1554295927 105902
1554295927 147893
1554295927 189916
1554295927 232164
1554295927 273942
1554295927 315899
1554295927 357917
1554295927 399948
1554295927 442073
1554295927 484548
1554295927 525983
1554295927 567914
1554295927 609912
1554295927 652388
1554295927 693923
1554295927 735909
1554295927 777885
1554295927 820005
1554295927 861990
1554295927 903947
1554295927 945961
1554295927 987891
1554295928 29959
1554295928 72157
1554295928 113941
1554295928 155903
1554295928 197886
1554295928 239900
1554295928 282062
1554295928 323959
1554295928 366030
1554295928 408013
1554295928 449952
1554295928 493063
1554295928 534414
1554295928 575936
1554295928 617879
1554295928 660948
1554295928 702005
1554295928 743922
1554295928 786508
1554295928 827937
1554295928 869922
1554295928 912920
1554295928 955144
1554295928 995999
1554295929 37902
1554295929 79894
1554295929 122043
1554295929 164174
1554295929 206022
1554295929 247963
1554295929 289903
1554295929 333621
1554295929 375925
1554295929 417919
1554295929 459886
1554295929 502013
1554295929 543994
1554295929 585947
1554295929 627911
1554295929 669912
1554295929 711880
1554295929 754171
1554295929 795962
1554295929 837937
1554295929 879934
1554295929 922020
1554295929 964046
1554295930 5958
1554295930 48262
1554295930 89971
1554295930 131885
1554295930 177921
1554295930 219950
1554295930 262103
1554295930 303965
1554295930 345923
1554295930 387935
1554295930 429952
1554295930 471891
1554295930 514346
1554295930 555968
1554295930 598436
1554295930 639881
1554295930 682026
1554295930 724026
1554295930 765950
1554295930 807979
1554295930 849904
1554295930 891913
1554295930 934824
1554295930 976079
1554295931 17882
1554295931 59917
1554295931 102289
1554295931 143991
1554295931 186242
1554295931 227927
1554295931 269903
1554295931 311904
1554295931 354260
1554295931 395998
1554295931 437902
1554295931 479904
1554295931 522067
1554295931 564004
1554295931 606470
1554295931 647953
1554295931 689931
1554295931 731902
1554295931 775446
1554295931 817938
1554295931 859897
1554295931 902131
1554295931 944050
1554295931 985955
1554295932 27978
1554295932 69903
1554295932 111894
1554295932 153911
1554295932 196159
1554295932 237953
1554295932 279922
1554295932 322020
1554295932 364046
1554295932 406044
1554295932 447937
1554295932 489997
1554295932 531917
1554295932 576027
1554295932 619898
1554295932 661924
1554295932 703939
1554295932 746062
1554295932 787948
1554295932 829928
1554295932 871892
1554295932 913892
1554295932 957935
1554295932 999941
1554295933 41995
1554295933 84042
1554295933 126488
1554295933 167954
1554295933 209894
1554295933 251898
1554295933 293979
1554295933 336630
1554295933 378473
1554295933 420088
1554295933 461904
1554295933 504145
1554295933 546123
1554295933 588057
1554295933 630442
1554295933 671952
1554295933 713894
1554295933 756182
1554295933 797929
1554295933 840066
1554295933 882022
1554295933 924008
1554295933 965991
1554295934 7933
1554295934 49889
1554295934 91899
1554295934 133888
1554295934 177269
1554295934 217887
1554295934 259891
1554295934 301895
1554295934 344820
1554295934 386580
1554295934 427919
1554295934 469948
1554295934 511925
1554295934 553920
