1554295892 522566
1554295892 563314
1554295892 605157
1554295892 647798
1554295892 689525
1554295892 730963
1554295892 772819
1554295892 814526
1554295892 857283
1554295892 900050
1554295892 941124
1554295892 982269
1554295893 24110
1554295893 68392
1554295893 109059
1554295893 151767
1554295893 194483
1554295893 237580
1554295893 280052
1554295893 320849
1554295893 363330
1554295893 407000
1554295893 447355
1554295893 488945
1554295893 531021
1554295893 572693
1554295893 614337
1554295893 657927
1554295893 699027
1554295893 741036
1554295893 782153
1554295893 824140
1554295893 868933
1554295893 909915
1554295893 951776
1554295893 994516
1554295894 37472
1554295894 80548
1554295894 120998
1554295894 163980
1554295894 204888
1554295894 246793
1554295894 289668
1554295894 331970
1554295894 374767
1554295894 415034
1554295894 456507
1554295894 498948
1554295894 540988
1554295894 583242
1554295894 624202
1554295894 668829
1554295894 710659
1554295894 752420
1554295894 794147
1554295894 836687
1554295894 880744
1554295894 921323
1554295894 964330
1554295895 4856
1554295895 46535
1554295895 89398
1554295895 131159
1554295895 173281
1554295895 214953
1554295895 256462
1554295895 298998
1554295895 341438
1554295895 384489
1554295895 424165
1554295895 466171
1554295895 512485
1554295895 551375
1554295895 593062
1554295895 634140
1554295895 676675
1554295895 719415
1554295895 762786
1554295895 803227
1554295895 844986
1554295895 886690
1554295895 929962
1554295895 970909
1554295896 13534
1554295896 54350
1554295896 96730
1554295896 139038
1554295896 181330
1554295896 222716
1554295896 264744
1554295896 306147
1554295896 350398
1554295896 391247
1554295896 434369
1554295896 474089
1554295896 517114
1554295896 559507
1554295896 602384
1554295896 643361
1554295896 684435
1554295896 726644
1554295896 769941
1554295896 811218
1554295896 854519
1554295896 896067
1554295896 936635
1554295896 978657
1554295897 21493
1554295897 63231
1554295897 104756
1554295897 146196
1554295897 190231
1554295897 233518
1554295897 274838
1554295897 316231
1554295897 358632
1554295897 402415
1554295897 443288
1554295897 484378
1554295897 526752
1554295897 569087
1554295897 612307
1554295897 653449
1554295897 694715
1554295897 736472
1554295897 778456
1554295897 820915
1554295897 863298
1554295897 905413
1554295897 946382
1554295897 988208
1554295898 32260
1554295898 73213
1554295898 113391
1554295898 156829
1554295898 198541
1554295898 242496
1554295898 283309
1554295898 325674
1554295898 367040
1554295898 409656
1554295898 451414
1554295898 493188
1554295898 534934
1554295898 576478
1554295898 618379
1554295898 661765
1554295898 702981
1554295898 745176
1554295898 786207
1554295898 828136
1554295898 872491
1554295898 913960
1554295898 954310
1554295898 996434
1554295899 38454
1554295899 82829
1554295899 124428
1554295899 166037
1554295899 206907
1554295899 248632
1554295899 291397
1554295899 333107
1554295899 375101
1554295899 416661
1554295899 458977
1554295899 500669
1554295899 542723
1554295899 584907
1554295899 626840
1554295899 668351
1554295899 712298
1554295899 753539
1554295899 796492
1554295899 838527
1554295899 882170
1554295899 924422
1554295899 965428
1554295900 7558
1554295900 48714
1554295900 91048
1554295900 133791
1554295900 175693
1554295900 216650
1554295900 259123
1554295900 300895
1554295900 342688
1554295900 388206
1554295900 427209
1554295900 469220
1554295900 512471
1554295900 554651
1554295900 596787
1554295900 636681
1554295900 678149
1554295900 720538
1554295900 764337
1554295900 805784
1554295900 846700
1554295900 888911
1554295900 930842
1554295900 974011
1554295901 15060
1554295901 56861
1554295901 99194
1554295901 140616
1554295901 182977
1554295901 224960
1554295901 267134
1554295901 308467
1554295901 350709
1554295901 394429
1554295901 434923
1554295901 477474
1554295901 518156
1554295901 560527
1554295901 606367
1554295901 645946
1554295901 687027
1554295901 729191
1554295901 771274
1554295901 813443
1554295901 855165
1554295901 898008
1554295901 940065
1554295901 980752
1554295902 22623
1554295902 65271
1554295902 107252
1554295902 148524
1554295902 190310
1554295902 234368
1554295902 277113
1554295902 318270
1554295902 360535
1554295902 404986
1554295902 446236
1554295902 487471
1554295902 528292
1554295902 570979
1554295902 614518
1554295902 655417
1554295902 696974
1554295902 739279
1554295902 780547
1554295902 822447
1554295902 865799
1554295902 907000
1554295902 949006
1554295902 990102
1554295903 34333
1554295903 76187
1554295903 115704
1554295903 167212
1554295903 210174
1554295903 250739
1554295903 292601
1554295903 335398
1554295903 377915
1554295903 418794
1554295903 460570
1554295903 502437
1554295903 545016
1554295903 587297
1554295903 629256
1554295903 670288
1554295903 712136
1554295903 756355
1554295903 797433
1554295903 839187
1554295903 880130
1554295903 923625
1554295903 965592
1554295904 8785
1554295904 50977
1554295904 92715
1554295904 135273
1554295904 178315
1554295904 218962
1554295904 260409
1554295904 302633
1554295904 345088
1554295904 387450
1554295904 429358
1554295904 470119
1554295904 512213
1554295904 556144
1554295904 597690
1554295904 639985
1554295904 683349
1554295904 725799
1554295904 768234
1554295904 809182
1554295904 850577
1554295904 892652
1554295904 935326
1554295904 978653
1554295905 19613
1554295905 61278
1554295905 102403
1554295905 144465
1554295905 187179
1554295905 229923
1554295905 270575
1554295905 312145
1554295905 356166
1554295905 399689
1554295905 441047
1554295905 484062
1554295905 524950
1554295905 568049
1554295905 609230
1554295905 650256
1554295905 692705
1554295905 734494
1554295905 778223
1554295905 819116
1554295905 860800
1554295905 902612
1554295905 944503
1554295905 987086
1554295906 29814
1554295906 70903
1554295906 112221
1554295906 154088
1554295906 198575
1554295906 239157
1554295906 281542
1554295906 322766
1554295906 364902
1554295906 409123
1554295906 449190
1554295906 490752
1554295906 533447
1554295906 574522
1554295906 617075
1554295906 659205
1554295906 700848
1554295906 742492
1554295906 785442
1554295906 826858
1554295906 869347
1554295906 910707
1554295906 952330
1554295906 994116
1554295907 38997
1554295907 79277
1554295907 122029
1554295907 162690
1554295907 204973
1554295907 247491
1554295907 290955
1554295907 331102
1554295907 373268
1554295907 414462
1554295907 457179
1554295907 498880
1554295907 541291
1554295907 583322
1554295907 624895
1554295907 666595
1554295907 709023
1554295907 751000
1554295907 793294
1554295907 834597
1554295907 878110
1554295907 921561
1554295907 962533
1554295908 4925
1554295908 47315
1554295908 90512
1554295908 131229
1554295908 172343
1554295908 214554
1554295908 256344
1554295908 299175
1554295908 341974
1554295908 384881
1554295908 424553
1554295908 466443
1554295908 509017
1554295908 550961
1554295908 592930
1554295908 634817
1554295908 676138
1554295908 720335
1554295908 761181
1554295908 803205
1554295908 844571
1554295908 887289
1554295908 929969
1554295908 971577
1554295909 12411
1554295909 54512
1554295909 96532
1554295909 139758
1554295909 181093
1554295909 222853
1554295909 264453
1554295909 306424
1554295909 348960
1554295909 399103
1554295909 432784
1554295909 474235
1554295909 516250
1554295909 560337
1554295909 600717
1554295909 644563
1554295909 684487
1554295909 726672
1554295909 770492
1554295909 811719
1554295909 853308
1554295909 895325
1554295909 936940
1554295909 979602
1554295910 21175
1554295910 63094
1554295910 104495
1554295910 147139
1554295910 188770
1554295910 230565
1554295910 272677
1554295910 314650
1554295910 356176
1554295910 400986
1554295910 442479
1554295910 484353
1554295910 526708
1554295910 570325
1554295910 612225
1554295910 653600
1554295910 694651
1554295910 736588
1554295910 778868
1554295910 821385
1554295910 863776
1554295910 905718
1554295910 946707
1554295910 988467
1554295911 30906
1554295911 72897
1554295911 114686
1554295911 157040
1554295911 202010
1554295911 242703
1554295911 282249
1554295911 328870
1554295911 372912
1554295911 413503
1554295911 455213
1554295911 496564
1554295911 538407
1554295911 581266
1554295911 623319
1554295911 665514
1554295911 706493
1554295911 748399
1554295911 791004
1554295911 833286
1554295911 875049
1554295911 916690
1554295911 958106
1554295912 2663
1554295912 43345
1554295912 85525
1554295912 126353
1554295912 169551
1554295912 211479
1554295912 253711
1554295912 295067
1554295912 337554
1554295912 378635
1554295912 422100
1554295912 464279
1554295912 504944
1554295912 546471
1554295912 588456
1554295912 631048
1554295912 674397
1554295912 714667
1554295912 756247
1554295912 798101
1554295912 842632
1554295912 884642
1554295912 927546
1554295912 968838
1554295913 11794
1554295913 54126
1554295913 95011
1554295913 137084
1554295913 179613
1554295913 220885
1554295913 263561
1554295913 305166
1554295913 346943
1554295913 390378
1554295913 433154
1554295913 475067
1554295913 516943
1554295913 558136
1554295913 602466
1554295913 646879
1554295913 684062
1554295913 733277
1554295913 774438
1554295913 814935
1554295913 856828
1554295913 899140
1554295913 940535
1554295913 983681
1554295914 25388
1554295914 67292
1554295914 108561
1554295914 150929
1554295914 192927
1554295914 234912
1554295914 277079
1554295914 318167
1554295914 360088
1554295914 405310
1554295914 447029
1554295914 488330
1554295914 528393
1554295914 570779
1554295914 614119
1554295914 655270
1554295914 696922
1554295914 738673
1554295914 780570
1554295914 823204
1554295914 864835
1554295914 907180
1554295914 949496
1554295914 990491
1554295915 33497
1554295915 75258
1554295915 116674
1554295915 158149
1554295915 200088
1554295915 244698
1554295915 286344
1554295915 328089
1554295915 370698
1554295915 413669
1554295915 455916
1554295915 496920
1554295915 539439
1554295915 580634
1554295915 622845
1554295915 665016
1554295915 707002
1554295915 749229
1554295915 790922
1554295915 832833
1554295915 874810
1554295915 916882
1554295915 958742
1554295916 134
1554295916 44391
1554295916 86191
1554295916 128673
1554295916 170697
1554295916 213802
1554295916 256054
1554295916 297087
1554295916 339465
1554295916 380590
1554295916 423018
1554295916 465405
1554295916 506944
1554295916 549235
1554295916 591175
1554295916 632535
1554295916 674580
1554295916 716937
1554295916 758638
1554295916 800097
1554295916 844508
1554295916 887371
1554295916 928681
1554295916 968901
1554295917 10513
1554295917 52966
1554295917 95802
1554295917 138272
1554295917 178975
1554295917 220492
1554295917 262579
1554295917 305346
1554295917 347136
1554295917 389590
1554295917 430680
1554295917 472383
1554295917 515001
1554295917 557271
1554295917 599143
1554295917 640735
1554295917 682500
1554295917 726679
1554295917 767037
1554295917 809639
1554295917 850147
1554295917 893545
1554295917 936568
1554295917 977783
1554295918 19067
1554295918 60846
1554295918 102520
1554295918 145494
1554295918 187535
1554295918 229217
1554295918 270715
1554295918 312355
1554295918 354595
1554295918 397739
1554295918 438708
1554295918 481378
1554295918 522628
1554295918 566643
1554295918 608160
1554295918 651367
1554295918 692811
1554295918 734687
1554295918 778166
1554295918 819036
1554295918 860521
1554295918 903462
1554295918 945250
1554295918 987963
1554295919 28875
1554295919 70707
1554295919 113384
1554295919 155184
1554295919 195756
1554295919 238324
1554295919 279741
1554295919 322644
1554295919 363315
1554295919 408876
1554295919 450821
1554295919 499070
1554295919 541172
1554295919 582728
1554295919 625309
1554295919 667363
1554295919 709087
1554295919 751145
1554295919 792498
1554295919 834775
1554295919 877934
1554295919 918943
1554295919 961032
1554295920 2671
1554295920 44394
1554295920 88431
1554295920 130257
1554295920 171301
1554295920 212127
1554295920 254747
1554295920 297535
1554295920 339937
1554295920 380983
1554295920 423408
1554295920 464488
1554295920 507340
1554295920 549530
1554295920 590833
1554295920 632430
1554295920 674879
1554295920 716878
1554295920 759300
1554295920 801044
1554295920 842499
1554295920 884463
1554295920 928956
1554295920 970024
1554295921 12879
1554295921 54714
1554295921 97397
1554295921 140628
1554295921 181055
1554295921 223530
1554295921 264490
1554295921 306867
1554295921 349697
1554295921 394097
1554295921 432567
1554295921 474979
1554295921 516597
1554295921 558571
1554295921 601005
1554295921 643002
1554295921 684407
1554295921 728448
1554295921 770252
1554295921 812617
1554295921 854691
1554295921 896537
1554295921 940516
1554295921 981136
1554295922 23680
1554295922 64585
1554295922 106462
1554295922 149716
1554295922 191715
1554295922 232904
1554295922 275020
1554295922 316795
1554295922 358933
1554295922 401123
1554295922 443152
1554295922 484549
1554295922 526320
1554295922 571013
1554295922 611688
1554295922 651604
1554295922 694312
1554295922 736673
1554295922 779617
1554295922 822043
1554295922 863041
1554295922 904724
1554295922 946557
1554295922 989996
1554295923 31151
1554295923 74054
1554295923 114414
1554295923 156471
1554295923 198913
1554295923 241008
1554295923 283403
1554295923 325079
1554295923 366394
1554295923 410755
1554295923 451672
1554295923 495131
1554295923 536551
1554295923 580217
1554295923 622011
1554295923 663211
1554295923 704895
1554295923 749145
1554295923 789179
1554295923 831769
1554295923 874409
1554295923 915913
1554295923 956673
1554295923 998451
1554295924 40831
1554295924 83783
1554295924 125010
1554295924 166455
1554295924 210469
1554295924 252714
1554295924 294341
1554295924 336708
1554295924 378670
1554295924 423174
1554295924 463229
1554295924 506002
1554295924 546590
1554295924 589509
1554295924 631088
1554295924 673574
1554295924 714655
1554295924 756703
1554295924 798660
1554295924 841417
1554295924 883946
1554295924 925039
1554295924 966268
1554295925 10591
1554295925 52497
1554295925 93777
1554295925 133510
1554295925 176226
1554295925 218607
1554295925 261980
1554295925 303500
1554295925 344855
1554295925 386823
1554295925 429005
1554295925 471210
1554295925 513166
1554295925 554797
1554295925 596449
1554295925 638356
1554295925 682089
1554295925 723246
1554295925 764571
1554295925 806481
1554295925 848376
1554295925 892977
1554295925 934093
1554295925 974404
1554295926 16146
1554295926 58578
1554295926 102035
1554295926 143649
1554295926 185623
1554295926 226948
1554295926 268462
1554295926 311155
1554295926 353265
1554295926 395150
1554295926 437320
1554295926 478154
1554295926 520613
1554295926 562953
1554295926 605125
1554295926 646819
1554295926 689182
1554295926 732376
1554295926 774176
1554295926 816058
1554295926 858571
1554295926 900813
1554295926 944829
1554295926 985118
1554295927 26647
1554295927 68612
1554295927 110703
1554295927 153361
1554295927 196304
1554295927 236662
1554295927 278373
1554295927 320565
1554295927 362936
1554295927 408274
1554295927 446624
1554295927 488986
1554295927 532555
1554295927 574398
1554295927 615165
1554295927 656552
1554295927 698198
1554295927 741310
1554295927 784081
1554295927 825027
1554295927 866814
1554295927 908483
1554295927 950812
1554295927 994305
1554295928 35104
1554295928 76789
1554295928 118511
1554295928 160333
1554295928 203510
1554295928 245982
1554295928 286608
1554295928 328406
1554295928 370445
1554295928 414545
1554295928 454991
1554295928 497689
1554295928 538804
1554295928 580696
1554295928 623675
1554295928 666109
1554295928 707061
1554295928 748798
1554295928 791186
1554295928 833622
1554295928 875942
1554295928 919698
1554295928 959622
1554295929 496
1554295929 44000
1554295929 85221
1554295929 127108
1554295929 169116
1554295929 210525
1554295929 254542
1554295929 295122
1554295929 338250
1554295929 380502
1554295929 423555
1554295929 466710
1554295929 507811
1554295929 549735
1554295929 590516
1554295929 632751
1554295929 675659
1554295929 717084
1554295929 759296
1554295929 800988
1554295929 842835
1554295929 885517
1554295929 927108
1554295929 968846
1554295930 10375
1554295930 54813
1554295930 97192
1554295930 136676
1554295930 182751
1554295930 225965
1554295930 270279
1554295930 308826
1554295930 350431
1554295930 392598
1554295930 435124
1554295930 477102
1554295930 518895
1554295930 560665
1554295930 603736
1554295930 645131
1554295930 687260
1554295930 728921
1554295930 770360
1554295930 812360
1554295930 856747
1554295930 896977
1554295930 939324
1554295930 980549
1554295931 22680
1554295931 66455
1554295931 108145
1554295931 149187
1554295931 190833
1554295931 232397
1554295931 275334
1554295931 317039
1554295931 359450
1554295931 400438
1554295931 442706
1554295931 485489
1554295931 527059
1554295931 568729
1554295931 610900
1554295931 652313
1554295931 696342
1554295931 738009
1554295931 780479
1554295931 822564
1554295931 866903
1554295931 908070
1554295931 948990
1554295931 990922
1554295932 32440
1554295932 74796
1554295932 117734
1554295932 159610
1554295932 201239
1554295932 242772
1554295932 284959
1554295932 327080
1554295932 370273
1554295932 411046
1554295932 452678
1554295932 496357
1554295932 538301
1554295932 578319
1554295932 624690
1554295932 668652
1554295932 708954
1554295932 750711
1554295932 792567
1554295932 836219
1554295932 878347
1554295932 920417
1554295932 963210
1554295933 4804
1554295933 46888
1554295933 89214
1554295933 131427
1554295933 172308
1554295933 214078
1554295933 258335
1554295933 299463
1554295933 339599
1554295933 382899
1554295933 424955
1554295933 468425
1554295933 509069
1554295933 551154
1554295933 592635
1554295933 634949
1554295933 677171
1554295933 719032
1554295933 760750
1554295933 802774
1554295933 844868
1554295933 887795
1554295933 929216
1554295933 970842
1554295934 12331
1554295934 54094
1554295934 98410
1554295934 139698
1554295934 182110
1554295934 222202
1554295934 264554
1554295934 307794
1554295934 349783
1554295934 391641
1554295934 432902
1554295934 474634
1554295934 517082
1554295934 558920
