1554295892 522300
1554295892 563167
1554295892 604729
1554295892 647656
1554295892 689386
1554295892 730825
1554295892 772681
1554295892 814288
1554295892 856958
1554295892 899909
1554295892 940994
1554295892 982137
1554295893 23929
1554295893 68261
1554295893 108645
1554295893 151637
1554295893 194345
1554295893 237438
1554295893 279801
1554295893 320709
1554295893 363184
1554295893 406865
1554295893 447085
1554295893 488807
1554295893 530882
1554295893 572387
1554295893 614196
1554295893 657697
1554295893 698901
1554295893 740908
1554295893 782019
1554295893 823957
1554295893 868801
1554295893 909707
1554295893 951644
1554295893 994370
1554295894 36555
1554295894 80405
1554295894 120857
1554295894 163727
1554295894 204752
1554295894 246653
1554295894 289530
1554295894 331722
1554295894 374633
1554295894 414309
1554295894 456332
1554295894 498698
1554295894 540857
1554295894 583091
1554295894 624059
1554295894 668669
1554295894 710527
1554295894 752288
1554295894 794011
1554295894 836500
1554295894 880602
1554295894 921177
1554295894 964179
1554295895 4716
1554295895 46394
1554295895 89256
1554295895 130777
1554295895 173141
1554295895 214223
1554295895 256232
1554295895 298865
1554295895 341309
1554295895 384363
1554295895 423986
1554295895 466029
1554295895 510697
1554295895 550956
1554295895 592927
1554295895 633966
1554295895 676460
1554295895 719269
1554295895 762615
1554295895 803082
1554295895 844842
1554295895 886363
1554295895 929741
1554295895 970766
1554295896 13397
1554295896 54211
1554295896 96338
1554295896 138898
1554295896 181201
1554295896 222582
1554295896 264611
1554295896 305997
1554295896 350220
1554295896 391115
1554295896 434233
1554295896 473945
1554295896 516980
1554295896 559367
1554295896 602242
1554295896 643219
1554295896 684296
1554295896 726504
1554295896 769735
1554295896 811080
1554295896 854381
1554295896 895812
1554295896 936496
1554295896 978489
1554295897 20723
1554295897 63098
1554295897 104619
1554295897 146062
1554295897 190002
1554295897 231950
1554295897 274131
1554295897 316103
1554295897 358430
1554295897 402272
1554295897 443144
1554295897 484240
1554295897 526617
1554295897 568921
1554295897 612161
1554295897 653091
1554295897 694578
1554295897 736302
1554295897 778315
1554295897 820764
1554295897 863168
1554295897 905282
1554295897 946223
1554295897 988012
1554295898 32130
1554295898 72787
1554295898 112976
1554295898 156701
1554295898 198403
1554295898 242348
1554295898 283173
1554295898 325535
1554295898 366895
1554295898 409488
1554295898 451275
1554295898 493043
1554295898 534795
1554295898 576308
1554295898 618243
1554295898 661635
1554295898 702851
1554295898 745047
1554295898 786043
1554295898 828003
1554295898 872312
1554295898 913420
1554295898 953735
1554295898 996200
1554295899 38309
1554295899 82661
1554295899 124286
1554295899 165807
1554295899 206767
1554295899 248492
1554295899 291257
1554295899 332968
1554295899 374959
1554295899 416352
1554295899 458844
1554295899 500528
1554295899 542486
1554295899 584773
1554295899 626706
1554295899 668193
1554295899 712166
1554295899 753411
1554295899 796360
1554295899 838367
1554295899 880816
1554295899 924283
1554295899 965286
1554295900 7415
1554295900 48573
1554295900 90909
1554295900 133647
1554295900 175322
1554295900 216506
1554295900 258344
1554295900 300578
1554295900 342554
1554295900 388075
1554295900 427075
1554295900 469089
1554295900 514665
1554295900 556360
1554295900 596653
1554295900 636549
1554295900 678001
1554295900 720402
1554295900 764188
1554295900 805643
1554295900 846565
1554295900 888772
1554295900 930703
1554295900 973757
1554295901 14920
1554295901 56723
1554295901 99059
1554295901 140294
1554295901 182828
1554295901 224832
1554295901 267003
1554295901 308162
1554295901 350579
1554295901 394292
1554295901 434316
1554295901 477341
1554295901 518020
1554295901 560387
1554295901 606229
1554295901 645704
1554295901 686880
1554295901 729050
1554295901 771129
1554295901 813125
1554295901 855023
1554295901 897744
1554295901 939813
1554295901 980423
1554295902 22481
1554295902 65140
1554295902 107113
1554295902 148307
1554295902 190147
1554295902 234238
1554295902 279014
1554295902 318142
1554295902 360390
1554295902 402905
1554295902 446100
1554295902 487331
1554295902 528149
1554295902 570830
1554295902 614378
1554295902 655250
1554295902 696843
1554295902 739138
1554295902 780312
1554295902 822308
1554295902 864883
1554295902 906873
1554295902 948872
1554295902 989964
1554295903 35652
1554295903 76053
1554295903 114844
1554295903 167066
1554295903 210029
1554295903 250599
1554295903 292464
1554295903 335258
1554295903 377689
1554295903 418651
1554295903 460436
1554295903 502299
1554295903 544874
1554295903 587166
1554295903 629108
1554295903 670070
1554295903 711996
1554295903 756228
1554295903 797013
1554295903 839056
1554295903 879990
1554295903 923486
1554295903 965450
1554295904 8597
1554295904 50834
1554295904 92570
1554295904 135010
1554295904 178166
1554295904 218822
1554295904 260269
1554295904 302494
1554295904 344850
1554295904 387320
1554295904 429223
1554295904 469979
1554295904 512081
1554295904 556002
1554295904 597561
1554295904 639772
1554295904 682622
1554295904 725656
1554295904 768093
1554295904 809042
1554295904 850428
1554295904 892510
1554295904 935199
1554295904 978517
1554295905 19473
1554295905 61135
1554295905 102260
1554295905 144322
1554295905 186868
1554295905 229678
1554295905 270440
1554295905 312011
1554295905 356019
1554295905 398163
1554295905 440103
1554295905 483729
1554295905 524808
1554295905 567810
1554295905 609087
1554295905 650116
1554295905 692569
1554295905 734267
1554295905 778031
1554295905 818976
1554295905 860661
1554295905 902417
1554295905 944365
1554295905 986947
1554295906 29681
1554295906 70774
1554295906 112014
1554295906 153949
1554295906 198389
1554295906 238744
1554295906 281410
1554295906 322568
1554295906 364758
1554295906 408984
1554295906 448904
1554295906 490610
1554295906 533302
1554295906 574378
1554295906 616937
1554295906 659066
1554295906 700709
1554295906 742280
1554295906 785279
1554295906 826707
1554295906 869217
1554295906 910578
1554295906 952134
1554295906 993973
1554295907 38862
1554295907 79142
1554295907 121497
1554295907 162460
1554295907 204640
1554295907 247345
1554295907 290814
1554295907 330779
1554295907 373122
1554295907 414322
1554295907 456817
1554295907 498701
1554295907 541157
1554295907 583183
1554295907 624754
1554295907 666458
1554295907 708893
1554295907 750872
1554295907 793161
1554295907 834462
1554295907 877966
1554295907 919805
1554295907 962364
1554295908 4784
1554295908 46575
1554295908 90369
1554295908 131088
1554295908 172195
1554295908 214375
1554295908 256207
1554295908 299031
1554295908 341523
1554295908 384741
1554295908 424356
1554295908 466306
1554295908 508808
1554295908 550827
1554295908 592794
1554295908 634686
1554295908 675998
1554295908 720202
1554295908 760764
1554295908 803073
1554295908 844437
1554295908 887145
1554295908 929360
1554295908 971428
1554295909 12268
1554295909 54283
1554295909 96394
1554295909 139616
1554295909 180951
1554295909 222710
1554295909 264271
1554295909 306290
1554295909 348802
1554295909 395984
1554295909 432647
1554295909 474074
1554295909 516048
1554295909 560205
1554295909 600582
1554295909 644403
1554295909 684319
1554295909 726534
1554295909 769986
1554295909 811578
1554295909 853171
1554295909 895188
1554295909 936436
1554295909 979453
1554295910 21036
1554295910 62958
1554295910 104309
1554295910 147006
1554295910 188624
1554295910 230428
1554295910 272536
1554295910 314479
1554295910 356038
1554295910 400856
1554295910 444219
1554295910 484222
1554295910 526501
1554295910 568818
1554295910 612083
1554295910 653460
1554295910 694512
1554295910 736346
1554295910 778702
1554295910 821174
1554295910 862374
1554295910 905579
1554295910 946565
1554295910 988328
1554295911 30703
1554295911 72767
1554295911 114554
1554295911 156905
1554295911 197998
1554295911 242525
1554295911 280931
1554295911 328727
1554295911 372766
1554295911 413360
1554295911 455072
1554295911 496427
1554295911 538266
1554295911 581097
1554295911 623173
1554295911 665376
1554295911 706299
1554295911 748257
1554295911 790769
1554295911 833151
1554295911 874916
1554295911 916560
1554295911 957966
1554295912 2530
1554295912 42927
1554295912 85396
1554295912 126194
1554295912 169411
1554295912 211333
1554295912 253571
1554295912 294927
1554295912 337421
1554295912 378441
1554295912 421954
1554295912 464139
1554295912 504801
1554295912 546295
1554295912 588319
1554295912 630900
1554295912 674088
1554295912 714533
1554295912 756015
1554295912 797959
1554295912 842499
1554295912 884505
1554295912 927406
1554295912 968704
1554295913 10696
1554295913 53975
1554295913 94829
1554295913 136941
1554295913 179471
1554295913 220694
1554295913 263424
1554295913 305028
1554295913 346733
1554295913 390239
1554295913 433024
1554295913 474939
1554295913 516782
1554295913 558001
1554295913 604176
1554295913 645115
1554295913 683127
1554295913 732803
1554295913 774298
1554295913 814795
1554295913 856684
1554295913 899000
1554295913 940359
1554295913 983542
1554295914 25246
1554295914 67149
1554295914 108347
1554295914 150789
1554295914 192769
1554295914 234780
1554295914 276949
1554295914 318034
1554295914 359948
1554295914 404624
1554295914 446895
1554295914 488196
1554295914 528227
1554295914 570637
1554295914 613539
1554295914 655134
1554295914 696785
1554295914 738533
1554295914 780425
1554295914 823066
1554295914 864695
1554295914 907045
1554295914 949359
1554295914 990294
1554295915 33362
1554295915 75126
1554295915 116544
1554295915 158012
1554295915 199939
1554295915 244566
1554295915 286217
1554295915 327949
1554295915 370558
1554295915 413532
1554295915 455686
1554295915 496780
1554295915 539297
1554295915 580485
1554295915 622632
1554295915 664797
1554295915 706863
1554295915 749084
1554295915 790192
1554295915 832275
1554295915 874586
1554295915 916753
1554295915 958616
1554295915 999980
1554295916 44251
1554295916 86069
1554295916 128538
1554295916 170541
1554295916 212924
1554295916 255809
1554295916 296872
1554295916 339324
1554295916 380443
1554295916 422294
1554295916 465267
1554295916 506803
1554295916 549093
1554295916 590260
1554295916 632281
1554295916 674438
1554295916 716803
1554295916 758503
1554295916 799943
1554295916 846788
1554295916 887237
1554295916 928549
1554295916 968771
1554295917 10251
1554295917 52825
1554295917 95334
1554295917 138126
1554295917 178833
1554295917 220354
1554295917 262325
1554295917 305171
1554295917 347003
1554295917 389451
1554295917 430519
1554295917 472245
1554295917 514513
1554295917 557136
1554295917 599014
1554295917 640611
1554295917 682367
1554295917 726547
1554295917 766424
1554295917 809504
1554295917 850008
1554295917 893400
1554295917 936402
1554295917 977641
1554295918 18845
1554295918 60710
1554295918 102377
1554295918 145366
1554295918 187343
1554295918 229063
1554295918 270580
1554295918 312219
1554295918 354379
1554295918 397607
1554295918 438578
1554295918 481245
1554295918 522494
1554295918 566512
1554295918 610424
1554295918 651231
1554295918 692672
1554295918 734548
1554295918 777964
1554295918 818845
1554295918 860381
1554295918 903319
1554295918 944339
1554295918 987628
1554295919 28737
1554295919 70568
1554295919 113222
1554295919 155042
1554295919 198345
1554295919 237746
1554295919 279317
1554295919 322513
1554295919 362892
1554295919 408746
1554295919 450691
1554295919 498836
1554295919 541031
1554295919 582520
1554295919 624849
1554295919 667134
1554295919 708946
1554295919 751003
1554295919 792331
1554295919 834632
1554295919 876927
1554295919 918812
1554295919 960900
1554295920 2353
1554295920 44262
1554295920 88271
1554295920 129638
1554295920 171172
1554295920 211987
1554295920 254574
1554295920 297404
1554295920 339690
1554295920 380838
1554295920 423266
1554295920 464348
1554295920 507083
1554295920 549390
1554295920 590694
1554295920 632254
1554295920 674739
1554295920 716535
1554295920 759168
1554295920 800907
1554295920 842330
1554295920 884333
1554295920 928190
1554295920 969491
1554295921 12744
1554295921 54548
1554295921 96533
1554295921 140489
1554295921 180915
1554295921 223387
1554295921 264349
1554295921 306680
1554295921 349363
1554295921 391408
1554295921 432433
1554295921 474253
1554295921 516460
1554295921 558433
1554295921 600789
1554295921 642873
1554295921 684277
1554295921 728272
1554295921 770123
1554295921 812483
1554295921 854296
1554295921 896397
1554295921 940376
1554295921 980915
1554295922 23541
1554295922 64342
1554295922 106325
1554295922 149412
1554295922 191350
1554295922 232756
1554295922 274263
1554295922 316657
1554295922 358776
1554295922 400993
1554295922 443020
1554295922 484418
1554295922 526136
1554295922 572883
1554295922 611277
1554295922 651181
1554295922 694176
1554295922 736456
1554295922 779478
1554295922 821798
1554295922 862901
1554295922 904582
1554295922 946418
1554295922 989763
1554295923 31013
1554295923 73700
1554295923 114232
1554295923 156263
1554295923 198758
1554295923 240874
1554295923 283269
1554295923 324947
1554295923 366266
1554295923 410624
1554295923 451247
1554295923 494977
1554295923 536409
1554295923 580053
1554295923 621789
1554295923 663047
1554295923 704758
1554295923 748914
1554295923 788948
1554295923 831631
1554295923 874268
1554295923 915690
1554295923 956533
1554295923 998317
1554295924 40512
1554295924 83648
1554295924 124880
1554295924 166284
1554295924 210308
1554295924 252583
1554295924 294207
1554295924 336199
1554295924 378534
1554295924 422819
1554295924 463089
1554295924 505758
1554295924 546386
1554295924 589377
1554295924 630950
1554295924 673208
1554295924 714516
1554295924 756506
1554295924 798517
1554295924 840511
1554295924 883744
1554295924 924910
1554295924 966081
1554295925 12156
1554295925 52370
1554295925 93351
1554295925 133096
1554295925 176029
1554295925 218469
1554295925 261428
1554295925 303359
1554295925 344714
1554295925 386684
1554295925 428865
1554295925 470993
1554295925 513027
1554295925 554656
1554295925 596252
1554295925 638221
1554295925 681575
1554295925 723111
1554295925 764442
1554295925 806127
1554295925 848246
1554295925 892844
1554295925 933528
1554295925 973737
1554295926 16005
1554295926 58441
1554295926 101791
1554295926 143511
1554295926 185472
1554295926 226806
1554295926 268321
1554295926 310995
1554295926 352927
1554295926 395012
1554295926 437188
1554295926 477982
1554295926 520421
1554295926 562767
1554295926 604998
1554295926 646687
1554295926 689045
1554295926 732247
1554295926 775762
1554295926 815813
1554295926 858412
1554295926 900568
1554295926 944688
1554295926 984912
1554295927 26502
1554295927 68476
1554295927 110217
1554295927 153226
1554295927 195940
1554295927 236523
1554295927 278232
1554295927 320376
1554295927 362797
1554295927 408143
1554295927 446490
1554295927 488852
1554295927 534190
1554295927 574234
1554295927 614745
1554295927 656420
1554295927 698017
1554295927 741171
1554295927 783802
1554295927 824834
1554295927 866674
1554295927 908300
1554295927 950674
1554295927 994166
1554295928 34960
1554295928 76651
1554295928 118370
1554295928 160188
1554295928 203325
1554295928 245563
1554295928 286473
1554295928 328227
1554295928 370312
1554295928 414411
1554295928 454570
1554295928 497560
1554295928 538678
1554295928 580496
1554295928 623531
1554295928 665954
1554295928 706926
1554295928 748655
1554295928 791039
1554295928 832996
1554295928 875393
1554295928 919557
1554295928 959480
1554295929 333
1554295929 43752
1554295929 84911
1554295929 126978
1554295929 168984
1554295929 210392
1554295929 254374
1554295929 294984
1554295929 338022
1554295929 380364
1554295929 422619
1554295929 466572
1554295929 506842
1554295929 549598
1554295929 590373
1554295929 632261
1554295929 675457
1554295929 716941
1554295929 759153
1554295929 800286
1554295929 842648
1554295929 885385
1554295929 926974
1554295929 968713
1554295930 10243
1554295930 54682
1554295930 97058
1554295930 136546
1554295930 182613
1554295930 225745
1554295930 270129
1554295930 308687
1554295930 350293
1554295930 392421
1554295930 434978
1554295930 476967
1554295930 518753
1554295930 560522
1554295930 603603
1554295930 644997
1554295930 687129
1554295930 728782
1554295930 770228
1554295930 812226
1554295930 856612
1554295930 896558
1554295930 939193
1554295930 980419
1554295931 22539
1554295931 66298
1554295931 107998
1554295931 149051
1554295931 190685
1554295931 232252
1554295931 275195
1554295931 316900
1554295931 359311
1554295931 400298
1554295931 442566
1554295931 485341
1554295931 526925
1554295931 568595
1554295931 610768
1554295931 652180
1554295931 696209
1554295931 737802
1554295931 780308
1554295931 822404
1554295931 866737
1554295931 907915
1554295931 948848
1554295931 990776
1554295932 32298
1554295932 74580
1554295932 117591
1554295932 159236
1554295932 201101
1554295932 242632
1554295932 284820
1554295932 326946
1554295932 369921
1554295932 410913
1554295932 452547
1554295932 496229
1554295932 538163
1554295932 577239
1554295932 624552
1554295932 668508
1554295932 708811
1554295932 750571
1554295932 792417
1554295932 835617
1554295932 878210
1554295932 920274
1554295932 963069
1554295933 4659
1554295933 46740
1554295933 89081
1554295933 131300
1554295933 172178
1554295933 213928
1554295933 258202
1554295933 299040
1554295933 339183
1554295933 382766
1554295933 424719
1554295933 468289
1554295933 508929
1554295933 551014
1554295933 592496
1554295933 634811
1554295933 677029
1554295933 718894
1554295933 760609
1554295933 802577
1554295933 844729
1554295933 887655
1554295933 929085
1554295933 970715
1554295934 12197
1554295934 53939
1554295934 98273
1554295934 139282
1554295934 181969
1554295934 222070
1554295934 264414
1554295934 307648
1554295934 349647
1554295934 391493
1554295934 432762
1554295934 474313
1554295934 516840
1554295934 558694
