1554295892 522804
1554295892 563450
1554295892 605320
1554295892 648042
1554295892 689652
1554295892 731098
1554295892 772947
1554295892 814659
1554295892 857424
1554295892 900173
1554295892 941248
1554295892 982393
1554295893 24243
1554295893 68515
1554295893 109466
1554295893 151983
1554295893 194615
1554295893 237714
1554295893 280190
1554295893 320977
1554295893 363465
1554295893 407124
1554295893 447490
1554295893 489076
1554295893 531150
1554295893 572823
1554295893 614463
1554295893 658103
1554295893 699154
1554295893 741158
1554295893 782277
1554295893 824270
1554295893 869053
1554295893 910051
1554295893 951975
1554295893 994652
1554295894 37607
1554295894 80678
1554295894 121128
1554295894 164132
1554295894 205017
1554295894 246920
1554295894 289798
1554295894 332120
1554295894 374895
1554295894 415169
1554295894 456639
1554295894 499079
1554295894 541115
1554295894 583372
1554295894 624326
1554295894 668975
1554295894 710779
1554295894 752544
1554295894 794272
1554295894 836818
1554295894 880873
1554295894 921454
1554295894 964462
1554295895 4982
1554295895 46951
1554295895 89527
1554295895 131295
1554295895 173407
1554295895 215088
1554295895 256590
1554295895 299119
1554295895 341755
1554295895 384612
1554295895 424300
1554295895 466323
1554295895 510826
1554295895 551789
1554295895 593182
1554295895 634269
1554295895 676807
1554295895 719540
1554295895 762923
1554295895 803357
1554295895 845118
1554295895 886823
1554295895 930107
1554295895 971035
1554295896 13660
1554295896 54479
1554295896 96857
1554295896 139315
1554295896 181639
1554295896 222837
1554295896 264864
1554295896 306294
1554295896 350520
1554295896 391473
1554295896 434490
1554295896 474239
1554295896 517242
1554295896 559636
1554295896 602514
1554295896 643492
1554295896 684565
1554295896 726780
1554295896 770078
1554295896 811345
1554295896 854719
1554295896 896194
1554295896 936762
1554295896 978786
1554295897 21624
1554295897 63354
1554295897 104879
1554295897 146320
1554295897 190358
1554295897 232099
1554295897 274981
1554295897 316643
1554295897 358756
1554295897 402543
1554295897 443421
1554295897 484507
1554295897 526883
1554295897 569217
1554295897 612438
1554295897 653580
1554295897 694838
1554295897 736599
1554295897 778586
1554295897 821043
1554295897 863611
1554295897 905537
1554295897 946504
1554295897 991790
1554295898 32458
1554295898 73632
1554295898 113807
1554295898 157201
1554295898 198673
1554295898 242625
1554295898 283434
1554295898 325801
1554295898 367172
1554295898 409781
1554295898 451540
1554295898 493319
1554295898 535061
1554295898 576606
1554295898 618508
1554295898 661958
1554295898 703296
1554295898 745298
1554295898 786333
1554295898 828261
1554295898 872614
1554295898 914525
1554295898 954875
1554295898 996557
1554295899 38582
1554295899 82979
1554295899 124559
1554295899 166181
1554295899 207034
1554295899 248762
1554295899 291524
1554295899 333238
1554295899 375227
1554295899 416809
1554295899 459103
1554295899 500801
1554295899 542855
1554295899 585028
1554295899 626964
1554295899 668472
1554295899 712989
1554295899 753661
1554295899 796613
1554295899 838662
1554295899 882327
1554295899 924551
1554295899 965566
1554295900 7688
1554295900 48840
1554295900 91176
1554295900 134036
1554295900 175919
1554295900 216782
1554295900 259259
1554295900 301233
1554295900 342817
1554295900 388332
1554295900 427331
1554295900 469346
1554295900 512602
1554295900 554784
1554295900 596906
1554295900 636800
1554295900 678298
1554295900 720711
1554295900 764472
1554295900 806033
1554295900 846829
1554295900 889038
1554295900 930967
1554295900 974155
1554295901 15189
1554295901 56985
1554295901 99316
1554295901 140749
1554295901 183259
1554295901 225081
1554295901 267262
1554295901 308594
1554295901 354351
1554295901 394553
1554295901 435327
1554295901 477593
1554295901 518360
1554295901 560686
1554295901 606495
1554295901 646102
1554295901 687157
1554295901 729320
1554295901 771406
1554295901 813576
1554295901 855294
1554295901 898206
1554295901 940200
1554295901 980887
1554295902 22752
1554295902 65393
1554295902 107379
1554295902 148653
1554295902 190430
1554295902 234492
1554295902 277265
1554295902 318393
1554295902 360669
1554295902 405141
1554295902 446361
1554295902 487599
1554295902 528425
1554295902 571113
1554295902 614717
1554295902 655543
1554295902 697098
1554295902 739410
1554295902 780674
1554295902 822575
1554295902 866061
1554295902 907307
1554295902 949130
1554295902 990226
1554295903 34467
1554295903 77961
1554295903 118771
1554295903 167343
1554295903 210302
1554295903 250872
1554295903 292726
1554295903 335528
1554295903 378116
1554295903 418925
1554295903 460703
1554295903 502562
1554295903 545286
1554295903 587606
1554295903 629380
1554295903 670412
1554295903 712260
1554295903 756470
1554295903 797969
1554295903 839307
1554295903 880287
1554295903 923757
1554295903 966127
1554295904 8919
1554295904 51113
1554295904 92839
1554295904 135407
1554295904 178444
1554295904 219089
1554295904 260541
1554295904 302767
1554295904 345371
1554295904 387772
1554295904 429476
1554295904 471210
1554295904 512338
1554295904 556342
1554295904 598370
1554295904 640115
1554295904 683488
1554295904 726165
1554295904 768371
1554295904 809308
1554295904 850709
1554295904 892780
1554295904 935444
1554295904 978777
1554295905 19740
1554295905 61408
1554295905 102532
1554295905 144596
1554295905 187325
1554295905 230062
1554295905 270698
1554295905 312266
1554295905 356287
1554295905 398351
1554295905 441175
1554295905 484220
1554295905 526092
1554295905 568182
1554295905 609359
1554295905 650386
1554295905 692832
1554295905 734914
1554295905 778354
1554295905 819246
1554295905 860926
1554295905 902744
1554295905 944629
1554295905 987368
1554295906 30055
1554295906 71028
1554295906 112345
1554295906 154211
1554295906 199979
1554295906 239560
1554295906 282065
1554295906 322885
1554295906 365038
1554295906 409252
1554295906 449321
1554295906 490883
1554295906 533578
1554295906 574658
1554295906 617207
1554295906 659334
1554295906 700976
1554295906 742622
1554295906 785576
1554295906 826985
1554295906 869469
1554295906 910825
1554295906 952450
1554295906 994480
1554295907 39122
1554295907 79401
1554295907 122176
1554295907 162818
1554295907 205106
1554295907 247620
1554295907 291084
1554295907 331235
1554295907 373407
1554295907 414591
1554295907 457320
1554295907 499004
1554295907 541411
1554295907 583453
1554295907 625049
1554295907 666720
1554295907 709145
1554295907 751122
1554295907 793413
1554295907 834725
1554295907 878291
1554295907 920013
1554295907 962654
1554295908 5054
1554295908 48310
1554295908 90644
1554295908 131359
1554295908 172475
1554295908 214685
1554295908 256468
1554295908 299305
1554295908 342117
1554295908 385008
1554295908 424686
1554295908 466576
1554295908 509144
1554295908 551087
1554295908 593054
1554295908 634937
1554295908 679712
1554295908 722020
1554295908 761595
1554295908 803330
1554295908 844692
1554295908 888444
1554295908 930117
1554295908 971710
1554295909 12542
1554295909 54644
1554295909 96666
1554295909 139990
1554295909 181223
1554295909 222979
1554295909 264581
1554295909 306551
1554295909 349247
1554295909 399230
1554295909 432908
1554295909 474357
1554295909 516377
1554295909 560460
1554295909 601356
1554295909 644690
1554295909 684636
1554295909 726797
1554295909 770632
1554295909 811953
1554295909 853440
1554295909 895452
1554295909 937078
1554295909 979732
1554295910 21300
1554295910 63227
1554295910 104625
1554295910 147582
1554295910 189114
1554295910 230696
1554295910 272802
1554295910 314776
1554295910 356296
1554295910 401108
1554295910 442607
1554295910 484475
1554295910 526840
1554295910 570473
1554295910 612356
1554295910 653726
1554295910 694773
1554295910 736717
1554295910 778999
1554295910 821518
1554295910 863451
1554295910 905923
1554295910 946833
1554295910 988595
1554295911 31031
1554295911 73019
1554295911 114810
1554295911 157159
1554295911 200369
1554295911 244337
1554295911 285543
1554295911 329001
1554295911 373047
1554295911 413637
1554295911 455341
1554295911 496697
1554295911 538536
1554295911 581393
1554295911 623454
1554295911 665646
1554295911 706623
1554295911 748527
1554295911 791282
1554295911 833618
1554295911 875176
1554295911 916813
1554295911 958231
1554295912 2784
1554295912 43751
1554295912 85645
1554295912 126484
1554295912 169683
1554295912 211608
1554295912 253919
1554295912 295197
1554295912 337685
1554295912 378765
1554295912 422234
1554295912 464410
1554295912 505077
1554295912 546600
1554295912 588584
1554295912 631178
1554295912 674519
1554295912 714792
1554295912 756373
1554295912 798284
1554295912 842760
1554295912 884766
1554295912 927672
1554295912 968970
1554295913 12074
1554295913 54255
1554295913 95145
1554295913 137217
1554295913 179745
1554295913 221012
1554295913 263778
1554295913 305293
1554295913 347067
1554295913 390508
1554295913 433278
1554295913 475189
1554295913 517098
1554295913 558262
1554295913 602600
1554295913 645318
1554295913 684776
1554295913 733546
1554295913 774570
1554295913 815065
1554295913 856957
1554295913 899269
1554295913 940659
1554295913 983811
1554295914 25516
1554295914 67421
1554295914 108693
1554295914 151065
1554295914 193211
1554295914 235225
1554295914 277207
1554295914 318290
1554295914 360214
1554295914 405454
1554295914 447148
1554295914 488453
1554295914 528543
1554295914 570913
1554295914 614271
1554295914 655404
1554295914 697050
1554295914 738804
1554295914 780701
1554295914 823335
1554295914 864966
1554295914 907305
1554295914 949627
1554295914 990621
1554295915 33950
1554295915 75576
1554295915 116797
1554295915 158278
1554295915 200281
1554295915 244823
1554295915 286467
1554295915 328324
1554295915 370830
1554295915 413797
1554295915 456054
1554295915 497055
1554295915 539566
1554295915 580773
1554295915 622971
1554295915 665140
1554295915 707131
1554295915 749361
1554295915 791060
1554295915 833161
1554295915 874936
1554295915 917007
1554295915 958868
1554295916 260
1554295916 44515
1554295916 86310
1554295916 128798
1554295916 170829
1554295916 214129
1554295916 256193
1554295916 297216
1554295916 339593
1554295916 380723
1554295916 423150
1554295916 465536
1554295916 507072
1554295916 549360
1554295916 591309
1554295916 632669
1554295916 674713
1554295916 717061
1554295916 758757
1554295916 800218
1554295916 844712
1554295916 887491
1554295916 928803
1554295916 969017
1554295917 10640
1554295917 53094
1554295917 96074
1554295917 138450
1554295917 179106
1554295917 220621
1554295917 262709
1554295917 305478
1554295917 347271
1554295917 389723
1554295917 430814
1554295917 472515
1554295917 515127
1554295917 557584
1554295917 599264
1554295917 640857
1554295917 682624
1554295917 726803
1554295917 767458
1554295917 809761
1554295917 850432
1554295917 893672
1554295917 936700
1554295917 978008
1554295918 19198
1554295918 60971
1554295918 102648
1554295918 145615
1554295918 187670
1554295918 229345
1554295918 270844
1554295918 312489
1554295918 354719
1554295918 397944
1554295918 438829
1554295918 481501
1554295918 522750
1554295918 566763
1554295918 608287
1554295918 651490
1554295918 692941
1554295918 736116
1554295918 778309
1554295918 819167
1554295918 860656
1554295918 903590
1554295918 945407
1554295918 988432
1554295919 29002
1554295919 70835
1554295919 113536
1554295919 155309
1554295919 195151
1554295919 238895
1554295919 280351
1554295919 322766
1554295919 363729
1554295919 408996
1554295919 450947
1554295919 499202
1554295919 541305
1554295919 582855
1554295919 625440
1554295919 667499
1554295919 709216
1554295919 751276
1554295919 792623
1554295919 834900
1554295919 878081
1554295919 919064
1554295919 961156
1554295920 2794
1554295920 44517
1554295920 88549
1554295920 130818
1554295920 171420
1554295920 212492
1554295920 254874
1554295920 297663
1554295920 340096
1554295920 381116
1554295920 423536
1554295920 464624
1554295920 507474
1554295920 549661
1554295920 590960
1554295920 632560
1554295920 675009
1554295920 717028
1554295920 759421
1554295920 801168
1554295920 842623
1554295920 884584
1554295920 929087
1554295920 970590
1554295921 13037
1554295921 54842
1554295921 97536
1554295921 140796
1554295921 181187
1554295921 223660
1554295921 264619
1554295921 306990
1554295921 349911
1554295921 394235
1554295921 432689
1554295921 475121
1554295921 516729
1554295921 558701
1554295921 601139
1554295921 643124
1554295921 684532
1554295921 728570
1554295921 770373
1554295921 812745
1554295921 854857
1554295921 896667
1554295921 940647
1554295921 981266
1554295922 23813
1554295922 64716
1554295922 106588
1554295922 149919
1554295922 191960
1554295922 233033
1554295922 275158
1554295922 316917
1554295922 359266
1554295922 401435
1554295922 443274
1554295922 484674
1554295922 530607
1554295922 571142
1554295922 612286
1554295922 652174
1554295922 694472
1554295922 736803
1554295922 780230
1554295922 822180
1554295922 863167
1554295922 904849
1554295922 946688
1554295922 990151
1554295923 31279
1554295923 74211
1554295923 114538
1554295923 156598
1554295923 199046
1554295923 241318
1554295923 283525
1554295923 325203
1554295923 366515
1554295923 410876
1554295923 452208
1554295923 495283
1554295923 536683
1554295923 580710
1554295923 622149
1554295923 663341
1554295923 705027
1554295923 749285
1554295923 789316
1554295923 832009
1554295923 874537
1554295923 916056
1554295923 956806
1554295923 998575
1554295924 40962
1554295924 84179
1554295924 125131
1554295924 166577
1554295924 210591
1554295924 252837
1554295924 294465
1554295924 336840
1554295924 378796
1554295924 423308
1554295924 463357
1554295924 506154
1554295924 546729
1554295924 589630
1554295924 631219
1554295924 673707
1554295924 714784
1554295924 756833
1554295924 798789
1554295924 841553
1554295924 884298
1554295924 925162
1554295924 966393
1554295925 10719
1554295925 54254
1554295925 94448
1554295925 134044
1554295925 176352
1554295925 218737
1554295925 262131
1554295925 303627
1554295925 344982
1554295925 386951
1554295925 429136
1554295925 471340
1554295925 513292
1554295925 554926
1554295925 596580
1554295925 638482
1554295925 682229
1554295925 723369
1554295925 764692
1554295925 806605
1554295925 848495
1554295925 893103
1554295925 934706
1554295925 974854
1554295926 16393
1554295926 58708
1554295926 102521
1554295926 143778
1554295926 185761
1554295926 227073
1554295926 268594
1554295926 311285
1554295926 353397
1554295926 395275
1554295926 437446
1554295926 478275
1554295926 520740
1554295926 563248
1554295926 605247
1554295926 646944
1554295926 689308
1554295926 732498
1554295926 774304
1554295926 816231
1554295926 858706
1554295926 902230
1554295926 945241
1554295926 985253
1554295927 26775
1554295927 68744
1554295927 110864
1554295927 153491
1554295927 196437
1554295927 236791
1554295927 278624
1554295927 320695
1554295927 363241
1554295927 408396
1554295927 446750
1554295927 489113
1554295927 532681
1554295927 576302
1554295927 615581
1554295927 656674
1554295927 698348
1554295927 742374
1554295927 784226
1554295927 825157
1554295927 866945
1554295927 908616
1554295927 950937
1554295927 994434
1554295928 35240
1554295928 76917
1554295928 118638
1554295928 160466
1554295928 203633
1554295928 246123
1554295928 286732
1554295928 328526
1554295928 370568
1554295928 414668
1554295928 455412
1554295928 497812
1554295928 538950
1554295928 580828
1554295928 623804
1554295928 666243
1554295928 707189
1554295928 748929
1554295928 791322
1554295928 833753
1554295928 876086
1554295928 919911
1554295928 959753
1554295929 622
1554295929 44147
1554295929 85366
1554295929 127435
1554295929 169235
1554295929 210651
1554295929 254662
1554295929 295708
1554295929 338376
1554295929 380633
1554295929 423692
1554295929 466838
1554295929 508038
1554295929 549947
1554295929 590654
1554295929 632878
1554295929 675792
1554295929 717213
1554295929 759429
1554295929 801136
1554295929 842964
1554295929 885640
1554295929 927429
1554295929 968967
1554295930 10499
1554295930 54939
1554295930 97313
1554295930 136794
1554295930 182878
1554295930 226110
1554295930 270405
1554295930 308954
1554295930 350560
1554295930 392732
1554295930 435255
1554295930 477229
1554295930 519031
1554295930 560794
1554295930 603990
1554295930 645255
1554295930 687568
1554295930 729042
1554295930 770480
1554295930 812487
1554295930 858453
1554295930 897389
1554295930 939449
1554295930 980669
1554295931 22815
1554295931 66592
1554295931 108276
1554295931 149320
1554295931 190965
1554295931 232528
1554295931 275462
1554295931 317169
1554295931 359582
1554295931 400564
1554295931 442837
1554295931 485617
1554295931 527368
1554295931 568850
1554295931 611026
1554295931 652435
1554295931 696462
1554295931 738188
1554295931 780601
1554295931 822694
1554295931 867036
1554295931 908199
1554295931 949124
1554295931 991056
1554295932 32571
1554295932 74922
1554295932 117979
1554295932 159748
1554295932 201365
1554295932 242902
1554295932 285087
1554295932 327207
1554295932 370399
1554295932 411168
1554295932 452804
1554295932 496480
1554295932 538435
1554295932 581688
1554295932 624828
1554295932 668781
1554295932 709083
1554295932 750841
1554295932 792706
1554295932 836387
1554295932 878826
1554295932 920548
1554295932 963341
1554295933 5227
1554295933 47011
1554295933 89341
1554295933 131551
1554295933 172430
1554295933 214205
1554295933 258492
1554295933 300125
1554295933 340197
1554295933 383266
1554295933 425089
1554295933 468552
1554295933 509197
1554295933 551283
1554295933 592769
1554295933 635073
1554295933 677301
1554295933 719161
1554295933 760872
1554295933 802905
1554295933 844998
1554295933 887998
1554295933 929340
1554295933 970963
1554295934 12455
1554295934 54219
1554295934 98534
1554295934 140290
1554295934 182233
1554295934 222326
1554295934 264784
1554295934 308014
1554295934 350044
1554295934 391778
1554295934 433035
1554295934 474771
1554295934 517229
1554295934 559117
