1554295892 523526
1554295892 563971
1554295892 605692
1554295892 648439
1554295892 690134
1554295892 731482
1554295892 773338
1554295892 815279
1554295892 858229
1554295892 900543
1554295892 941614
1554295892 982772
1554295893 27760
1554295893 68767
1554295893 111560
1554295893 152405
1554295893 195009
1554295893 238587
1554295893 280661
1554295893 321370
1554295893 363972
1554295893 407504
1554295893 447959
1554295893 489466
1554295893 531537
1554295893 573223
1554295893 614847
1554295893 658727
1554295893 699735
1554295893 741523
1554295893 782653
1554295893 824644
1554295893 871534
1554295893 911362
1554295893 952360
1554295893 995035
1554295894 38175
1554295894 81116
1554295894 121515
1554295894 164547
1554295894 205413
1554295894 247407
1554295894 290346
1554295894 332564
1554295894 375283
1554295894 415563
1554295894 457033
1554295894 499672
1554295894 541711
1554295894 583740
1554295894 624696
1554295894 669342
1554295894 711148
1554295894 752910
1554295894 794926
1554295894 838173
1554295894 881270
1554295894 922297
1554295894 964867
1554295895 5373
1554295895 47383
1554295895 90029
1554295895 131803
1554295895 173906
1554295895 215477
1554295895 256982
1554295895 299755
1554295895 342404
1554295895 384982
1554295895 424663
1554295895 468834
1554295895 511197
1554295895 553298
1554295895 593652
1554295895 634674
1554295895 677197
1554295895 720420
1554295895 763363
1554295895 803977
1554295895 845506
1554295895 887209
1554295895 930493
1554295895 973053
1554295896 14237
1554295896 54868
1554295896 97500
1554295896 140040
1554295896 182266
1554295896 223208
1554295896 265229
1554295896 306662
1554295896 350887
1554295896 392556
1554295896 434901
1554295896 474609
1554295896 517635
1554295896 560125
1554295896 603024
1554295896 644000
1554295896 684961
1554295896 727171
1554295896 770480
1554295896 811740
1554295896 855110
1554295896 896679
1554295896 937152
1554295896 979171
1554295897 22367
1554295897 64138
1554295897 105247
1554295897 146686
1554295897 190727
1554295897 232468
1554295897 275383
1554295897 317043
1554295897 360190
1554295897 403011
1554295897 443815
1554295897 484894
1554295897 527279
1554295897 569594
1554295897 612853
1554295897 654097
1554295897 695229
1554295897 736992
1554295897 778987
1554295897 821659
1554295897 864319
1554295897 906206
1554295897 946870
1554295897 990797
1554295898 32705
1554295898 75183
1554295898 115456
1554295898 157618
1554295898 199067
1554295898 243022
1554295898 283922
1554295898 326525
1554295898 367570
1554295898 410654
1554295898 452031
1554295898 493707
1554295898 535453
1554295898 576990
1554295898 618894
1554295898 662587
1554295898 703680
1554295898 745676
1554295898 786707
1554295898 828627
1554295898 874771
1554295898 915777
1554295898 956279
1554295898 996965
1554295899 38985
1554295899 83449
1554295899 124942
1554295899 166669
1554295899 207423
1554295899 249146
1554295899 292055
1554295899 333616
1554295899 375613
1554295899 417335
1554295899 459469
1554295899 501431
1554295899 543447
1554295899 585618
1554295899 627331
1554295899 668849
1554295899 713395
1554295899 754933
1554295899 796977
1554295899 839048
1554295899 883052
1554295899 925219
1554295899 966715
1554295900 8168
1554295900 49234
1554295900 91652
1554295900 134437
1554295900 176343
1554295900 217170
1554295900 259650
1554295900 301637
1554295900 343399
1554295900 392452
1554295900 427700
1554295900 470021
1554295900 512973
1554295900 555152
1554295900 597274
1554295900 637175
1554295900 678672
1554295900 722489
1554295900 764869
1554295900 806459
1554295900 847216
1554295900 889427
1554295900 932561
1554295900 974884
1554295901 15581
1554295901 57371
1554295901 99704
1554295901 141473
1554295901 184045
1554295901 225661
1554295901 267632
1554295901 308959
1554295901 353292
1554295901 396327
1554295901 436849
1554295901 478052
1554295901 518862
1554295901 561084
1554295901 606916
1554295901 646490
1554295901 687550
1554295901 729716
1554295901 772547
1554295901 814112
1554295901 855687
1554295901 898650
1554295901 940578
1554295901 981404
1554295902 23328
1554295902 66270
1554295902 107767
1554295902 149038
1554295902 190798
1554295902 234860
1554295902 277640
1554295902 318763
1554295902 361060
1554295902 405536
1554295902 446742
1554295902 488166
1554295902 528821
1554295902 571524
1554295902 615142
1554295902 656014
1554295902 697481
1554295902 739914
1554295902 781062
1554295902 823166
1554295902 866692
1554295902 907689
1554295902 949509
1554295902 990597
1554295903 34841
1554295903 76582
1554295903 119225
1554295903 167748
1554295903 210699
1554295903 251272
1554295903 293441
1554295903 336061
1554295903 378590
1554295903 419314
1554295903 461101
1554295903 503183
1554295903 546033
1554295903 588242
1554295903 629754
1554295903 670792
1554295903 714782
1554295903 756713
1554295903 799375
1554295903 839677
1554295903 880695
1554295903 925351
1554295903 966565
1554295904 9312
1554295904 51495
1554295904 93226
1554295904 135797
1554295904 178840
1554295904 219483
1554295904 260928
1554295904 303501
1554295904 346130
1554295904 390276
1554295904 429940
1554295904 471589
1554295904 512712
1554295904 556717
1554295904 599630
1554295904 640482
1554295904 684022
1554295904 726939
1554295904 768813
1554295904 809692
1554295904 851102
1554295904 893175
1554295904 936266
1554295904 979493
1554295905 20307
1554295905 61797
1554295905 102913
1554295905 144992
1554295905 187702
1554295905 230435
1554295905 271068
1554295905 312637
1554295905 356652
1554295905 398726
1554295905 441588
1554295905 484722
1554295905 526506
1554295905 568595
1554295905 609756
1554295905 650771
1554295905 693229
1554295905 735344
1554295905 778741
1554295905 819637
1554295905 861315
1554295905 903135
1554295905 945322
1554295905 988127
1554295906 30498
1554295906 71402
1554295906 112719
1554295906 156750
1554295906 198945
1554295906 242089
1554295906 282534
1554295906 323542
1554295906 366323
1554295906 409642
1554295906 449712
1554295906 491274
1554295906 534092
1554295906 575048
1554295906 617595
1554295906 659727
1554295906 701361
1554295906 743006
1554295906 786140
1554295906 827600
1554295906 870324
1554295906 911189
1554295906 952825
1554295906 994852
1554295907 39490
1554295907 80335
1554295907 122843
1554295907 163227
1554295907 205505
1554295907 248467
1554295907 291475
1554295907 331627
1554295907 373814
1554295907 414982
1554295907 457937
1554295907 499377
1554295907 541784
1554295907 583943
1554295907 625443
1554295907 667106
1554295907 709752
1554295907 751704
1554295907 793782
1554295907 835101
1554295907 878661
1554295907 920391
1554295907 963031
1554295908 5452
1554295908 48705
1554295908 91035
1554295908 131754
1554295908 172877
1554295908 215073
1554295908 257183
1554295908 299699
1554295908 342535
1554295908 385389
1554295908 425078
1554295908 466965
1554295908 509758
1554295908 551670
1554295908 593429
1554295908 635309
1554295908 678772
1554295908 720703
1554295908 763455
1554295908 803700
1554295908 845347
1554295908 888918
1554295908 930521
1554295908 972269
1554295909 12936
1554295909 55047
1554295909 97042
1554295909 140413
1554295909 181606
1554295909 223369
1554295909 264976
1554295909 307162
1554295909 349986
1554295909 399605
1554295909 433285
1554295909 474721
1554295909 516747
1554295909 562048
1554295909 603643
1554295909 645104
1554295909 685048
1554295909 727198
1554295909 771032
1554295909 812445
1554295909 853949
1554295909 895959
1554295909 937618
1554295909 980245
1554295910 21685
1554295910 63614
1554295910 105008
1554295910 148124
1554295910 189691
1554295910 231085
1554295910 273199
1554295910 315149
1554295910 356657
1554295910 403052
1554295910 442992
1554295910 484846
1554295910 527227
1554295910 571260
1554295910 613358
1554295910 654242
1554295910 695162
1554295910 737106
1554295910 779378
1554295910 821994
1554295910 867437
1554295910 906340
1554295910 947224
1554295910 988980
1554295911 31625
1554295911 73603
1554295911 115181
1554295911 157529
1554295911 200753
1554295911 243137
1554295911 286053
1554295911 330297
1554295911 373473
1554295911 414154
1554295911 455735
1554295911 497085
1554295911 539205
1554295911 581775
1554295911 623958
1554295911 666223
1554295911 707006
1554295911 749217
1554295911 792019
1554295911 834161
1554295911 875551
1554295911 917189
1554295911 962154
1554295912 3151
1554295912 45283
1554295912 86163
1554295912 126880
1554295912 171492
1554295912 212445
1554295912 254330
1554295912 295589
1554295912 338229
1554295912 379176
1554295912 422810
1554295912 464926
1554295912 505470
1554295912 546991
1554295912 588968
1554295912 631803
1554295912 674992
1554295912 715152
1554295912 756745
1554295912 798666
1554295912 843130
1554295912 885135
1554295912 928398
1554295912 969365
1554295913 12811
1554295913 54645
1554295913 95540
1554295913 137605
1554295913 180593
1554295913 221499
1554295913 264326
1554295913 305688
1554295913 347460
1554295913 390892
1554295913 434008
1554295913 475775
1554295913 517561
1554295913 558634
1554295913 602971
1554295913 645681
1554295913 688144
1554295913 734087
1554295913 774973
1554295913 815458
1554295913 857348
1554295913 899660
1554295913 942248
1554295913 984371
1554295914 26024
1554295914 67815
1554295914 109085
1554295914 151451
1554295914 193943
1554295914 235606
1554295914 277580
1554295914 318659
1554295914 363086
1554295914 405761
1554295914 447511
1554295914 488945
1554295914 528920
1554295914 572628
1554295914 614663
1554295914 655803
1554295914 697438
1554295914 739194
1554295914 781090
1554295914 823720
1554295914 866772
1554295914 907694
1554295914 950139
1554295914 991011
1554295915 34406
1554295915 76218
1554295915 117170
1554295915 158648
1554295915 200648
1554295915 245192
1554295915 286840
1554295915 328728
1554295915 371232
1554295915 414627
1554295915 456460
1554295915 497454
1554295915 540099
1554295915 581181
1554295915 623463
1554295915 665516
1554295915 707515
1554295915 749766
1554295915 791460
1554295915 833587
1554295915 875515
1554295915 917586
1554295915 959247
1554295916 634
1554295916 44885
1554295916 87196
1554295916 129166
1554295916 171230
1554295916 214532
1554295916 256587
1554295916 297614
1554295916 340187
1554295916 381116
1554295916 423527
1554295916 466039
1554295916 507456
1554295916 549784
1554295916 591712
1554295916 633284
1554295916 675271
1554295916 717641
1554295916 759127
1554295916 800589
1554295916 845090
1554295916 887981
1554295916 929181
1554295916 969381
1554295917 11304
1554295917 54562
1554295917 96466
1554295917 138837
1554295917 179506
1554295917 221009
1554295917 263090
1554295917 305964
1554295917 347669
1554295917 390277
1554295917 431208
1554295917 472905
1554295917 515731
1554295917 558232
1554295917 599639
1554295917 641230
1554295917 685124
1554295917 727136
1554295917 768911
1554295917 810225
1554295917 850839
1554295917 894959
1554295917 937097
1554295917 978482
1554295918 19590
1554295918 61355
1554295918 103034
1554295918 146371
1554295918 188181
1554295918 229735
1554295918 271229
1554295918 312874
1554295918 355106
1554295918 400180
1554295918 439196
1554295918 482332
1554295918 523120
1554295918 567120
1554295918 608656
1554295918 651999
1554295918 693338
1554295918 736516
1554295918 778722
1554295918 819562
1554295918 861053
1554295918 904120
1554295918 945790
1554295918 988921
1554295919 29390
1554295919 71223
1554295919 114244
1554295919 156037
1554295919 194753
1554295919 240298
1554295919 282192
1554295919 323132
1554295919 368189
1554295919 409359
1554295919 451317
1554295919 499593
1554295919 541704
1554295919 583254
1554295919 625814
1554295919 668028
1554295919 709608
1554295919 751666
1554295919 793009
1554295919 835552
1554295919 878701
1554295919 919648
1554295919 961528
1554295920 3158
1554295920 47169
1554295920 88862
1554295920 132351
1554295920 171923
1554295920 212902
1554295920 255273
1554295920 298534
1554295920 340613
1554295920 381521
1554295920 424090
1554295920 465020
1554295920 507939
1554295920 550193
1554295920 591347
1554295920 632932
1554295920 675745
1554295920 717404
1554295920 760304
1554295920 801545
1554295920 842994
1554295920 884950
1554295920 929458
1554295920 971961
1554295921 13440
1554295921 55244
1554295921 98101
1554295921 141193
1554295921 181593
1554295921 224205
1554295921 265008
1554295921 307472
1554295921 350314
1554295921 394659
1554295921 433070
1554295921 475578
1554295921 517342
1554295921 559265
1554295921 602127
1554295921 643496
1554295921 684902
1554295921 728943
1554295921 771272
1554295921 813113
1554295921 855264
1554295921 897796
1554295921 941028
1554295921 981672
1554295922 24410
1554295922 65112
1554295922 107297
1554295922 150348
1554295922 192423
1554295922 233428
1554295922 275540
1554295922 317545
1554295922 359964
1554295922 404392
1554295922 443644
1554295922 485036
1554295922 528965
1554295922 571517
1554295922 613663
1554295922 653561
1554295922 694877
1554295922 737199
1554295922 780630
1554295922 822799
1554295922 863552
1554295922 905243
1554295922 947070
1554295922 990541
1554295923 31660
1554295923 74608
1554295923 114925
1554295923 157284
1554295923 199936
1554295923 242089
1554295923 284019
1554295923 325574
1554295923 366971
1554295923 412433
1554295923 453752
1554295923 495991
1554295923 537078
1554295923 581120
1554295923 622541
1554295923 663721
1554295923 705422
1554295923 749654
1554295923 789689
1554295923 832832
1554295923 874929
1554295923 916448
1554295923 957196
1554295923 998959
1554295924 41580
1554295924 84560
1554295924 125499
1554295924 167038
1554295924 210957
1554295924 253365
1554295924 294831
1554295924 337230
1554295924 380158
1554295924 423701
1554295924 463748
1554295924 506566
1554295924 547128
1554295924 590479
1554295924 631607
1554295924 674269
1554295924 715166
1554295924 757228
1554295924 799180
1554295924 842372
1554295924 884910
1554295924 925539
1554295924 966771
1554295925 11095
1554295925 52932
1554295925 95719
1554295925 135731
1554295925 176751
1554295925 219132
1554295925 262528
1554295925 304192
1554295925 345458
1554295925 387356
1554295925 430196
1554295925 471725
1554295925 513678
1554295925 555312
1554295925 596968
1554295925 638868
1554295925 682932
1554295925 724028
1554295925 765066
1554295925 806988
1554295925 848863
1554295925 893478
1554295925 936097
1554295925 976216
1554295926 16815
1554295926 59098
1554295926 102944
1554295926 144362
1554295926 186372
1554295926 227466
1554295926 268987
1554295926 311666
1554295926 353792
1554295926 395659
1554295926 437895
1554295926 478649
1554295926 521357
1554295926 563652
1554295926 605912
1554295926 647315
1554295926 691769
1554295926 732868
1554295926 774681
1554295926 816605
1554295926 859101
1554295926 902637
1554295926 945640
1554295926 985666
1554295927 27176
1554295927 69137
1554295927 111251
1554295927 153956
1554295927 196934
1554295927 237172
1554295927 279013
1554295927 321307
1554295927 363640
1554295927 412563
1554295927 447123
1554295927 489483
1554295927 533057
1554295927 574973
1554295927 617110
1554295927 657042
1554295927 698721
1554295927 742890
1554295927 784641
1554295927 825546
1554295927 867336
1554295927 909002
1554295927 952524
1554295927 994932
1554295928 35633
1554295928 77313
1554295928 119025
1554295928 160846
1554295928 204342
1554295928 246518
1554295928 287102
1554295928 328898
1554295928 373032
1554295928 415046
1554295928 456983
1554295928 498983
1554295928 539324
1554295928 581230
1554295928 624730
1554295928 666639
1554295928 707572
1554295928 749327
1554295928 792334
1554295928 834271
1554295928 876485
1554295928 920316
1554295928 960276
1554295929 1013
1554295929 44898
1554295929 86108
1554295929 127809
1554295929 169603
1554295929 211025
1554295929 255033
1554295929 297086
1554295929 338746
1554295929 381017
1554295929 424277
1554295929 467341
1554295929 508436
1554295929 550420
1554295929 591057
1554295929 633253
1554295929 676326
1554295929 717599
1554295929 759807
1554295929 801526
1554295929 843593
1554295929 886374
1554295929 927813
1554295929 969344
1554295930 10867
1554295930 55314
1554295930 97677
1554295930 139690
1554295930 184337
1554295930 226506
1554295930 270795
1554295930 309348
1554295930 350938
1554295930 393464
1554295930 435648
1554295930 477630
1554295930 519423
1554295930 561185
1554295930 604438
1554295930 645935
1554295930 688304
1554295930 729414
1554295930 770844
1554295930 815547
1554295930 857116
1554295930 899271
1554295930 940045
1554295930 981066
1554295931 23206
1554295931 66986
1554295931 108705
1554295931 149709
1554295931 191382
1554295931 232929
1554295931 275958
1554295931 317549
1554295931 360194
1554295931 400955
1554295931 443478
1554295931 486321
1554295931 527738
1554295931 569217
1554295931 611400
1554295931 652806
1554295931 696830
1554295931 738563
1554295931 781001
1554295931 823090
1554295931 867433
1554295931 908594
1554295931 949512
1554295931 991463
1554295932 32964
1554295932 75417
1554295932 118380
1554295932 160240
1554295932 202299
1554295932 243285
1554295932 285674
1554295932 327938
1554295932 370776
1554295932 411543
1554295932 453177
1554295932 496862
1554295932 538814
1554295932 582977
1554295932 626173
1554295932 669175
1554295932 709481
1554295932 751232
1554295932 793114
1554295932 836796
1554295932 879405
1554295932 922995
1554295932 963727
1554295933 5655
1554295933 47619
1554295933 90044
1554295933 132077
1554295933 172797
1554295933 216823
1554295933 258864
1554295933 301738
1554295933 341595
1554295933 383671
1554295933 426418
1554295933 468951
1554295933 509593
1554295933 551676
1554295933 593171
1554295933 635783
1554295933 677695
1554295933 719547
1554295933 761259
1554295933 803286
1554295933 845645
1554295933 888611
1554295933 930088
1554295933 971327
1554295934 12821
1554295934 54584
1554295934 98906
1554295934 141693
1554295934 182609
1554295934 222722
1554295934 265181
1554295934 308776
1554295934 350450
1554295934 392341
1554295934 433427
1554295934 475163
1554295934 517719
1554295934 559704
