1554295892 523285
1554295892 563720
1554295892 605568
1554295892 648311
1554295892 689997
1554295892 731349
1554295892 773210
1554295892 814918
1554295892 857676
1554295892 900418
1554295892 941490
1554295892 982644
1554295893 24489
1554295893 69985
1554295893 111117
1554295893 152246
1554295893 194875
1554295893 238452
1554295893 280457
1554295893 321240
1554295893 363729
1554295893 407377
1554295893 447748
1554295893 489336
1554295893 531406
1554295893 573086
1554295893 614718
1554295893 658604
1554295893 699609
1554295893 741402
1554295893 782530
1554295893 824522
1554295893 869298
1554295893 910857
1554295893 952233
1554295893 994904
1554295894 38025
1554295894 80984
1554295894 121384
1554295894 164412
1554295894 205280
1554295894 247267
1554295894 290216
1554295894 332430
1554295894 375158
1554295894 415432
1554295894 456897
1554295894 499326
1554295894 541364
1554295894 583618
1554295894 624572
1554295894 669217
1554295894 711022
1554295894 752787
1554295894 794792
1554295894 838021
1554295894 881140
1554295894 922150
1554295894 964733
1554295895 5241
1554295895 47254
1554295895 89781
1554295895 131669
1554295895 173663
1554295895 215347
1554295895 256852
1554295895 299387
1554295895 342273
1554295895 384858
1554295895 424541
1554295895 468701
1554295895 511074
1554295895 552887
1554295895 593529
1554295895 634518
1554295895 677065
1554295895 720285
1554295895 763201
1554295895 803611
1554295895 845372
1554295895 887081
1554295895 930362
1554295895 973397
1554295896 14105
1554295896 54738
1554295896 97365
1554295896 139578
1554295896 182142
1554295896 223080
1554295896 265106
1554295896 306537
1554295896 350764
1554295896 391726
1554295896 434765
1554295896 474483
1554295896 517502
1554295896 559977
1554295896 602778
1554295896 643750
1554295896 684827
1554295896 727041
1554295896 770329
1554295896 811607
1554295896 854976
1554295896 896544
1554295896 937022
1554295896 979041
1554295897 21968
1554295897 63951
1554295897 105122
1554295897 146564
1554295897 190602
1554295897 232345
1554295897 275232
1554295897 316911
1554295897 360031
1554295897 402877
1554295897 443683
1554295897 484763
1554295897 527146
1554295897 569467
1554295897 612696
1554295897 653952
1554295897 695097
1554295897 736861
1554295897 778850
1554295897 821289
1554295897 864195
1554295897 905975
1554295897 946748
1554295897 990673
1554295898 32582
1554295898 74766
1554295898 115040
1554295898 157486
1554295898 198936
1554295898 242890
1554295898 283700
1554295898 326391
1554295898 367438
1554295898 410520
1554295898 451788
1554295898 493577
1554295898 535321
1554295898 576862
1554295898 618764
1554295898 662460
1554295898 703554
1554295898 745549
1554295898 786583
1554295898 828499
1554295898 872860
1554295898 915365
1554295898 955712
1554295898 996840
1554295899 38850
1554295899 83298
1554295899 124813
1554295899 166448
1554295899 207292
1554295899 249020
1554295899 291792
1554295899 333489
1554295899 375483
1554295899 417190
1554295899 459348
1554295899 501292
1554295899 543290
1554295899 585281
1554295899 627209
1554295899 668724
1554295899 713265
1554295899 754524
1554295899 796854
1554295899 838917
1554295899 882590
1554295899 925085
1554295899 965940
1554295900 8039
1554295900 49099
1554295900 91428
1554295900 134304
1554295900 176208
1554295900 217043
1554295900 259516
1554295900 301504
1554295900 343247
1554295900 388581
1554295900 427573
1554295900 469593
1554295900 512850
1554295900 555031
1554295900 597149
1554295900 637048
1554295900 678550
1554295900 720972
1554295900 764734
1554295900 806330
1554295900 847086
1554295900 889298
1554295900 932423
1554295900 974411
1554295901 15448
1554295901 57241
1554295901 99573
1554295901 141319
1554295901 183540
1554295901 225534
1554295901 267508
1554295901 308838
1554295901 353168
1554295901 394804
1554295901 436310
1554295901 477913
1554295901 518727
1554295901 560950
1554295901 606781
1554295901 646360
1554295901 687417
1554295901 729583
1554295901 772365
1554295901 813962
1554295901 855559
1554295901 898517
1554295901 940452
1554295901 981263
1554295902 23199
1554295902 66142
1554295902 107638
1554295902 148908
1554295902 190673
1554295902 234736
1554295902 277516
1554295902 318638
1554295902 360925
1554295902 405404
1554295902 446615
1554295902 487947
1554295902 528691
1554295902 571386
1554295902 615009
1554295902 655801
1554295902 697350
1554295902 739670
1554295902 780928
1554295902 822833
1554295902 866341
1554295902 907559
1554295902 949384
1554295902 990472
1554295903 34715
1554295903 76459
1554295903 119029
1554295903 167613
1554295903 210562
1554295903 251141
1554295903 293314
1554295903 335795
1554295903 378452
1554295903 419185
1554295903 460968
1554295903 502824
1554295903 545558
1554295903 588113
1554295903 629627
1554295903 670664
1554295903 715695
1554295903 757700
1554295903 798958
1554295903 839553
1554295903 880546
1554295903 925044
1554295903 966434
1554295904 9181
1554295904 51367
1554295904 93097
1554295904 135665
1554295904 178704
1554295904 219352
1554295904 260800
1554295904 303365
1554295904 345630
1554295904 390152
1554295904 429722
1554295904 471463
1554295904 512587
1554295904 556593
1554295904 599211
1554295904 640357
1554295904 683746
1554295904 726453
1554295904 768675
1554295904 809559
1554295904 850969
1554295904 893041
1554295904 935788
1554295904 979357
1554295905 20129
1554295905 61666
1554295905 102787
1554295905 144861
1554295905 187577
1554295905 230313
1554295905 270943
1554295905 312511
1554295905 356528
1554295905 398601
1554295905 441452
1554295905 484478
1554295905 526370
1554295905 568458
1554295905 609625
1554295905 650640
1554295905 693097
1554295905 735214
1554295905 778613
1554295905 819502
1554295905 861184
1554295905 903002
1554295905 944884
1554295905 987631
1554295906 30367
1554295906 71277
1554295906 112597
1554295906 156613
1554295906 198824
1554295906 241224
1554295906 282378
1554295906 323404
1554295906 365308
1554295906 409510
1554295906 449583
1554295906 491144
1554295906 533919
1554295906 574918
1554295906 617464
1554295906 659596
1554295906 701230
1554295906 742877
1554295906 785980
1554295906 827233
1554295906 870010
1554295906 911066
1554295906 952699
1554295906 994728
1554295907 39368
1554295907 79645
1554295907 122706
1554295907 163092
1554295907 205370
1554295907 247986
1554295907 291344
1554295907 331496
1554295907 373676
1554295907 414845
1554295907 457677
1554295907 499251
1554295907 541660
1554295907 583706
1554295907 625311
1554295907 666975
1554295907 709400
1554295907 751365
1554295907 793662
1554295907 834974
1554295907 878540
1554295907 920265
1554295907 962905
1554295908 5318
1554295908 48578
1554295908 90898
1554295908 131623
1554295908 172740
1554295908 214943
1554295908 257057
1554295908 299567
1554295908 342407
1554295908 385265
1554295908 424948
1554295908 466836
1554295908 509391
1554295908 551333
1554295908 593304
1554295908 635184
1554295908 678645
1554295908 720581
1554295908 763038
1554295908 803575
1554295908 845210
1554295908 888711
1554295908 930386
1554295908 972127
1554295909 12805
1554295909 54912
1554295909 96917
1554295909 140284
1554295909 181478
1554295909 223236
1554295909 264840
1554295909 306807
1554295909 349522
1554295909 399479
1554295909 433162
1554295909 474597
1554295909 516623
1554295909 560709
1554295909 603201
1554295909 644969
1554295909 684893
1554295909 727065
1554295909 770899
1554295909 812236
1554295909 853696
1554295909 895716
1554295909 937339
1554295909 980115
1554295910 21560
1554295910 63483
1554295910 104880
1554295910 147970
1554295910 189542
1554295910 230956
1554295910 273064
1554295910 315023
1554295910 356532
1554295910 401355
1554295910 442859
1554295910 484720
1554295910 527096
1554295910 571117
1554295910 613215
1554295910 654110
1554295910 695029
1554295910 736979
1554295910 779251
1554295910 821777
1554295910 866679
1554295910 906210
1554295910 947094
1554295910 988852
1554295911 31279
1554295911 73266
1554295911 115057
1554295911 157403
1554295911 200627
1554295911 243013
1554295911 285902
1554295911 330163
1554295911 373312
1554295911 414009
1554295911 455601
1554295911 496955
1554295911 538782
1554295911 581647
1554295911 623716
1554295911 666019
1554295911 706877
1554295911 748785
1554295911 791554
1554295911 834012
1554295911 875425
1554295911 917066
1554295911 958477
1554295912 3028
1554295912 44867
1554295912 86013
1554295912 126726
1554295912 171356
1554295912 212270
1554295912 254196
1554295912 295454
1554295912 338087
1554295912 379040
1554295912 422666
1554295912 464683
1554295912 505337
1554295912 546858
1554295912 588841
1554295912 631434
1554295912 674862
1554295912 715029
1554295912 756617
1554295912 798539
1554295912 843007
1554295912 885010
1554295912 928257
1554295912 969234
1554295913 12346
1554295913 54509
1554295913 95406
1554295913 137479
1554295913 180426
1554295913 221354
1554295913 264194
1554295913 305556
1554295913 347324
1554295913 390762
1554295913 433527
1554295913 475645
1554295913 517404
1554295913 558511
1554295913 602845
1554295913 645558
1554295913 688000
1554295913 733933
1554295913 774837
1554295913 815324
1554295913 857217
1554295913 899530
1554295913 941738
1554295913 984237
1554295914 25782
1554295914 67681
1554295914 108951
1554295914 151326
1554295914 193481
1554295914 235479
1554295914 277456
1554295914 318539
1554295914 364739
1554295914 405634
1554295914 447389
1554295914 488816
1554295914 528796
1554295914 571174
1554295914 614534
1554295914 655669
1554295914 697312
1554295914 739063
1554295914 780962
1554295914 823592
1554295914 867414
1554295914 907564
1554295914 949988
1554295914 990877
1554295915 34215
1554295915 76091
1554295915 117043
1554295915 158526
1554295915 200525
1554295915 245070
1554295915 286714
1554295915 328569
1554295915 371097
1554295915 414150
1554295915 456327
1554295915 497323
1554295915 539936
1554295915 581046
1554295915 623338
1554295915 665389
1554295915 707385
1554295915 749631
1554295915 791326
1554295915 833454
1554295915 875385
1554295915 917462
1554295915 959118
1554295916 511
1554295916 44761
1554295916 86560
1554295916 129042
1554295916 171095
1554295916 214399
1554295916 256456
1554295916 297479
1554295916 339955
1554295916 380985
1554295916 423400
1554295916 465795
1554295916 507327
1554295916 549618
1554295916 591562
1554295916 632927
1554295916 674970
1554295916 717514
1554295916 759001
1554295916 800465
1554295916 844962
1554295916 887740
1554295916 929057
1554295916 969257
1554295917 11121
1554295917 54417
1554295917 96335
1554295917 138705
1554295917 179370
1554295917 220882
1554295917 262964
1554295917 305734
1554295917 347535
1554295917 390143
1554295917 431075
1554295917 472777
1554295917 515377
1554295917 558100
1554295917 599513
1554295917 641108
1554295917 686179
1554295917 728352
1554295917 768490
1554295917 810098
1554295917 850714
1554295917 894813
1554295917 936964
1554295917 978344
1554295918 19458
1554295918 61226
1554295918 102899
1554295918 146197
1554295918 188045
1554295918 229605
1554295918 271101
1554295918 312742
1554295918 354976
1554295918 400042
1554295918 439070
1554295918 482210
1554295918 522999
1554295918 566998
1554295918 608527
1554295918 651789
1554295918 693200
1554295918 736382
1554295918 778582
1554295918 819430
1554295918 860923
1554295918 903932
1554295918 945666
1554295918 988703
1554295919 29258
1554295919 71092
1554295919 113917
1554295919 155800
1554295919 197801
1554295919 239734
1554295919 281330
1554295919 323009
1554295919 367624
1554295919 409237
1554295919 451193
1554295919 499460
1554295919 541570
1554295919 583119
1554295919 625687
1554295919 667765
1554295919 709475
1554295919 751532
1554295919 792880
1554295919 835410
1554295919 878326
1554295919 919522
1554295919 961407
1554295920 3035
1554295920 47035
1554295920 90051
1554295920 131648
1554295920 171665
1554295920 212770
1554295920 255138
1554295920 298403
1554295920 340354
1554295920 381385
1554295920 423798
1554295920 464885
1554295920 507730
1554295920 550049
1554295920 591218
1554295920 632806
1554295920 675612
1554295920 717277
1554295920 760179
1554295920 801415
1554295920 842868
1554295920 884827
1554295920 929334
1554295920 971415
1554295921 13289
1554295921 55112
1554295921 97799
1554295921 141063
1554295921 181457
1554295921 224055
1554295921 264876
1554295921 307329
1554295921 350186
1554295921 394524
1554295921 432944
1554295921 475445
1554295921 517185
1554295921 558961
1554295921 601391
1554295921 643375
1554295921 684781
1554295921 728817
1554295921 770614
1554295921 812989
1554295921 855130
1554295921 897660
1554295921 940897
1554295921 981533
1554295922 24279
1554295922 64978
1554295922 107167
1554295922 150210
1554295922 192298
1554295922 233296
1554295922 275414
1554295922 317404
1554295922 359544
1554295922 404215
1554295922 443519
1554295922 484912
1554295922 528840
1554295922 571393
1554295922 613260
1554295922 653145
1554295922 694748
1554295922 737067
1554295922 780495
1554295922 822506
1554295922 863423
1554295922 905108
1554295922 946943
1554295922 990408
1554295923 31535
1554295923 74475
1554295923 114791
1554295923 156854
1554295923 199476
1554295923 241562
1554295923 283767
1554295923 325450
1554295923 366759
1554295923 411128
1554295923 453331
1554295923 495529
1554295923 536946
1554295923 580983
1554295923 622409
1554295923 663592
1554295923 705290
1554295923 749532
1554295923 789564
1554295923 832285
1554295923 874797
1554295923 916316
1554295923 957066
1554295923 998832
1554295924 41209
1554295924 84434
1554295924 125380
1554295924 166906
1554295924 210835
1554295924 253216
1554295924 294709
1554295924 337100
1554295924 379815
1554295924 423567
1554295924 463614
1554295924 506436
1554295924 546997
1554295924 590346
1554295924 631477
1554295924 674062
1554295924 715037
1554295924 757095
1554295924 799049
1554295924 842247
1554295924 884721
1554295924 925414
1554295924 966646
1554295925 10969
1554295925 52810
1554295925 95301
1554295925 135318
1554295925 176629
1554295925 218997
1554295925 262397
1554295925 303996
1554295925 345309
1554295925 387217
1554295925 429731
1554295925 471593
1554295925 513551
1554295925 555181
1554295925 596836
1554295925 638740
1554295925 682697
1554295925 723895
1554295925 764943
1554295925 806861
1554295925 848741
1554295925 893352
1554295925 935544
1554295925 975689
1554295926 16678
1554295926 58969
1554295926 102808
1554295926 144229
1554295926 186232
1554295926 227334
1554295926 268852
1554295926 311538
1554295926 353659
1554295926 395532
1554295926 437691
1554295926 478523
1554295926 521204
1554295926 563524
1554295926 605704
1554295926 647192
1554295926 692834
1554295926 732741
1554295926 774554
1554295926 816478
1554295926 858970
1554295926 902503
1554295926 945509
1554295926 985527
1554295927 27042
1554295927 69008
1554295927 111123
1554295927 153743
1554295927 196729
1554295927 237041
1554295927 278882
1554295927 321140
1554295927 363515
1554295927 412439
1554295927 446999
1554295927 489359
1554295927 532930
1554295927 574826
1554295927 616686
1554295927 656915
1554295927 698595
1554295927 742644
1554295927 784501
1554295927 825414
1554295927 867206
1554295927 908872
1554295927 952388
1554295927 994803
1554295928 35505
1554295928 77183
1554295928 118896
1554295928 160719
1554295928 203981
1554295928 246393
1554295928 286979
1554295928 328772
1554295928 374077
1554295928 416269
1554295928 456565
1554295928 498778
1554295928 539200
1554295928 581098
1554295928 624590
1554295928 666504
1554295928 707445
1554295928 749193
1554295928 791581
1554295928 834137
1554295928 876352
1554295928 920185
1554295928 960142
1554295929 879
1554295929 44404
1554295929 85611
1554295929 127685
1554295929 169480
1554295929 210899
1554295929 254907
1554295929 296668
1554295929 338618
1554295929 380889
1554295929 424138
1554295929 467212
1554295929 508298
1554295929 550288
1554295929 590917
1554295929 633128
1554295929 676191
1554295929 717470
1554295929 759681
1554295929 801395
1554295929 843456
1554295929 886248
1554295929 927684
1554295929 969216
1554295930 10743
1554295930 55187
1554295930 97554
1554295930 137032
1554295930 184198
1554295930 226371
1554295930 270663
1554295930 309214
1554295930 350812
1554295930 393334
1554295930 435517
1554295930 477491
1554295930 519293
1554295930 561053
1554295930 604278
1554295930 645731
1554295930 688172
1554295930 729291
1554295930 770721
1554295930 815400
1554295930 856993
1554295930 898839
1554295930 939691
1554295930 980945
1554295931 23078
1554295931 66852
1554295931 108571
1554295931 149577
1554295931 191245
1554295931 232796
1554295931 275717
1554295931 317420
1554295931 359922
1554295931 400824
1554295931 443342
1554295931 486189
1554295931 527612
1554295931 569093
1554295931 611275
1554295931 652680
1554295931 696707
1554295931 738438
1554295931 780845
1554295931 822958
1554295931 867298
1554295931 908459
1554295931 949384
1554295931 991326
1554295932 32833
1554295932 75271
1554295932 118249
1554295932 160108
1554295932 202058
1554295932 243156
1554295932 285344
1554295932 327700
1554295932 370649
1554295932 411417
1554295932 453051
1554295932 496735
1554295932 538689
1554295932 582839
1554295932 626017
1554295932 669038
1554295932 709346
1554295932 751102
1554295932 792975
1554295932 836660
1554295932 879272
1554295932 922541
1554295932 963599
1554295933 5523
1554295933 47255
1554295933 89803
1554295933 131801
1554295933 172675
1554295933 216690
1554295933 258741
1554295933 301325
1554295933 341179
1554295933 383544
1554295933 425354
1554295933 468817
1554295933 509463
1554295933 551546
1554295933 593034
1554295933 635633
1554295933 677564
1554295933 719420
1554295933 761126
1554295933 803153
1554295933 845480
1554295933 888478
1554295933 929950
1554295933 971200
1554295934 12698
1554295934 54460
1554295934 98784
1554295934 141277
1554295934 182484
1554295934 222570
1554295934 265053
1554295934 308640
1554295934 350320
1554295934 392205
1554295934 433297
1554295934 475033
1554295934 517496
1554295934 559505
