1554295892 523036
1554295892 563583
1554295892 605446
1554295892 648183
1554295892 689784
1554295892 731224
1554295892 773079
1554295892 814792
1554295892 857548
1554295892 900298
1554295892 941367
1554295892 982518
1554295893 24366
1554295893 68642
1554295893 109999
1554295893 152122
1554295893 194746
1554295893 238287
1554295893 280325
1554295893 321108
1554295893 363598
1554295893 407252
1554295893 447622
1554295893 489208
1554295893 531280
1554295893 572956
1554295893 614586
1554295893 658475
1554295893 699483
1554295893 741281
1554295893 782406
1554295893 824397
1554295893 869177
1554295893 910176
1554295893 952108
1554295893 994780
1554295894 37736
1554295894 80854
1554295894 121258
1554295894 164272
1554295894 205151
1554295894 247047
1554295894 290075
1554295894 332251
1554295894 375028
1554295894 415302
1554295894 456773
1554295894 499205
1554295894 541238
1554295894 583496
1554295894 624449
1554295894 669095
1554295894 710901
1554295894 752665
1554295894 794630
1554295894 837680
1554295894 881006
1554295894 921580
1554295894 964596
1554295895 5112
1554295895 47118
1554295895 89653
1554295895 131432
1554295895 173537
1554295895 215219
1554295895 256720
1554295895 299260
1554295895 342142
1554295895 384737
1554295895 424419
1554295895 470461
1554295895 510952
1554295895 552470
1554295895 593390
1554295895 634392
1554295895 676940
1554295895 720116
1554295895 763064
1554295895 803488
1554295895 845244
1554295895 886956
1554295895 930237
1554295895 973748
1554295896 13788
1554295896 54612
1554295896 97208
1554295896 139453
1554295896 182008
1554295896 222960
1554295896 264987
1554295896 306418
1554295896 350644
1554295896 391600
1554295896 434613
1554295896 474364
1554295896 517373
1554295896 559768
1554295896 602648
1554295896 643623
1554295896 684696
1554295896 726910
1554295896 770206
1554295896 811477
1554295896 854852
1554295896 896412
1554295896 936894
1554295896 978915
1554295897 21750
1554295897 63479
1554295897 105001
1554295897 146444
1554295897 190480
1554295897 232225
1554295897 275105
1554295897 316782
1554295897 359747
1554295897 402681
1554295897 443551
1554295897 484635
1554295897 527017
1554295897 569342
1554295897 612569
1554295897 653713
1554295897 694971
1554295897 736731
1554295897 778718
1554295897 821166
1554295897 864053
1554295897 905658
1554295897 946628
1554295897 990540
1554295898 33886
1554295898 74176
1554295898 114625
1554295898 157352
1554295898 198804
1554295898 242760
1554295898 283565
1554295898 326047
1554295898 367304
1554295898 410360
1554295898 451668
1554295898 493448
1554295898 535192
1554295898 576733
1554295898 618635
1554295898 662330
1554295898 703425
1554295898 745423
1554295898 786462
1554295898 828381
1554295898 872740
1554295898 914951
1554295898 955295
1554295898 996711
1554295899 38716
1554295899 83142
1554295899 124690
1554295899 166314
1554295899 207167
1554295899 248893
1554295899 291659
1554295899 333366
1554295899 375358
1554295899 416933
1554295899 459227
1554295899 501132
1554295899 542990
1554295899 585157
1554295899 627088
1554295899 668602
1554295899 713139
1554295899 753785
1554295899 796736
1554295899 838788
1554295899 882456
1554295899 924944
1554295899 965701
1554295900 7895
1554295900 48972
1554295900 91306
1554295900 134176
1554295900 176078
1554295900 216914
1554295900 259388
1554295900 301377
1554295900 342947
1554295900 388459
1554295900 427451
1554295900 469471
1554295900 512723
1554295900 554910
1554295900 597027
1554295900 636926
1554295900 678430
1554295900 720843
1554295900 764604
1554295900 806198
1554295900 846955
1554295900 889172
1554295900 932239
1554295900 974287
1554295901 15322
1554295901 57114
1554295901 99447
1554295901 140874
1554295901 183409
1554295901 225406
1554295901 267387
1554295901 308718
1554295901 353032
1554295901 394679
1554295901 435744
1554295901 477717
1554295901 518516
1554295901 560819
1554295901 606650
1554295901 646229
1554295901 687286
1554295901 729451
1554295901 771534
1554295901 813707
1554295901 855426
1554295901 898387
1554295901 940325
1554295901 981017
1554295902 23059
1554295902 65715
1554295902 107509
1554295902 148782
1554295902 190554
1554295902 234614
1554295902 277393
1554295902 318514
1554295902 360797
1554295902 405272
1554295902 446490
1554295902 487729
1554295902 528559
1554295902 571250
1554295902 614877
1554295902 655674
1554295902 697223
1554295902 739542
1554295902 780801
1554295902 822705
1554295902 866197
1554295902 907432
1554295902 949255
1554295902 990350
1554295903 34591
1554295903 76338
1554295903 118905
1554295903 167478
1554295903 210434
1554295903 251007
1554295903 293152
1554295903 335661
1554295903 378320
1554295903 419058
1554295903 460837
1554295903 502692
1554295903 545433
1554295903 587979
1554295903 629504
1554295903 670538
1554295903 712384
1554295903 756590
1554295903 798544
1554295903 839430
1554295903 880419
1554295903 924038
1554295903 966295
1554295904 9051
1554295904 51242
1554295904 92966
1554295904 135536
1554295904 178576
1554295904 219221
1554295904 260671
1554295904 303205
1554295904 345507
1554295904 390020
1554295904 429602
1554295904 471341
1554295904 512461
1554295904 556471
1554295904 598796
1554295904 640236
1554295904 683619
1554295904 726320
1554295904 768535
1554295904 809432
1554295904 850843
1554295904 892909
1554295904 935569
1554295904 978989
1554295905 19978
1554295905 61538
1554295905 102660
1554295905 144730
1554295905 187453
1554295905 230189
1554295905 270826
1554295905 312392
1554295905 356408
1554295905 398477
1554295905 441302
1554295905 484350
1554295905 526240
1554295905 568323
1554295905 609492
1554295905 650514
1554295905 692968
1554295905 735080
1554295905 778486
1554295905 819374
1554295905 861055
1554295905 902872
1554295905 944757
1554295905 987506
1554295906 30180
1554295906 71154
1554295906 112471
1554295906 157650
1554295906 198700
1554295906 240637
1554295906 282218
1554295906 323259
1554295906 365173
1554295906 409384
1554295906 449452
1554295906 491016
1554295906 533712
1554295906 574789
1554295906 617336
1554295906 659466
1554295906 701103
1554295906 742750
1554295906 785704
1554295906 827111
1554295906 869593
1554295906 910946
1554295906 952576
1554295906 994606
1554295907 39248
1554295907 79524
1554295907 122302
1554295907 162942
1554295907 205239
1554295907 247750
1554295907 291212
1554295907 331367
1554295907 373542
1554295907 414720
1554295907 457452
1554295907 499129
1554295907 541536
1554295907 583584
1554295907 625183
1554295907 666848
1554295907 709275
1554295907 751244
1554295907 793538
1554295907 834851
1554295907 878419
1554295907 920142
1554295907 962780
1554295908 5186
1554295908 48444
1554295908 90772
1554295908 131493
1554295908 172609
1554295908 214812
1554295908 256925
1554295908 299438
1554295908 342273
1554295908 385133
1554295908 424821
1554295908 466707
1554295908 509266
1554295908 551211
1554295908 593180
1554295908 635057
1554295908 678515
1554295908 720460
1554295908 762620
1554295908 803451
1554295908 845046
1554295908 888579
1554295908 930251
1554295908 971974
1554295909 12674
1554295909 54776
1554295909 96793
1554295909 140149
1554295909 181350
1554295909 223110
1554295909 264712
1554295909 306681
1554295909 349395
1554295909 399357
1554295909 433035
1554295909 474480
1554295909 516502
1554295909 560585
1554295909 602222
1554295909 644821
1554295909 684765
1554295909 726930
1554295909 770762
1554295909 812101
1554295909 853570
1554295909 895585
1554295909 937206
1554295909 979965
1554295910 21430
1554295910 63358
1554295910 104753
1554295910 147737
1554295910 189259
1554295910 230827
1554295910 272935
1554295910 314901
1554295910 356415
1554295910 401235
1554295910 442732
1554295910 484599
1554295910 526970
1554295910 570946
1554295910 612489
1554295910 653962
1554295910 694902
1554295910 736849
1554295910 779126
1554295910 821649
1554295910 865660
1554295910 906084
1554295910 946964
1554295910 988725
1554295911 31157
1554295911 73144
1554295911 114937
1554295911 157280
1554295911 200503
1554295911 242891
1554295911 285674
1554295911 330010
1554295911 373178
1554295911 413768
1554295911 455470
1554295911 496827
1554295911 538661
1554295911 581523
1554295911 623588
1554295911 665773
1554295911 706754
1554295911 748655
1554295911 791426
1554295911 833749
1554295911 875302
1554295911 916939
1554295911 958356
1554295912 2907
1554295912 44329
1554295912 85770
1554295912 126605
1554295912 171163
1554295912 211739
1554295912 254067
1554295912 295324
1554295912 337898
1554295912 378901
1554295912 422363
1554295912 464545
1554295912 505206
1554295912 546731
1554295912 588712
1554295912 631306
1554295912 674736
1554295912 714914
1554295912 756496
1554295912 798412
1554295912 842882
1554295912 884890
1554295912 927792
1554295912 969103
1554295913 12218
1554295913 54383
1554295913 95276
1554295913 137347
1554295913 179969
1554295913 221136
1554295913 264048
1554295913 305427
1554295913 347192
1554295913 390635
1554295913 433403
1554295913 475315
1554295913 517249
1554295913 558386
1554295913 602720
1554295913 645440
1554295913 687748
1554295913 733682
1554295913 774706
1554295913 815195
1554295913 857086
1554295913 899398
1554295913 941585
1554295913 984096
1554295914 25653
1554295914 67553
1554295914 108822
1554295914 151199
1554295914 193354
1554295914 235355
1554295914 277331
1554295914 318413
1554295914 360337
1554295914 406948
1554295914 447271
1554295914 488603
1554295914 528678
1554295914 571044
1554295914 614405
1554295914 655537
1554295914 697183
1554295914 738932
1554295914 780831
1554295914 823463
1554295914 865097
1554295914 907433
1554295914 949755
1554295914 990750
1554295915 34092
1554295915 75940
1554295915 116920
1554295915 158401
1554295915 200407
1554295915 244948
1554295915 286593
1554295915 328448
1554295915 370962
1554295915 414014
1554295915 456199
1554295915 497190
1554295915 539698
1554295915 580911
1554295915 623206
1554295915 665270
1554295915 707261
1554295915 749497
1554295915 791195
1554295915 833321
1554295915 875235
1554295915 917336
1554295915 958993
1554295916 387
1554295916 44640
1554295916 86437
1554295916 128921
1554295916 170964
1554295916 214271
1554295916 256328
1554295916 297343
1554295916 339721
1554295916 380853
1554295916 423275
1554295916 465665
1554295916 507201
1554295916 549487
1554295916 591433
1554295916 632801
1554295916 674843
1554295916 717385
1554295916 758878
1554295916 800342
1554295916 844837
1554295916 887614
1554295916 928931
1554295916 969136
1554295917 10764
1554295917 53226
1554295917 96206
1554295917 138577
1554295917 179239
1554295917 220754
1554295917 262839
1554295917 305608
1554295917 347401
1554295917 389986
1554295917 430945
1554295917 472645
1554295917 515253
1554295917 557958
1554295917 599393
1554295917 640985
1554295917 682750
1554295917 726924
1554295917 767977
1554295917 809963
1554295917 850590
1554295917 893805
1554295917 936832
1554295917 978203
1554295918 19328
1554295918 61100
1554295918 102773
1554295918 145739
1554295918 187802
1554295918 229476
1554295918 270971
1554295918 312615
1554295918 354850
1554295918 398083
1554295918 438953
1554295918 482017
1554295918 522875
1554295918 566880
1554295918 608408
1554295918 651647
1554295918 693071
1554295918 736253
1554295918 778450
1554295918 819300
1554295918 860791
1554295918 903718
1554295918 945540
1554295918 988572
1554295919 29130
1554295919 70963
1554295919 113688
1554295919 155643
1554295919 198861
1554295919 239315
1554295919 280916
1554295919 322887
1554295919 367166
1554295919 409117
1554295919 451070
1554295919 499328
1554295919 541440
1554295919 582986
1554295919 625564
1554295919 667632
1554295919 709347
1554295919 751404
1554295919 792754
1554295919 835263
1554295919 878203
1554295919 919388
1554295919 961283
1554295920 2913
1554295920 48350
1554295920 88673
1554295920 131238
1554295920 171545
1554295920 212617
1554295920 255009
1554295920 298234
1554295920 340229
1554295920 381256
1554295920 423666
1554295920 464756
1554295920 507605
1554295920 549794
1554295920 591092
1554295920 632685
1554295920 675459
1554295920 717153
1554295920 759772
1554295920 801292
1554295920 842748
1554295920 884705
1554295920 929210
1554295920 971001
1554295921 13169
1554295921 54982
1554295921 97670
1554295921 140931
1554295921 181324
1554295921 223791
1554295921 264746
1554295921 307112
1554295921 350052
1554295921 394362
1554295921 432818
1554295921 475306
1554295921 516856
1554295921 558830
1554295921 601266
1554295921 643251
1554295921 684661
1554295921 728695
1554295921 770494
1554295921 812870
1554295921 854996
1554295921 896797
1554295921 940772
1554295921 981398
1554295922 24103
1554295922 64850
1554295922 107006
1554295922 150077
1554295922 192108
1554295922 233166
1554295922 275288
1554295922 317248
1554295922 359415
1554295922 404083
1554295922 443396
1554295922 484795
1554295922 528705
1554295922 571267
1554295922 612839
1554295922 652731
1554295922 694620
1554295922 736936
1554295922 780365
1554295922 822366
1554295922 863296
1554295922 904979
1554295922 946816
1554295922 990277
1554295923 31410
1554295923 74342
1554295923 114666
1554295923 156727
1554295923 199335
1554295923 241441
1554295923 283649
1554295923 325327
1554295923 366637
1554295923 411006
1554295923 452767
1554295923 495410
1554295923 536816
1554295923 580848
1554295923 622283
1554295923 663467
1554295923 705159
1554295923 749408
1554295923 789441
1554295923 832154
1554295923 874670
1554295923 916186
1554295923 956938
1554295923 998703
1554295924 41084
1554295924 84311
1554295924 125257
1554295924 166702
1554295924 210717
1554295924 252958
1554295924 294588
1554295924 336970
1554295924 379678
1554295924 423440
1554295924 463486
1554295924 506307
1554295924 546867
1554295924 590181
1554295924 631350
1554295924 673919
1554295924 714910
1554295924 756966
1554295924 798922
1554295924 842104
1554295924 884593
1554295924 925292
1554295924 966521
1554295925 10848
1554295925 52684
1554295925 94876
1554295925 134901
1554295925 176505
1554295925 218868
1554295925 262267
1554295925 303757
1554295925 345110
1554295925 387086
1554295925 429578
1554295925 471465
1554295925 513423
1554295925 555052
1554295925 596711
1554295925 638610
1554295925 682571
1554295925 723692
1554295925 764817
1554295925 806733
1554295925 848618
1554295925 895383
1554295925 935122
1554295925 975275
1554295926 16524
1554295926 58839
1554295926 102671
1554295926 144078
1554295926 186011
1554295926 227205
1554295926 268724
1554295926 311413
1554295926 353531
1554295926 395402
1554295926 437573
1554295926 478402
1554295926 520865
1554295926 563396
1554295926 605573
1554295926 647072
1554295926 689433
1554295926 732618
1554295926 774429
1554295926 816358
1554295926 858840
1554295926 902371
1554295926 945379
1554295926 985391
1554295927 26911
1554295927 68878
1554295927 110994
1554295927 153619
1554295927 196596
1554295927 236916
1554295927 278757
1554295927 320816
1554295927 363389
1554295927 412302
1554295927 446876
1554295927 489236
1554295927 532802
1554295927 574608
1554295927 616121
1554295927 656793
1554295927 698475
1554295927 742510
1554295927 784366
1554295927 825290
1554295927 867078
1554295927 908751
1554295927 952204
1554295927 994672
1554295928 35375
1554295928 77052
1554295928 118767
1554295928 160594
1554295928 203755
1554295928 246251
1554295928 286857
1554295928 328652
1554295928 370698
1554295928 414792
1554295928 455959
1554295928 498022
1554295928 539079
1554295928 580966
1554295928 624437
1554295928 666376
1554295928 707320
1554295928 749061
1554295928 791457
1554295928 833988
1554295928 876220
1554295928 920054
1554295928 959989
1554295929 753
1554295929 44274
1554295929 85487
1554295929 127560
1554295929 169358
1554295929 210779
1554295929 254789
1554295929 296243
1554295929 338499
1554295929 380762
1554295929 423936
1554295929 467065
1554295929 508168
1554295929 550120
1554295929 590782
1554295929 633006
1554295929 676051
1554295929 717341
1554295929 759558
1554295929 801266
1554295929 843297
1554295929 885765
1554295929 927558
1554295929 969092
1554295930 10622
1554295930 55068
1554295930 97436
1554295930 136912
1554295930 183006
1554295930 226243
1554295930 270540
1554295930 309086
1554295930 350688
1554295930 393171
1554295930 435385
1554295930 477360
1554295930 519163
1554295930 560923
1554295930 604149
1554295930 645381
1554295930 687969
1554295930 729169
1554295930 770603
1554295930 816692
1554295930 856874
1554295930 897804
1554295930 939571
1554295930 980818
1554295931 22949
1554295931 66720
1554295931 108405
1554295931 149450
1554295931 191105
1554295931 232662
1554295931 275592
1554295931 317297
1554295931 359709
1554295931 400696
1554295931 443184
1554295931 485743
1554295931 527490
1554295931 568975
1554295931 611152
1554295931 652558
1554295931 696585
1554295931 738318
1554295931 780721
1554295931 822826
1554295931 867169
1554295931 908332
1554295931 949257
1554295931 991190
1554295932 32702
1554295932 75049
1554295932 118124
1554295932 159961
1554295932 201493
1554295932 243029
1554295932 285217
1554295932 327330
1554295932 370525
1554295932 411291
1554295932 452926
1554295932 496609
1554295932 538565
1554295932 582694
1554295932 625692
1554295932 668910
1554295932 709214
1554295932 750974
1554295932 792844
1554295932 836525
1554295932 879135
1554295932 920681
1554295932 963471
1554295933 5391
1554295933 47132
1554295933 89467
1554295933 131676
1554295933 172556
1554295933 217678
1554295933 258620
1554295933 300907
1554295933 340756
1554295933 383418
1554295933 425226
1554295933 468685
1554295933 509329
1554295933 551414
1554295933 592901
1554295933 635197
1554295933 677431
1554295933 719291
1554295933 761000
1554295933 803030
1554295933 845125
1554295933 888130
1554295933 929750
1554295933 971084
1554295934 12577
1554295934 54339
1554295934 98660
1554295934 140860
1554295934 182360
1554295934 222449
1554295934 264924
1554295934 308151
1554295934 350183
1554295934 392057
1554295934 433167
1554295934 474905
1554295934 517364
1554295934 559310
