1554295892 527996
1554295892 564125
1554295892 605812
1554295892 648566
1554295892 690261
1554295892 731612
1554295892 773468
1554295892 815421
1554295892 858359
1554295892 900658
1554295892 941734
1554295892 982892
1554295893 26963
1554295893 68882
1554295893 112146
1554295893 152534
1554295893 195138
1554295893 238716
1554295893 280794
1554295893 321499
1554295893 364209
1554295893 407632
1554295893 448104
1554295893 489597
1554295893 531666
1554295893 573351
1554295893 614972
1554295893 658847
1554295893 699957
1554295893 741644
1554295893 782773
1554295893 824768
1554295893 869570
1554295893 911958
1554295893 952484
1554295893 995167
1554295894 38304
1554295894 81245
1554295894 122173
1554295894 164681
1554295894 205541
1554295894 247532
1554295894 290469
1554295894 332692
1554295894 375408
1554295894 415687
1554295894 457160
1554295894 499798
1554295894 541913
1554295894 583980
1554295894 624816
1554295894 669486
1554295894 711271
1554295894 753032
1554295894 795052
1554295894 838306
1554295894 881399
1554295894 923158
1554295894 965000
1554295895 5502
1554295895 47507
1554295895 90171
1554295895 133317
1554295895 174051
1554295895 215606
1554295895 257110
1554295895 299992
1554295895 342563
1554295895 385108
1554295895 424784
1554295895 468955
1554295895 511319
1554295895 553693
1554295895 593946
1554295895 634796
1554295895 678663
1554295895 720542
1554295895 763498
1554295895 804156
1554295895 845632
1554295895 888459
1554295895 932812
1554295895 974844
1554295896 14362
1554295896 55000
1554295896 97627
1554295896 140181
1554295896 182391
1554295896 223329
1554295896 265349
1554295896 306783
1554295896 351934
1554295896 392963
1554295896 435018
1554295896 474762
1554295896 518700
1554295896 560593
1554295896 603156
1554295896 644284
1554295896 685088
1554295896 727302
1554295896 770602
1554295896 811978
1554295896 855241
1554295896 896807
1554295896 937278
1554295896 979297
1554295897 22498
1554295897 64266
1554295897 105368
1554295897 146808
1554295897 190850
1554295897 232588
1554295897 275512
1554295897 317171
1554295897 360316
1554295897 403143
1554295897 444088
1554295897 486194
1554295897 527409
1554295897 570137
1554295897 612990
1554295897 654226
1554295897 695356
1554295897 737120
1554295897 779115
1554295897 821785
1554295897 864996
1554295897 906327
1554295897 946992
1554295897 990920
1554295898 32828
1554295898 75589
1554295898 116029
1554295898 157746
1554295898 200101
1554295898 243152
1554295898 284070
1554295898 326651
1554295898 367702
1554295898 410779
1554295898 452168
1554295898 493919
1554295898 535580
1554295898 577116
1554295898 619239
1554295898 662709
1554295898 703803
1554295898 745797
1554295898 786828
1554295898 828753
1554295898 872987
1554295898 916530
1554295898 956865
1554295898 997118
1554295899 39113
1554295899 83632
1554295899 125068
1554295899 166806
1554295899 207550
1554295899 249272
1554295899 292200
1554295899 333738
1554295899 375793
1554295899 417461
1554295899 459592
1554295899 501564
1554295899 543572
1554295899 585744
1554295899 627452
1554295899 668971
1554295899 713517
1554295899 755333
1554295899 797098
1554295899 839174
1554295899 883227
1554295899 925349
1554295899 966854
1554295900 8295
1554295900 49365
1554295900 91790
1554295900 134562
1554295900 176472
1554295900 217299
1554295900 259799
1554295900 301767
1554295900 343523
1554295900 392577
1554295900 427916
1554295900 473053
1554295900 513097
1554295900 555275
1554295900 597392
1554295900 637296
1554295900 679029
1554295900 722628
1554295900 765003
1554295900 806590
1554295900 847343
1554295900 889557
1554295900 932790
1554295900 975023
1554295901 15709
1554295901 57500
1554295901 99997
1554295901 141599
1554295901 184185
1554295901 225779
1554295901 267754
1554295901 309080
1554295901 353413
1554295901 395144
1554295901 437252
1554295901 478176
1554295901 519017
1554295901 561216
1554295901 607047
1554295901 646614
1554295901 687734
1554295901 729927
1554295901 772907
1554295901 814239
1554295901 857599
1554295901 898773
1554295901 940707
1554295901 981529
1554295902 23690
1554295902 66424
1554295902 108018
1554295902 149165
1554295902 190918
1554295902 234984
1554295902 277797
1554295902 318886
1554295902 361190
1554295902 405668
1554295902 446869
1554295902 488298
1554295902 530530
1554295902 571658
1554295902 615267
1554295902 656163
1554295902 697611
1554295902 740069
1554295902 781190
1554295902 823324
1554295902 866816
1554295902 907810
1554295902 949632
1554295902 990720
1554295903 34962
1554295903 76704
1554295903 119343
1554295903 167991
1554295903 210827
1554295903 251405
1554295903 293562
1554295903 336208
1554295903 378721
1554295903 419445
1554295903 461230
1554295903 503341
1554295903 546169
1554295903 588365
1554295903 629984
1554295903 670913
1554295903 714913
1554295903 756834
1554295903 799776
1554295903 839798
1554295903 880824
1554295903 925482
1554295903 966692
1554295904 9440
1554295904 51627
1554295904 93350
1554295904 136038
1554295904 178967
1554295904 219610
1554295904 261055
1554295904 303629
1554295904 346253
1554295904 390397
1554295904 430077
1554295904 471731
1554295904 512835
1554295904 556847
1554295904 600345
1554295904 640603
1554295904 684191
1554295904 727091
1554295904 768941
1554295904 809944
1554295904 851233
1554295904 893304
1554295904 936411
1554295904 979626
1554295905 20435
1554295905 62044
1554295905 103040
1554295905 145122
1554295905 188184
1554295905 230558
1554295905 271189
1554295905 312760
1554295905 356772
1554295905 398849
1554295905 442124
1554295905 485593
1554295905 526631
1554295905 568726
1554295905 610048
1554295905 652529
1554295905 693359
1554295905 735466
1554295905 779109
1554295905 819939
1554295905 861442
1554295905 903264
1554295905 945493
1554295905 988258
1554295906 30620
1554295906 71521
1554295906 112840
1554295906 156874
1554295906 199064
1554295906 242697
1554295906 282656
1554295906 323668
1554295906 366463
1554295906 409766
1554295906 449957
1554295906 491402
1554295906 534226
1554295906 575177
1554295906 617723
1554295906 659935
1554295906 701488
1554295906 743130
1554295906 786269
1554295906 827725
1554295906 870449
1554295906 911310
1554295906 952947
1554295906 998610
1554295907 39614
1554295907 80745
1554295907 122962
1554295907 163347
1554295907 205632
1554295907 248636
1554295907 291607
1554295907 331754
1554295907 374047
1554295907 415110
1554295907 458128
1554295907 499498
1554295907 542021
1554295907 584129
1554295907 625566
1554295907 667231
1554295907 709958
1554295907 751909
1554295907 794027
1554295907 835221
1554295907 878782
1554295907 920513
1554295907 963155
1554295908 5584
1554295908 49186
1554295908 91168
1554295908 131966
1554295908 174674
1554295908 215205
1554295908 257306
1554295908 299912
1554295908 342664
1554295908 385517
1554295908 425205
1554295908 467094
1554295908 509969
1554295908 551795
1554295908 593552
1554295908 635435
1554295908 678891
1554295908 720824
1554295908 764013
1554295908 804010
1554295908 845473
1554295908 889048
1554295908 930651
1554295908 972401
1554295909 13064
1554295909 55175
1554295909 97482
1554295909 140540
1554295909 181734
1554295909 223499
1554295909 265105
1554295909 307323
1554295909 350123
1554295909 399724
1554295909 433404
1554295909 474846
1554295909 520248
1554295909 560830
1554295909 604188
1554295909 645227
1554295909 685173
1554295909 727326
1554295909 771162
1554295909 812574
1554295909 854101
1554295909 896117
1554295909 938917
1554295909 980374
1554295910 22085
1554295910 63790
1554295910 105132
1554295910 148351
1554295910 190140
1554295910 231212
1554295910 273323
1554295910 315270
1554295910 356776
1554295910 401479
1554295910 443109
1554295910 484963
1554295910 527359
1554295910 571399
1554295910 613492
1554295910 654366
1554295910 695290
1554295910 737234
1554295910 779605
1554295910 822303
1554295910 868385
1554295910 906470
1554295910 947347
1554295910 989431
1554295911 31750
1554295911 73733
1554295911 115302
1554295911 157711
1554295911 200873
1554295911 243252
1554295911 286197
1554295911 330427
1554295911 373614
1554295911 414288
1554295911 455978
1554295911 497217
1554295911 539372
1554295911 582021
1554295911 624155
1554295911 666349
1554295911 707131
1554295911 749382
1554295911 792149
1554295911 834288
1554295911 875674
1554295911 917312
1554295911 960894
1554295912 3271
1554295912 45682
1554295912 86283
1554295912 127002
1554295912 171618
1554295912 212581
1554295912 254452
1554295912 295759
1554295912 338432
1554295912 379303
1554295912 422940
1554295912 465060
1554295912 505596
1554295912 547117
1554295912 589401
1554295912 632046
1554295912 675112
1554295912 715272
1554295912 756866
1554295912 798787
1554295912 843252
1554295912 885255
1554295912 928531
1554295912 969496
1554295913 12977
1554295913 54777
1554295913 95670
1554295913 137732
1554295913 180721
1554295913 221621
1554295913 264456
1554295913 305939
1554295913 347589
1554295913 391022
1554295913 434149
1554295913 476007
1554295913 517718
1554295913 558756
1554295913 603095
1554295913 645905
1554295913 688266
1554295913 734220
1554295913 775102
1554295913 815585
1554295913 857475
1554295913 899787
1554295913 942513
1554295913 984504
1554295914 26369
1554295914 68087
1554295914 109220
1554295914 151782
1554295914 194082
1554295914 235725
1554295914 277700
1554295914 318783
1554295914 363214
1554295914 405960
1554295914 447633
1554295914 489331
1554295914 529276
1554295914 572764
1554295914 614794
1554295914 656064
1554295914 697565
1554295914 739320
1554295914 781215
1554295914 823926
1554295914 868649
1554295914 907988
1554295914 950268
1554295914 991140
1554295915 34532
1554295915 76335
1554295915 117292
1554295915 158768
1554295915 200770
1554295915 246891
1554295915 287461
1554295915 328857
1554295915 371362
1554295915 414778
1554295915 456588
1554295915 497581
1554295915 540227
1554295915 581315
1554295915 623587
1554295915 665640
1554295915 707642
1554295915 750013
1554295915 791587
1554295915 833714
1554295915 875639
1554295915 917710
1554295915 959369
1554295916 754
1554295916 45006
1554295916 87601
1554295916 129319
1554295916 171355
1554295916 214660
1554295916 256716
1554295916 298511
1554295916 340316
1554295916 381253
1554295916 423753
1554295916 466194
1554295916 507585
1554295916 550032
1554295916 591927
1554295916 633418
1554295916 675421
1554295916 717761
1554295916 759247
1554295916 800710
1554295916 845211
1554295916 888125
1554295916 929302
1554295916 969504
1554295917 11435
1554295917 54693
1554295917 96594
1554295917 138967
1554295917 179638
1554295917 221137
1554295917 263527
1554295917 306123
1554295917 347977
1554295917 390402
1554295917 431337
1554295917 473364
1554295917 515968
1554295917 558406
1554295917 599760
1554295917 641352
1554295917 685256
1554295917 727261
1554295917 769313
1554295917 810343
1554295917 850956
1554295917 895087
1554295917 937223
1554295917 978679
1554295918 19721
1554295918 61481
1554295918 103167
1554295918 146874
1554295918 188306
1554295918 229949
1554295918 271411
1554295918 313003
1554295918 355233
1554295918 400301
1554295918 439321
1554295918 482455
1554295918 523240
1554295918 567242
1554295918 608775
1554295918 652381
1554295918 693469
1554295918 736981
1554295918 778852
1554295918 819690
1554295918 861182
1554295918 904257
1554295918 946392
1554295918 989049
1554295919 29516
1554295919 71428
1554295919 114383
1554295919 156177
1554295919 198726
1554295919 240837
1554295919 282801
1554295919 323254
1554295919 368750
1554295919 409480
1554295919 451438
1554295919 499720
1554295919 541960
1554295919 583385
1554295919 626428
1554295919 668185
1554295919 709919
1554295919 751936
1554295919 793136
1554295919 835683
1554295919 878828
1554295919 919769
1554295919 962048
1554295920 3278
1554295920 47293
1554295920 88988
1554295920 132940
1554295920 172058
1554295920 213023
1554295920 256469
1554295920 298654
1554295920 340745
1554295920 381650
1554295920 424237
1554295920 465148
1554295920 508098
1554295920 550427
1554295920 591471
1554295920 633057
1554295920 676022
1554295920 717768
1554295920 760460
1554295920 802057
1554295920 843113
1554295920 885072
1554295920 929578
1554295920 972534
1554295921 13564
1554295921 55371
1554295921 98246
1554295921 141323
1554295921 182434
1554295921 224341
1554295921 265137
1554295921 307595
1554295921 350445
1554295921 394786
1554295921 433204
1554295921 475722
1554295921 517475
1554295921 559412
1554295921 602256
1554295921 643619
1554295921 685020
1554295921 729062
1554295921 771681
1554295921 813235
1554295921 855392
1554295921 898154
1554295921 941158
1554295921 982002
1554295922 24535
1554295922 65240
1554295922 107423
1554295922 150476
1554295922 192550
1554295922 233556
1554295922 275700
1554295922 317675
1554295922 360109
1554295922 404512
1554295922 443766
1554295922 485160
1554295922 529086
1554295922 571962
1554295922 614335
1554295922 654097
1554295922 694997
1554295922 738733
1554295922 780763
1554295922 822941
1554295922 863682
1554295922 905369
1554295922 947196
1554295922 990671
1554295923 32168
1554295923 74735
1554295923 115053
1554295923 157454
1554295923 200079
1554295923 242230
1554295923 284159
1554295923 325693
1554295923 370180
1554295923 411331
1554295923 454505
1554295923 496191
1554295923 537206
1554295923 581254
1554295923 622667
1554295923 663945
1554295923 705548
1554295923 749774
1554295923 789811
1554295923 832969
1554295923 875058
1554295923 916578
1554295923 957320
1554295923 999086
1554295924 42122
1554295924 84683
1554295924 125963
1554295924 167162
1554295924 211075
1554295924 253487
1554295924 294951
1554295924 337357
1554295924 380286
1554295924 423940
1554295924 464054
1554295924 506691
1554295924 547253
1554295924 590921
1554295924 631732
1554295924 674398
1554295924 715294
1554295924 757359
1554295924 799307
1554295924 842733
1554295924 885034
1554295924 925915
1554295924 966895
1554295925 11214
1554295925 53051
1554295925 96516
1554295925 136419
1554295925 177102
1554295925 220283
1554295925 262660
1554295925 304326
1554295925 345591
1554295925 387488
1554295925 430671
1554295925 471934
1554295925 513805
1554295925 555442
1554295925 597097
1554295925 639227
1554295925 683056
1554295925 724190
1554295925 766279
1554295925 807112
1554295925 851175
1554295925 894302
1554295925 936764
1554295925 976800
1554295926 16935
1554295926 59225
1554295926 103074
1554295926 144492
1554295926 186506
1554295926 227594
1554295926 269116
1554295926 311795
1554295926 354184
1554295926 395968
1554295926 438080
1554295926 478774
1554295926 521485
1554295926 563775
1554295926 606043
1554295926 647438
1554295926 692098
1554295926 732989
1554295926 774804
1554295926 816726
1554295926 859227
1554295926 903117
1554295926 945768
1554295926 985800
1554295927 27308
1554295927 69264
1554295927 111369
1554295927 154103
1554295927 197066
1554295927 237300
1554295927 279143
1554295927 321441
1554295927 363760
1554295927 412680
1554295927 447246
1554295927 489606
1554295927 533180
1554295927 575096
1554295927 617511
1554295927 657162
1554295927 699113
1554295927 743024
1554295927 784774
1554295927 825673
1554295927 867469
1554295927 909129
1554295927 952759
1554295927 995057
1554295928 35812
1554295928 77439
1554295928 119151
1554295928 161282
1554295928 204467
1554295928 246643
1554295928 287225
1554295928 329023
1554295928 373163
1554295928 415170
1554295928 457388
1554295928 499119
1554295928 539701
1554295928 581359
1554295928 624867
1554295928 666769
1554295928 707777
1554295928 749451
1554295928 792592
1554295928 834399
1554295928 876610
1554295928 920447
1554295928 960403
1554295929 1142
1554295929 45031
1554295929 86241
1554295929 128016
1554295929 169730
1554295929 211148
1554295929 255158
1554295929 297494
1554295929 338870
1554295929 381149
1554295929 424407
1554295929 467466
1554295929 509170
1554295929 550546
1554295929 591194
1554295929 633474
1554295929 676451
1554295929 717805
1554295929 760029
1554295929 802087
1554295929 843720
1554295929 886601
1554295929 928028
1554295929 969468
1554295930 10991
1554295930 55434
1554295930 97963
1554295930 139965
1554295930 184467
1554295930 226631
1554295930 270926
1554295930 309477
1554295930 351067
1554295930 393587
1554295930 435775
1554295930 478016
1554295930 519551
1554295930 561307
1554295930 604758
1554295930 646071
1554295930 688426
1554295930 729538
1554295930 770967
1554295930 815671
1554295930 857233
1554295930 899671
1554295930 940172
1554295930 981429
1554295931 24307
1554295931 67112
1554295931 108943
1554295931 150063
1554295931 191515
1554295931 233055
1554295931 276110
1554295931 317718
1554295931 360324
1554295931 401084
1554295931 443607
1554295931 486484
1554295931 527935
1554295931 569337
1554295931 611523
1554295931 652927
1554295931 696949
1554295931 738685
1554295931 781129
1554295931 823221
1554295931 867564
1554295931 908725
1554295931 949644
1554295931 991595
1554295932 33093
1554295932 75543
1554295932 118507
1554295932 160369
1554295932 202433
1554295932 243416
1554295932 285910
1554295932 328072
1554295932 370896
1554295932 411663
1554295932 453300
1554295932 496985
1554295932 538934
1554295932 583125
1554295932 626307
1554295932 669303
1554295932 709615
1554295932 751358
1554295932 793249
1554295932 836926
1554295932 879534
1554295932 923569
1554295932 963961
1554295933 5785
1554295933 47747
1554295933 90915
1554295933 132202
1554295933 172921
1554295933 216944
1554295933 258983
1554295933 302490
1554295933 342801
1554295933 383798
1554295933 426555
1554295933 469079
1554295933 509721
1554295933 551803
1554295933 593302
1554295933 636307
1554295933 677908
1554295933 719672
1554295933 761389
1554295933 803415
1554295933 845780
1554295933 888733
1554295933 930208
1554295933 971628
1554295934 12943
1554295934 54705
1554295934 100705
1554295934 142322
1554295934 182762
1554295934 222851
1554295934 265313
1554295934 308904
1554295934 350579
1554295934 392470
1554295934 433558
1554295934 475293
1554295934 517941
1554295934 559953
