1554295892 525283
1554295892 564389
1554295892 606555
1554295892 648812
1554295892 690509
1554295892 731966
1554295892 773722
1554295892 815680
1554295892 858605
1554295892 900893
1554295892 942110
1554295892 983130
1554295893 27217
1554295893 69116
1554295893 113054
1554295893 152799
1554295893 197157
1554295893 238970
1554295893 281048
1554295893 322273
1554295893 364475
1554295893 407964
1554295893 448359
1554295893 490398
1554295893 532150
1554295893 573634
1554295893 615481
1554295893 659314
1554295893 700220
1554295893 741964
1554295893 783017
1554295893 825011
1554295893 870499
1554295893 913198
1554295893 952721
1554295893 995420
1554295894 38930
1554295894 82106
1554295894 122448
1554295894 164940
1554295894 205792
1554295894 247772
1554295894 290742
1554295894 332936
1554295894 375766
1554295894 416098
1554295894 457407
1554295894 500138
1554295894 542181
1554295894 584290
1554295894 625059
1554295894 669732
1554295894 712183
1554295894 753269
1554295894 795301
1554295894 838562
1554295894 882094
1554295894 923428
1554295894 965253
1554295895 5757
1554295895 48159
1554295895 90419
1554295895 132679
1554295895 174314
1554295895 215975
1554295895 257359
1554295895 300286
1554295895 342800
1554295895 385481
1554295895 425025
1554295895 469190
1554295895 511562
1554295895 555171
1554295895 594245
1554295895 635266
1554295895 678922
1554295895 720796
1554295895 763756
1554295895 804490
1554295895 846002
1554295895 888870
1554295895 933082
1554295895 977023
1554295896 14618
1554295896 55249
1554295896 97987
1554295896 140416
1554295896 182625
1554295896 223684
1554295896 265591
1554295896 309619
1554295896 351129
1554295896 393791
1554295896 435292
1554295896 475007
1554295896 519055
1554295896 560892
1554295896 603418
1554295896 644547
1554295896 685812
1554295896 727558
1554295896 770845
1554295896 812252
1554295896 855502
1554295896 897058
1554295896 937524
1554295896 979782
1554295897 22795
1554295897 64540
1554295897 105661
1554295897 147051
1554295897 191086
1554295897 232821
1554295897 275790
1554295897 317427
1554295897 360572
1554295897 403398
1554295897 444341
1554295897 486642
1554295897 527665
1554295897 570437
1554295897 613245
1554295897 654479
1554295897 695703
1554295897 737373
1554295897 779356
1554295897 822126
1554295897 865266
1554295897 906568
1554295897 947236
1554295897 991156
1554295898 33071
1554295898 76795
1554295898 118819
1554295898 158137
1554295898 200373
1554295898 243401
1554295898 284330
1554295898 326906
1554295898 368097
1554295898 411033
1554295898 452420
1554295898 494189
1554295898 535971
1554295898 577371
1554295898 619537
1554295898 663171
1554295898 704269
1554295898 746146
1554295898 787061
1554295898 831563
1554295898 873228
1554295898 918652
1554295898 958974
1554295898 997366
1554295899 39365
1554295899 83952
1554295899 125312
1554295899 167066
1554295899 207806
1554295899 249524
1554295899 292457
1554295899 334084
1554295899 376174
1554295899 417949
1554295899 460171
1554295899 501926
1554295899 544237
1554295899 586129
1554295899 627691
1554295899 669204
1554295899 713780
1554295899 756328
1554295899 797560
1554295899 839426
1554295899 883485
1554295899 925597
1554295899 967122
1554295900 8541
1554295900 49610
1554295900 92471
1554295900 135062
1554295900 176719
1554295900 217546
1554295900 260181
1554295900 302160
1554295900 344273
1554295900 392817
1554295900 428173
1554295900 472524
1554295900 513337
1554295900 555511
1554295900 597630
1554295900 637533
1554295900 679324
1554295900 722921
1554295900 765266
1554295900 807970
1554295900 847592
1554295900 890001
1554295900 933137
1554295900 975276
1554295901 16078
1554295901 58524
1554295901 100259
1554295901 142007
1554295901 184480
1554295901 226150
1554295901 268163
1554295901 309321
1554295901 353719
1554295901 395390
1554295901 438205
1554295901 478410
1554295901 519255
1554295901 562828
1554295901 607307
1554295901 646864
1554295901 688091
1554295901 730205
1554295901 773198
1554295901 814487
1554295901 856949
1554295901 899023
1554295901 940959
1554295901 982290
1554295902 24095
1554295902 66667
1554295902 108290
1554295902 149412
1554295902 191161
1554295902 235708
1554295902 278239
1554295902 319157
1554295902 361443
1554295902 406022
1554295902 447121
1554295902 488554
1554295902 530210
1554295902 572970
1554295902 615519
1554295902 656414
1554295902 698530
1554295902 740330
1554295902 781437
1554295902 823579
1554295902 867095
1554295902 908178
1554295902 949949
1554295902 990960
1554295903 35200
1554295903 76934
1554295903 122934
1554295903 168277
1554295903 211081
1554295903 251765
1554295903 294496
1554295903 337068
1554295903 378967
1554295903 419692
1554295903 461582
1554295903 503599
1554295903 546411
1554295903 588607
1554295903 630241
1554295903 671153
1554295903 715152
1554295903 757071
1554295903 802703
1554295903 840129
1554295903 881063
1554295903 926174
1554295903 967042
1554295904 9714
1554295904 52029
1554295904 94610
1554295904 136913
1554295904 179212
1554295904 220002
1554295904 261306
1554295904 304205
1554295904 346496
1554295904 390642
1554295904 430393
1554295904 472075
1554295904 515718
1554295904 556965
1554295904 601517
1554295904 640877
1554295904 684453
1554295904 727347
1554295904 769225
1554295904 810214
1554295904 852775
1554295904 893555
1554295904 937609
1554295904 980002
1554295905 20691
1554295905 62317
1554295905 103291
1554295905 145372
1554295905 188507
1554295905 230794
1554295905 271426
1554295905 312997
1554295905 357003
1554295905 399085
1554295905 442642
1554295905 486046
1554295905 527269
1554295905 568980
1554295905 610303
1554295905 651732
1554295905 693670
1554295905 735807
1554295905 779366
1554295905 820210
1554295905 861694
1554295905 903612
1554295905 945749
1554295905 988501
1554295906 30862
1554295906 71761
1554295906 113083
1554295906 157114
1554295906 199300
1554295906 245359
1554295906 283130
1554295906 324014
1554295906 366760
1554295906 410403
1554295906 450241
1554295906 493419
1554295906 534485
1554295906 575776
1554295906 618444
1554295906 660215
1554295906 701781
1554295906 743383
1554295906 786722
1554295906 828056
1554295906 870686
1554295906 911549
1554295906 953184
1554295906 998002
1554295907 39959
1554295907 81568
1554295907 123237
1554295907 163921
1554295907 207241
1554295907 248903
1554295907 292021
1554295907 332136
1554295907 374307
1554295907 415360
1554295907 458394
1554295907 499741
1554295907 542290
1554295907 584396
1554295907 625973
1554295907 667700
1554295907 714836
1554295907 752167
1554295907 794288
1554295907 835457
1554295907 879024
1554295907 920755
1554295907 963436
1554295908 5968
1554295908 49472
1554295908 91425
1554295908 132239
1554295908 173973
1554295908 215665
1554295908 257544
1554295908 300182
1554295908 343471
1554295908 385766
1554295908 425457
1554295908 467342
1554295908 510255
1554295908 552154
1554295908 593984
1554295908 635729
1554295908 679130
1554295908 721065
1554295908 766180
1554295908 804299
1554295908 846195
1554295908 889309
1554295908 930903
1554295908 972666
1554295909 14731
1554295909 55423
1554295909 98373
1554295909 140786
1554295909 182128
1554295909 223746
1554295909 265353
1554295909 307584
1554295909 350372
1554295909 400121
1554295909 433688
1554295909 475202
1554295909 519229
1554295909 561070
1554295909 605260
1554295909 645798
1554295909 685643
1554295909 728632
1554295909 771424
1554295909 812828
1554295909 854365
1554295909 896368
1554295909 939305
1554295909 980630
1554295910 22341
1554295910 64233
1554295910 105387
1554295910 148617
1554295910 190394
1554295910 231557
1554295910 274783
1554295910 315586
1554295910 357014
1554295910 402166
1554295910 443346
1554295910 485229
1554295910 527613
1554295910 571698
1554295910 613759
1554295910 654613
1554295910 695541
1554295910 737489
1554295910 780205
1554295910 822558
1554295910 870999
1554295910 906720
1554295910 947641
1554295910 989714
1554295911 32131
1554295911 74064
1554295911 115583
1554295911 160707
1554295911 201113
1554295911 243495
1554295911 286448
1554295911 330717
1554295911 375060
1554295911 414541
1554295911 456260
1554295911 497538
1554295911 539625
1554295911 582293
1554295911 624424
1554295911 666598
1554295911 707384
1554295911 749635
1554295911 792388
1554295911 834530
1554295911 876029
1554295911 917553
1554295911 961153
1554295912 4363
1554295912 46962
1554295912 86560
1554295912 127467
1554295912 172399
1554295912 212841
1554295912 254701
1554295912 296144
1554295912 338774
1554295912 380341
1554295912 423196
1554295912 465313
1554295912 506011
1554295912 547371
1554295912 589693
1554295912 632692
1554295912 675345
1554295912 715551
1554295912 757102
1554295912 799022
1554295912 843370
1554295912 885497
1554295912 928785
1554295912 971047
1554295913 13279
1554295913 55035
1554295913 96106
1554295913 138198
1554295913 180960
1554295913 222471
1554295913 264982
1554295913 306228
1554295913 349004
1554295913 391266
1554295913 434395
1554295913 476268
1554295913 518206
1554295913 558987
1554295913 603330
1554295913 646178
1554295913 688782
1554295913 734474
1554295913 775361
1554295913 815941
1554295913 858276
1554295913 900186
1554295913 942777
1554295913 984759
1554295914 26639
1554295914 68348
1554295914 109471
1554295914 152197
1554295914 194325
1554295914 236115
1554295914 278414
1554295914 319020
1554295914 363457
1554295914 406352
1554295914 447968
1554295914 489591
1554295914 529574
1554295914 573085
1554295914 615117
1554295914 656333
1554295914 698032
1554295914 740257
1554295914 781805
1554295914 824316
1554295914 866409
1554295914 908251
1554295914 950517
1554295914 991708
1554295915 34994
1554295915 76576
1554295915 117612
1554295915 159010
1554295915 203983
1554295915 245662
1554295915 288572
1554295915 329129
1554295915 373011
1554295915 415041
1554295915 456844
1554295915 497987
1554295915 540479
1554295915 581576
1554295915 623931
1554295915 666091
1554295915 708004
1554295915 750291
1554295915 791999
1554295915 834126
1554295915 876269
1554295915 918310
1554295915 959632
1554295916 996
1554295916 45245
1554295916 88568
1554295916 129638
1554295916 171611
1554295916 215291
1554295916 256961
1554295916 298778
1554295916 340577
1554295916 381742
1554295916 424515
1554295916 466688
1554295916 507958
1554295916 550299
1554295916 592197
1554295916 633680
1554295916 676011
1554295916 718166
1554295916 759479
1554295916 800948
1554295916 845447
1554295916 888369
1554295916 929531
1554295916 969949
1554295917 11694
1554295917 54941
1554295917 96952
1554295917 139222
1554295917 180020
1554295917 221396
1554295917 263810
1554295917 306462
1554295917 348253
1554295917 390654
1554295917 431592
1554295917 473642
1554295917 516322
1554295917 558657
1554295917 600127
1554295917 641582
1554295917 685499
1554295917 727495
1554295917 770387
1554295917 810610
1554295917 851227
1554295917 895340
1554295917 937582
1554295917 978935
1554295918 20151
1554295918 61737
1554295918 103417
1554295918 147165
1554295918 188802
1554295918 230223
1554295918 272830
1554295918 313254
1554295918 355696
1554295918 400539
1554295918 439643
1554295918 482695
1554295918 526372
1554295918 567425
1554295918 609017
1554295918 652679
1554295918 693726
1554295918 737311
1554295918 779112
1554295918 820077
1554295918 863164
1554295918 905396
1554295918 946667
1554295918 989296
1554295919 29769
1554295919 72788
1554295919 114696
1554295919 156432
1554295919 194054
1554295919 242092
1554295919 283637
1554295919 323537
1554295919 369586
1554295919 410330
1554295919 451707
1554295919 500107
1554295919 542252
1554295919 584461
1554295919 626686
1554295919 668437
1554295919 710186
1554295919 752209
1554295919 793388
1554295919 836099
1554295919 879149
1554295919 920166
1554295919 962356
1554295920 3519
1554295920 47538
1554295920 89225
1554295920 135115
1554295920 172331
1554295920 213503
1554295920 256736
1554295920 298983
1554295920 341001
1554295920 382683
1554295920 424502
1554295920 465397
1554295920 508422
1554295920 550681
1554295920 591784
1554295920 633303
1554295920 676309
1554295920 718214
1554295920 760706
1554295920 802336
1554295920 843347
1554295920 887644
1554295920 929792
1554295920 973429
1554295921 14149
1554295921 55636
1554295921 98953
1554295921 141636
1554295921 182697
1554295921 224598
1554295921 265390
1554295921 308177
1554295921 351012
1554295921 395035
1554295921 433496
1554295921 476099
1554295921 517735
1554295921 560198
1554295921 602497
1554295921 643961
1554295921 685262
1554295921 729301
1554295921 772658
1554295921 813545
1554295921 855646
1554295921 898431
1554295921 941410
1554295921 982289
1554295922 24788
1554295922 65490
1554295922 107670
1554295922 150970
1554295922 192805
1554295922 233805
1554295922 276057
1554295922 318075
1554295922 360356
1554295922 405911
1554295922 444121
1554295922 486294
1554295922 529330
1554295922 572222
1554295922 616687
1554295922 656930
1554295922 695517
1554295922 739076
1554295922 781021
1554295922 823195
1554295922 864108
1554295922 905616
1554295922 948772
1554295922 990920
1554295923 32434
1554295923 74989
1554295923 115299
1554295923 157713
1554295923 200355
1554295923 242532
1554295923 284401
1554295923 326058
1554295923 369460
1554295923 411606
1554295923 455420
1554295923 496452
1554295923 537450
1554295923 581524
1554295923 622924
1554295923 664432
1554295923 705803
1554295923 750433
1554295923 790490
1554295923 833224
1554295923 875311
1554295923 916828
1554295923 957570
1554295923 999328
1554295924 42380
1554295924 84927
1554295924 126226
1554295924 167406
1554295924 211965
1554295924 253899
1554295924 295189
1554295924 337607
1554295924 380540
1554295924 424303
1554295924 464332
1554295924 506947
1554295924 547506
1554295924 591194
1554295924 632162
1554295924 674653
1554295924 715584
1554295924 757613
1554295924 799793
1554295924 843058
1554295924 885359
1554295924 926173
1554295924 967134
1554295925 11454
1554295925 53363
1554295925 98784
1554295925 139258
1554295925 177390
1554295925 220623
1554295925 263029
1554295925 304584
1554295925 345925
1554295925 388496
1554295925 430930
1554295925 472269
1554295925 514151
1554295925 555698
1554295925 597350
1554295925 639512
1554295925 683517
1554295925 724433
1554295925 766585
1554295925 807351
1554295925 851430
1554295925 894559
1554295925 939202
1554295925 978801
1554295926 17208
1554295926 60423
1554295926 103444
1554295926 144751
1554295926 186769
1554295926 227974
1554295926 269368
1554295926 312164
1554295926 354448
1554295926 396245
1554295926 438326
1554295926 479014
1554295926 522188
1554295926 564346
1554295926 606287
1554295926 647710
1554295926 692335
1554295926 734199
1554295926 775045
1554295926 816964
1554295926 859475
1554295926 904184
1554295926 946180
1554295926 986212
1554295927 28851
1554295927 69512
1554295927 111728
1554295927 154431
1554295927 197317
1554295927 237547
1554295927 279392
1554295927 322151
1554295927 364411
1554295927 412913
1554295927 447482
1554295927 489918
1554295927 533417
1554295927 575340
1554295927 619042
1554295927 657396
1554295927 699374
1554295927 743276
1554295927 785163
1554295927 826043
1554295927 867718
1554295927 909383
1554295927 953073
1554295927 995314
1554295928 36198
1554295928 77679
1554295928 119429
1554295928 161585
1554295928 205041
1554295928 246881
1554295928 288511
1554295928 329261
1554295928 373408
1554295928 415417
1554295928 458539
1554295928 499605
1554295928 540262
1554295928 582745
1554295928 625244
1554295928 667028
1554295928 708161
1554295928 749710
1554295928 792968
1554295928 834732
1554295928 876857
1554295928 920696
1554295928 960656
1554295929 1386
1554295929 45520
1554295929 86489
1554295929 128291
1554295929 170115
1554295929 214145
1554295929 256088
1554295929 298638
1554295929 339135
1554295929 381398
1554295929 425033
1554295929 467745
1554295929 509437
1554295929 550899
1554295929 591459
1554295929 633737
1554295929 677027
1554295929 718154
1554295929 760286
1554295929 802378
1554295929 844107
1554295929 887064
1554295929 928273
1554295929 969705
1554295930 11227
1554295930 57059
1554295930 98276
1554295930 140256
1554295930 184722
1554295930 226889
1554295930 271178
1554295930 310476
1554295930 351316
1554295930 394363
1554295930 436167
1554295930 478283
1554295930 520022
1554295930 561560
1554295930 605201
1554295930 646314
1554295930 688667
1554295930 729982
1554295930 771200
1554295930 816040
1554295930 857506
1554295930 900970
1554295930 940445
1554295930 981723
1554295931 24572
1554295931 67363
1554295931 109223
1554295931 150329
1554295931 191775
1554295931 233301
1554295931 276414
1554295931 318100
1554295931 360576
1554295931 401335
1554295931 443970
1554295931 486732
1554295931 528187
1554295931 570914
1554295931 611763
1554295931 653161
1554295931 697065
1554295931 738922
1554295931 781394
1554295931 823471
1554295931 867815
1554295931 908983
1554295931 949988
1554295931 991946
1554295932 33346
1554295932 75786
1554295932 118758
1554295932 160619
1554295932 202683
1554295932 243666
1554295932 286186
1554295932 328310
1554295932 371128
1554295932 412024
1554295932 453667
1554295932 497225
1554295932 539170
1554295932 583381
1554295932 626604
1554295932 669676
1554295932 709969
1554295932 751610
1554295932 793508
1554295932 837176
1554295932 879791
1554295932 925211
1554295932 964244
1554295933 6239
1554295933 48101
1554295933 91164
1554295933 132443
1554295933 173164
1554295933 217186
1554295933 259228
1554295933 305160
1554295933 344949
1554295933 384241
1554295933 426813
1554295933 469529
1554295933 510077
1554295933 552216
1554295933 593566
1554295933 636736
1554295933 678614
1554295933 720006
1554295933 762068
1554295933 803664
1554295933 846197
1554295933 889193
1554295933 930451
1554295933 972940
1554295934 13185
1554295934 57752
1554295934 99147
1554295934 143369
1554295934 183006
1554295934 223125
1554295934 266904
1554295934 309161
1554295934 350836
1554295934 392730
1554295934 433957
1554295934 475548
1554295934 518206
1554295934 560303
