1554295892 527090
1554295892 564519
1554295892 606681
1554295892 648935
1554295892 690640
1554295892 732112
1554295892 773936
1554295892 815812
1554295892 858945
1554295892 901016
1554295892 942234
1554295892 983249
1554295893 27336
1554295893 69235
1554295893 115033
1554295893 152927
1554295893 197286
1554295893 239104
1554295893 281172
1554295893 322404
1554295893 364608
1554295893 408110
1554295893 448485
1554295893 491183
1554295893 532302
1554295893 573756
1554295893 615655
1554295893 659604
1554295893 700346
1554295893 742102
1554295893 783137
1554295893 825133
1554295893 870627
1554295893 913650
1554295893 952846
1554295893 996560
1554295894 39063
1554295894 82263
1554295894 122577
1554295894 165070
1554295894 206035
1554295894 248235
1554295894 290878
1554295894 333066
1554295894 376039
1554295894 416224
1554295894 458895
1554295894 500261
1554295894 542302
1554295894 584414
1554295894 625179
1554295894 670385
1554295894 712609
1554295894 753428
1554295894 795429
1554295894 838689
1554295894 882260
1554295894 923559
1554295894 965389
1554295895 5970
1554295895 48331
1554295895 90547
1554295895 133770
1554295895 174443
1554295895 216139
1554295895 257684
1554295895 300630
1554295895 342923
1554295895 385689
1554295895 425146
1554295895 469312
1554295895 511682
1554295895 556682
1554295895 594366
1554295895 635426
1554295895 679055
1554295895 720927
1554295895 764000
1554295895 804642
1554295895 846157
1554295895 889101
1554295895 933211
1554295895 978448
1554295896 14743
1554295896 55376
1554295896 98234
1554295896 140538
1554295896 182751
1554295896 223805
1554295896 265709
1554295896 309308
1554295896 351390
1554295896 394729
1554295896 435513
1554295896 475127
1554295896 519208
1554295896 561024
1554295896 603546
1554295896 644674
1554295896 686707
1554295896 727682
1554295896 770971
1554295896 812376
1554295896 855730
1554295896 897185
1554295896 937652
1554295896 980004
1554295897 22920
1554295897 64660
1554295897 105778
1554295897 147173
1554295897 191681
1554295897 232941
1554295897 276101
1554295897 317586
1554295897 360701
1554295897 403526
1554295897 444468
1554295897 487088
1554295897 527793
1554295897 570858
1554295897 613369
1554295897 655141
1554295897 695932
1554295897 737499
1554295897 779681
1554295897 822246
1554295897 865388
1554295897 906686
1554295897 947385
1554295897 991364
1554295898 33261
1554295898 79088
1554295898 119265
1554295898 158270
1554295898 200499
1554295898 243523
1554295898 284460
1554295898 327034
1554295898 368231
1554295898 411166
1554295898 452549
1554295898 494318
1554295898 536134
1554295898 577499
1554295898 619669
1554295898 663479
1554295898 704394
1554295898 746271
1554295898 787184
1554295898 831694
1554295898 874052
1554295898 919245
1554295898 959598
1554295898 997770
1554295899 40847
1554295899 84129
1554295899 125435
1554295899 167204
1554295899 208032
1554295899 249647
1554295899 292588
1554295899 334211
1554295899 376303
1554295899 418807
1554295899 460335
1554295899 502076
1554295899 544361
1554295899 586250
1554295899 627811
1554295899 669376
1554295899 713985
1554295899 756862
1554295899 797721
1554295899 839597
1554295899 883615
1554295899 925727
1554295899 967255
1554295900 8671
1554295900 49740
1554295900 92601
1554295900 135197
1554295900 176850
1554295900 217677
1554295900 260396
1554295900 302293
1554295900 344404
1554295900 392939
1554295900 428295
1554295900 472652
1554295900 514111
1554295900 555630
1554295900 597746
1554295900 637656
1554295900 679456
1554295900 723058
1554295900 765396
1554295900 807558
1554295900 848428
1554295900 890148
1554295900 933265
1554295900 975399
1554295901 16204
1554295901 58656
1554295901 100390
1554295901 142232
1554295901 184603
1554295901 226267
1554295901 268286
1554295901 309564
1554295901 353915
1554295901 395515
1554295901 438809
1554295901 478568
1554295901 519610
1554295901 562970
1554295901 607459
1554295901 646991
1554295901 688221
1554295901 730333
1554295901 773325
1554295901 814617
1554295901 859046
1554295901 899152
1554295901 941087
1554295901 982418
1554295902 24230
1554295902 66788
1554295902 108416
1554295902 149579
1554295902 194177
1554295902 235222
1554295902 278371
1554295902 320160
1554295902 362779
1554295902 406174
1554295902 447243
1554295902 488686
1554295902 530861
1554295902 573115
1554295902 615661
1554295902 656784
1554295902 698972
1554295902 740459
1554295902 781557
1554295902 823709
1554295902 867217
1554295902 908300
1554295902 950088
1554295902 991080
1554295903 35318
1554295903 77053
1554295903 123070
1554295903 168413
1554295903 211210
1554295903 252008
1554295903 294637
1554295903 337425
1554295903 379099
1554295903 419923
1554295903 461709
1554295903 503936
1554295903 546533
1554295903 588726
1554295903 630367
1554295903 671275
1554295903 715274
1554295903 757264
1554295903 803228
1554295903 840279
1554295903 881439
1554295903 926338
1554295903 967809
1554295904 9964
1554295904 52164
1554295904 94762
1554295904 137048
1554295904 179470
1554295904 220150
1554295904 261431
1554295904 304337
1554295904 346620
1554295904 390769
1554295904 430514
1554295904 472201
1554295904 515393
1554295904 557089
1554295904 603531
1554295904 641007
1554295904 685322
1554295904 727479
1554295904 769362
1554295904 810341
1554295904 852448
1554295904 893680
1554295904 937747
1554295904 980155
1554295905 20821
1554295905 62442
1554295905 103462
1554295905 145774
1554295905 188632
1554295905 230915
1554295905 271547
1554295905 313113
1554295905 357521
1554295905 399205
1554295905 443368
1554295905 486212
1554295905 527437
1554295905 569114
1554295905 610429
1554295905 652860
1554295905 693805
1554295905 736337
1554295905 779498
1554295905 820341
1554295905 861940
1554295905 903743
1554295905 946001
1554295905 988624
1554295906 30983
1554295906 72582
1554295906 113202
1554295906 157237
1554295906 199425
1554295906 245807
1554295906 283394
1554295906 324155
1554295906 366891
1554295906 410539
1554295906 450377
1554295906 493093
1554295906 534618
1554295906 576302
1554295906 618579
1554295906 660346
1554295906 702029
1554295906 743533
1554295906 786882
1554295906 828181
1554295906 870807
1554295906 911669
1554295906 953305
1554295906 998135
1554295907 40099
1554295907 82674
1554295907 123363
1554295907 164086
1554295907 207373
1554295907 249034
1554295907 292163
1554295907 332266
1554295907 374442
1554295907 415487
1554295907 458559
1554295907 499963
1554295907 542414
1554295907 584525
1554295907 626134
1554295907 667939
1554295907 715175
1554295907 752294
1554295907 794411
1554295907 839388
1554295907 879655
1554295907 920873
1554295907 963621
1554295908 7292
1554295908 49609
1554295908 91552
1554295908 132371
1554295908 175012
1554295908 215803
1554295908 257776
1554295908 300309
1554295908 344104
1554295908 385974
1554295908 425587
1554295908 467743
1554295908 510377
1554295908 552277
1554295908 594128
1554295908 635949
1554295908 679254
1554295908 721183
1554295908 766786
1554295908 804430
1554295908 846334
1554295908 889794
1554295908 931701
1554295908 972800
1554295909 14081
1554295909 55549
1554295909 98545
1554295909 140915
1554295909 182259
1554295909 224043
1554295909 265481
1554295909 307979
1554295909 350499
1554295909 400244
1554295909 433810
1554295909 475351
1554295909 519350
1554295909 561190
1554295909 607226
1554295909 646013
1554295909 685809
1554295909 728767
1554295909 771555
1554295909 812959
1554295909 854495
1554295909 896498
1554295909 939540
1554295909 980759
1554295910 22469
1554295910 64361
1554295910 105578
1554295910 148749
1554295910 190515
1554295910 231691
1554295910 274453
1554295910 315709
1554295910 357134
1554295910 402293
1554295910 443466
1554295910 485357
1554295910 528588
1554295910 571920
1554295910 613984
1554295910 654741
1554295910 696348
1554295910 737618
1554295910 780373
1554295910 822688
1554295910 871793
1554295910 906848
1554295910 947770
1554295910 989952
1554295911 32255
1554295911 74187
1554295911 115711
1554295911 160257
1554295911 201232
1554295911 243618
1554295911 286573
1554295911 330846
1554295911 374715
1554295911 414670
1554295911 456390
1554295911 497668
1554295911 539751
1554295911 582418
1554295911 624551
1554295911 666725
1554295911 707510
1554295911 749764
1554295911 792512
1554295911 834656
1554295911 876168
1554295911 917672
1554295911 961279
1554295912 4496
1554295912 48500
1554295912 86684
1554295912 127702
1554295912 172541
1554295912 213575
1554295912 254827
1554295912 296273
1554295912 338932
1554295912 380522
1554295912 423329
1554295912 465441
1554295912 506174
1554295912 547496
1554295912 589932
1554295912 632817
1554295912 675465
1554295912 715675
1554295912 757219
1554295912 799140
1554295912 843490
1554295912 885616
1554295912 928916
1554295912 971185
1554295913 13410
1554295913 55160
1554295913 96241
1554295913 138337
1554295913 181082
1554295913 222612
1554295913 265118
1554295913 306364
1554295913 348677
1554295913 392322
1554295913 434517
1554295913 476387
1554295913 518472
1554295913 559110
1554295913 603445
1554295913 646302
1554295913 688910
1554295913 734605
1554295913 775612
1554295913 816102
1554295913 858408
1554295913 900317
1554295913 943172
1554295913 984887
1554295914 26772
1554295914 68480
1554295914 109597
1554295914 152323
1554295914 194451
1554295914 236235
1554295914 278540
1554295914 319138
1554295914 363578
1554295914 406472
1554295914 448140
1554295914 489719
1554295914 529705
1554295914 573218
1554295914 615249
1554295914 656462
1554295914 698231
1554295914 740393
1554295914 782339
1554295914 824448
1554295914 868012
1554295914 908382
1554295914 950647
1554295914 992549
1554295915 35117
1554295915 76695
1554295915 117738
1554295915 159128
1554295915 203596
1554295915 245785
1554295915 289024
1554295915 329264
1554295915 373151
1554295915 415164
1554295915 456968
1554295915 498182
1554295915 540612
1554295915 581703
1554295915 624115
1554295915 666212
1554295915 708152
1554295915 750417
1554295915 792152
1554295915 834259
1554295915 876391
1554295915 918439
1554295915 959752
1554295916 1114
1554295916 46549
1554295916 88978
1554295916 129789
1554295916 171738
1554295916 215428
1554295916 257084
1554295916 298904
1554295916 340710
1554295916 382002
1554295916 424651
1554295916 466822
1554295916 508671
1554295916 550427
1554295916 592324
1554295916 633810
1554295916 676159
1554295916 718290
1554295916 759598
1554295916 801070
1554295916 846298
1554295916 888488
1554295916 929648
1554295916 970091
1554295917 11923
1554295917 55071
1554295917 97082
1554295917 139344
1554295917 180176
1554295917 221521
1554295917 264469
1554295917 306589
1554295917 348382
1554295917 390784
1554295917 431899
1554295917 473936
1554295917 516445
1554295917 558781
1554295917 600245
1554295917 642124
1554295917 685662
1554295917 727615
1554295917 770998
1554295917 810741
1554295917 851352
1554295917 895470
1554295917 937711
1554295917 979066
1554295918 20283
1554295918 61951
1554295918 103542
1554295918 147298
1554295918 188930
1554295918 230350
1554295918 272502
1554295918 313380
1554295918 356033
1554295918 405647
1554295918 439767
1554295918 482816
1554295918 526009
1554295918 567553
1554295918 609178
1554295918 652808
1554295918 694723
1554295918 737444
1554295918 779244
1554295918 820205
1554295918 862773
1554295918 905528
1554295918 946797
1554295918 989424
1554295919 30662
1554295919 72462
1554295919 114854
1554295919 156555
1554295919 197032
1554295919 242694
1554295919 286500
1554295919 323659
1554295919 370127
1554295919 410753
1554295919 451952
1554295919 500239
1554295919 542379
1554295919 584595
1554295919 626812
1554295919 668565
1554295919 710314
1554295919 752339
1554295919 793554
1554295919 836231
1554295919 879481
1554295919 920295
1554295919 962480
1554295920 3643
1554295920 47659
1554295920 89348
1554295920 135563
1554295920 172462
1554295920 213660
1554295920 256866
1554295920 299115
1554295920 341127
1554295920 382814
1554295920 424627
1554295920 466238
1554295920 508549
1554295920 550809
1554295920 592034
1554295920 633426
1554295920 676439
1554295920 718343
1554295920 760828
1554295920 802462
1554295920 843469
1554295920 887775
1554295920 930020
1554295920 974215
1554295921 14315
1554295921 56761
1554295921 99090
1554295921 141767
1554295921 182831
1554295921 224724
1554295921 265561
1554295921 308351
1554295921 351147
1554295921 395165
1554295921 433625
1554295921 476231
1554295921 517946
1554295921 560330
1554295921 602619
1554295921 644105
1554295921 685383
1554295921 730406
1554295921 773072
1554295921 813676
1554295921 855777
1554295921 898563
1554295921 941538
1554295921 982423
1554295922 24920
1554295922 65621
1554295922 108253
1554295922 151109
1554295922 192931
1554295922 234021
1554295922 276185
1554295922 318222
1554295922 360481
1554295922 405530
1554295922 444241
1554295922 489219
1554295922 530175
1554295922 572346
1554295922 617133
1554295922 657403
1554295922 695646
1554295922 739214
1554295922 781157
1554295922 823322
1554295922 864248
1554295922 905740
1554295922 948912
1554295922 991049
1554295923 32563
1554295923 75115
1554295923 115430
1554295923 158204
1554295923 200481
1554295923 242655
1554295923 284523
1554295923 326185
1554295923 369622
1554295923 411730
1554295923 457153
1554295923 496583
1554295923 539527
1554295923 581659
1554295923 623050
1554295923 664588
1554295923 706021
1554295923 750855
1554295923 790909
1554295923 833350
1554295923 875434
1554295923 916954
1554295923 957694
1554295923 999694
1554295924 42501
1554295924 85048
1554295924 126353
1554295924 167562
1554295924 211319
1554295924 254036
1554295924 296012
1554295924 337777
1554295924 380670
1554295924 424427
1554295924 464461
1554295924 507077
1554295924 547638
1554295924 591320
1554295924 632293
1554295924 674778
1554295924 715713
1554295924 757743
1554295924 800047
1554295924 843186
1554295924 885502
1554295924 926291
1554295924 967257
1554295925 11577
1554295925 53488
1554295925 99235
1554295925 139714
1554295925 177524
1554295925 220755
1554295925 263163
1554295925 304714
1554295925 346073
1554295925 388637
1554295925 431058
1554295925 472395
1554295925 514281
1554295925 555935
1554295925 597517
1554295925 639680
1554295925 683943
1554295925 724554
1554295925 765956
1554295925 807526
1554295925 851608
1554295925 894681
1554295925 940050
1554295925 979501
1554295926 17328
1554295926 60565
1554295926 103578
1554295926 144879
1554295926 186905
1554295926 228120
1554295926 269538
1554295926 312426
1554295926 354584
1554295926 396378
1554295926 438450
1554295926 479133
1554295926 522426
1554295926 564470
1554295926 607130
1554295926 647939
1554295926 692461
1554295926 733465
1554295926 775165
1554295926 817080
1554295926 859601
1554295926 904323
1554295926 946308
1554295926 986350
1554295927 28523
1554295927 69644
1554295927 112299
1554295927 154803
1554295927 197445
1554295927 237676
1554295927 279516
1554295927 322305
1554295927 364534
1554295927 413033
1554295927 447604
1554295927 490054
1554295927 533568
1554295927 575465
1554295927 620649
1554295927 658141
1554295927 699502
1554295927 743754
1554295927 785299
1554295927 826182
1554295927 867929
1554295927 909517
1554295927 953208
1554295927 995443
1554295928 36325
1554295928 77806
1554295928 119558
1554295928 162237
1554295928 205172
1554295928 247004
1554295928 288202
1554295928 329381
1554295928 373626
1554295928 415542
1554295928 458990
1554295928 499770
1554295928 540400
1554295928 582878
1554295928 625373
1554295928 667155
1554295928 708293
1554295928 749946
1554295928 793111
1554295928 834866
1554295928 876985
1554295928 920824
1554295928 960785
1554295929 2331
1554295929 45650
1554295929 86612
1554295929 128413
1554295929 170237
1554295929 213725
1554295929 256218
1554295929 299087
1554295929 339266
1554295929 381524
1554295929 425172
1554295929 467996
1554295929 509568
1554295929 551040
1554295929 591591
1554295929 634194
1554295929 677163
1554295929 718285
1554295929 760418
1554295929 802571
1554295929 844238
1554295929 887193
1554295929 928395
1554295929 969907
1554295930 11349
1554295930 56360
1554295930 98400
1554295930 140382
1554295930 184850
1554295930 227019
1554295930 271304
1554295930 310606
1554295930 351444
1554295930 394539
1554295930 436299
1554295930 478412
1554295930 520154
1554295930 562138
1554295930 605577
1554295930 646654
1554295930 688792
1554295930 730114
1554295930 771362
1554295930 816193
1554295930 857628
1554295930 902962
1554295930 940570
1554295930 981939
1554295931 24702
1554295931 67494
1554295931 109351
1554295931 150456
1554295931 192003
1554295931 233422
1554295931 276541
1554295931 318232
1554295931 360709
1554295931 401530
1554295931 444131
1554295931 487071
1554295931 528310
1554295931 571226
1554295931 611983
1554295931 655471
1554295931 697217
1554295931 739514
1554295931 781520
1554295931 825053
1554295931 868042
1554295931 909110
1554295931 950134
1554295931 992103
1554295932 33520
1554295932 76274
1554295932 118886
1554295932 160745
1554295932 202808
1554295932 243794
1554295932 286316
1554295932 328647
1554295932 371254
1554295932 412237
1554295932 456269
1554295932 497709
1554295932 539294
1554295932 583508
1554295932 626739
1554295932 669906
1554295932 710119
1554295932 752539
1554295932 793644
1554295932 837301
1554295932 880036
1554295932 926276
1554295932 964368
1554295933 6370
1554295933 48229
1554295933 91288
1554295933 132566
1554295933 173287
1554295933 217307
1554295933 259453
1554295933 305611
1554295933 345404
1554295933 384370
1554295933 426942
1554295933 469669
1554295933 510211
1554295933 552345
1554295933 593700
1554295933 636864
1554295933 678744
1554295933 720145
1554295933 762231
1554295933 803783
1554295933 846325
1554295933 889322
1554295933 931330
1554295933 972635
1554295934 13449
1554295934 57314
1554295934 100027
1554295934 144932
1554295934 183156
1554295934 223257
1554295934 267049
1554295934 309292
1554295934 350967
1554295934 392859
1554295934 434118
1554295934 475679
1554295934 519324
1554295934 560458
