1554295892 525790
1554295892 564257
1554295892 606425
1554295892 648690
1554295892 690384
1554295892 731736
1554295892 773592
1554295892 815552
1554295892 858482
1554295892 900775
1554295892 941970
1554295892 983011
1554295893 27096
1554295893 69001
1554295893 112609
1554295893 152652
1554295893 197021
1554295893 238843
1554295893 280919
1554295893 322117
1554295893 364346
1554295893 407759
1554295893 448235
1554295893 490727
1554295893 531790
1554295893 573480
1554295893 615341
1554295893 658966
1554295893 700097
1554295893 741766
1554295893 782894
1554295893 824887
1554295893 870369
1554295893 912598
1554295893 952602
1554295893 995294
1554295894 38768
1554295894 81370
1554295894 122322
1554295894 164811
1554295894 205665
1554295894 247652
1554295894 290594
1554295894 332814
1554295894 375530
1554295894 415928
1554295894 457284
1554295894 500008
1554295894 542055
1554295894 584161
1554295894 624941
1554295894 669610
1554295894 711529
1554295894 753147
1554295894 795178
1554295894 838433
1554295894 881529
1554295894 923297
1554295894 965128
1554295895 5632
1554295895 47627
1554295895 90299
1554295895 133001
1554295895 174182
1554295895 215755
1554295895 257238
1554295895 300164
1554295895 342680
1554295895 385353
1554295895 424904
1554295895 469074
1554295895 511438
1554295895 554348
1554295895 594116
1554295895 634913
1554295895 678801
1554295895 720671
1554295895 763627
1554295895 804286
1554295895 845782
1554295895 888642
1554295895 932952
1554295895 975599
1554295896 14487
1554295896 55125
1554295896 97754
1554295896 140297
1554295896 182509
1554295896 223563
1554295896 265469
1554295896 306901
1554295896 351011
1554295896 393379
1554295896 435165
1554295896 474888
1554295896 518836
1554295896 560760
1554295896 603289
1554295896 644419
1554295896 686245
1554295896 727430
1554295896 770723
1554295896 812127
1554295896 855376
1554295896 896935
1554295896 937401
1554295896 979620
1554295897 22620
1554295897 64418
1554295897 105543
1554295897 146927
1554295897 190969
1554295897 232704
1554295897 275646
1554295897 317299
1554295897 360441
1554295897 403272
1554295897 444218
1554295897 485672
1554295897 527535
1554295897 570311
1554295897 613121
1554295897 654351
1554295897 695483
1554295897 737244
1554295897 779240
1554295897 821995
1554295897 865144
1554295897 906448
1554295897 947113
1554295897 991039
1554295898 32952
1554295898 76211
1554295898 118224
1554295898 157985
1554295898 200248
1554295898 243276
1554295898 284201
1554295898 326778
1554295898 367946
1554295898 410902
1554295898 452296
1554295898 494060
1554295898 535742
1554295898 577246
1554295898 619404
1554295898 663042
1554295898 704138
1554295898 746001
1554295898 786944
1554295898 833334
1554295898 873107
1554295898 917163
1554295898 957311
1554295898 997243
1554295899 39238
1554295899 83758
1554295899 125190
1554295899 166933
1554295899 207675
1554295899 249396
1554295899 292332
1554295899 333941
1554295899 376029
1554295899 417688
1554295899 459710
1554295899 501690
1554295899 544070
1554295899 585941
1554295899 627570
1554295899 669087
1554295899 713638
1554295899 755741
1554295899 797248
1554295899 839301
1554295899 883358
1554295899 925470
1554295899 966991
1554295900 8418
1554295900 49487
1554295900 92319
1554295900 134928
1554295900 176594
1554295900 217419
1554295900 260043
1554295900 302008
1554295900 343974
1554295900 392697
1554295900 428053
1554295900 472376
1554295900 513218
1554295900 555394
1554295900 597510
1554295900 637416
1554295900 679193
1554295900 722756
1554295900 765134
1554295900 806715
1554295900 847468
1554295900 889765
1554295900 933010
1554295900 975149
1554295901 15915
1554295901 58393
1554295901 100136
1554295901 141728
1554295901 184354
1554295901 225997
1554295901 268035
1554295901 309198
1554295901 353599
1554295901 395272
1554295901 437669
1554295901 478294
1554295901 519138
1554295901 561347
1554295901 607180
1554295901 646739
1554295901 687946
1554295901 730073
1554295901 773072
1554295901 814365
1554295901 857277
1554295901 898897
1554295901 940834
1554295901 982051
1554295902 23916
1554295902 66545
1554295902 108164
1554295902 149288
1554295902 191042
1554295902 235100
1554295902 278018
1554295902 319007
1554295902 361315
1554295902 405792
1554295902 446995
1554295902 488429
1554295902 529790
1554295902 572834
1554295902 615393
1554295902 656287
1554295902 697733
1554295902 740206
1554295902 781311
1554295902 823456
1554295902 866975
1554295902 908055
1554295902 949752
1554295902 990839
1554295903 35078
1554295903 76821
1554295903 121436
1554295903 168142
1554295903 210955
1554295903 251535
1554295903 293682
1554295903 336342
1554295903 378842
1554295903 419567
1554295903 461428
1554295903 503470
1554295903 546291
1554295903 588487
1554295903 630122
1554295903 671034
1554295903 715034
1554295903 756953
1554295903 800709
1554295903 840000
1554295903 880944
1554295903 925611
1554295903 966907
1554295904 9560
1554295904 51787
1554295904 93787
1554295904 136189
1554295904 179093
1554295904 219769
1554295904 261181
1554295904 303758
1554295904 346377
1554295904 390517
1554295904 430268
1554295904 471934
1554295904 512955
1554295904 557708
1554295904 601066
1554295904 640728
1554295904 684326
1554295904 727219
1554295904 769070
1554295904 810088
1554295904 851362
1554295904 893428
1554295904 936843
1554295904 979754
1554295905 20565
1554295905 62189
1554295905 103162
1554295905 145248
1554295905 188389
1554295905 230676
1554295905 271305
1554295905 312879
1554295905 356887
1554295905 398964
1554295905 442484
1554295905 485739
1554295905 526808
1554295905 568854
1554295905 610176
1554295905 652200
1554295905 693488
1554295905 735586
1554295905 779242
1554295905 820087
1554295905 861568
1554295905 903391
1554295905 945622
1554295905 988381
1554295906 30743
1554295906 71639
1554295906 112959
1554295906 156993
1554295906 199183
1554295906 244703
1554295906 282775
1554295906 323799
1554295906 366628
1554295906 410269
1554295906 450111
1554295906 491527
1554295906 534355
1554295906 575610
1554295906 617962
1554295906 660084
1554295906 701653
1554295906 743257
1554295906 786394
1554295906 827921
1554295906 870567
1554295906 911427
1554295906 953065
1554295906 997768
1554295907 39735
1554295907 81161
1554295907 123110
1554295907 163464
1554295907 207103
1554295907 248777
1554295907 291779
1554295907 331985
1554295907 374180
1554295907 415234
1554295907 458262
1554295907 499621
1554295907 542169
1554295907 584264
1554295907 625717
1554295907 667350
1554295907 714709
1554295907 752045
1554295907 794167
1554295907 835336
1554295907 878905
1554295907 920634
1554295907 963304
1554295908 5710
1554295908 49337
1554295908 91296
1554295908 132112
1554295908 174351
1554295908 215332
1554295908 257426
1554295908 300055
1554295908 342793
1554295908 385640
1554295908 425331
1554295908 467218
1554295908 510134
1554295908 552027
1554295908 593673
1554295908 635608
1554295908 679011
1554295908 720946
1554295908 764653
1554295908 804154
1554295908 845602
1554295908 889177
1554295908 930776
1554295908 972533
1554295909 14412
1554295909 55299
1554295909 97672
1554295909 140658
1554295909 181977
1554295909 223623
1554295909 265229
1554295909 307456
1554295909 350250
1554295909 399963
1554295909 433568
1554295909 474966
1554295909 519100
1554295909 560953
1554295909 604813
1554295909 645346
1554295909 685290
1554295909 728379
1554295909 771297
1554295909 812700
1554295909 854234
1554295909 896245
1554295909 939099
1554295909 980504
1554295910 22219
1554295910 64086
1554295910 105261
1554295910 148485
1554295910 190271
1554295910 231338
1554295910 273450
1554295910 315391
1554295910 356894
1554295910 402014
1554295910 443227
1554295910 485077
1554295910 527488
1554295910 571569
1554295910 613627
1554295910 654490
1554295910 695413
1554295910 737362
1554295910 779743
1554295910 822434
1554295910 869275
1554295910 906596
1554295910 947473
1554295910 989582
1554295911 31988
1554295911 73929
1554295911 115421
1554295911 157932
1554295911 200994
1554295911 243373
1554295911 286324
1554295911 330590
1554295911 373748
1554295911 414414
1554295911 456139
1554295911 497344
1554295911 539502
1554295911 582167
1554295911 624295
1554295911 666477
1554295911 707256
1554295911 749509
1554295911 792269
1554295911 834407
1554295911 875795
1554295911 917434
1554295911 961029
1554295912 3391
1554295912 46323
1554295912 86438
1554295912 127119
1554295912 172224
1554295912 212712
1554295912 254578
1554295912 295985
1554295912 338559
1554295912 379426
1554295912 423069
1554295912 465189
1554295912 505758
1554295912 547241
1554295912 589562
1554295912 632561
1554295912 675228
1554295912 715394
1554295912 756985
1554295912 798906
1554295912 844095
1554295912 885375
1554295912 928658
1554295912 969622
1554295913 13152
1554295913 54907
1554295913 95945
1554295913 137999
1554295913 180842
1554295913 221741
1554295913 264610
1554295913 306097
1554295913 347715
1554295913 391144
1554295913 434276
1554295913 476150
1554295913 518047
1554295913 558873
1554295913 603213
1554295913 646057
1554295913 688619
1554295913 734347
1554295913 775230
1554295913 815709
1554295913 858125
1554295913 900042
1554295913 942654
1554295913 984629
1554295914 26509
1554295914 68218
1554295914 109345
1554295914 152062
1554295914 194207
1554295914 235960
1554295914 278287
1554295914 318903
1554295914 363336
1554295914 406231
1554295914 447749
1554295914 489466
1554295914 529439
1554295914 572955
1554295914 614991
1554295914 656204
1554295914 697776
1554295914 739444
1554295914 781640
1554295914 824182
1554295914 867095
1554295914 908128
1554295914 950393
1554295914 991262
1554295915 34867
1554295915 76453
1554295915 117408
1554295915 158890
1554295915 200893
1554295915 245535
1554295915 287967
1554295915 328985
1554295915 371488
1554295915 414914
1554295915 456716
1554295915 497745
1554295915 540356
1554295915 581446
1554295915 623705
1554295915 665940
1554295915 707768
1554295915 750165
1554295915 791738
1554295915 833977
1554295915 876109
1554295915 917906
1554295915 959487
1554295916 877
1554295916 45125
1554295916 88157
1554295916 129444
1554295916 171480
1554295916 215122
1554295916 256839
1554295916 298649
1554295916 340446
1554295916 381381
1554295916 424350
1554295916 466320
1554295916 507710
1554295916 550173
1554295916 592072
1554295916 633548
1554295916 675544
1554295916 718042
1554295916 759363
1554295916 800827
1554295916 845327
1554295916 888250
1554295916 929415
1554295916 969700
1554295917 11564
1554295917 54816
1554295917 96723
1554295917 139094
1554295917 179765
1554295917 221267
1554295917 263678
1554295917 306336
1554295917 348125
1554295917 390526
1554295917 431467
1554295917 473513
1554295917 516123
1554295917 558535
1554295917 599975
1554295917 641466
1554295917 685377
1554295917 727381
1554295917 769727
1554295917 810461
1554295917 851101
1554295917 895213
1554295917 937452
1554295917 978810
1554295918 19995
1554295918 61606
1554295918 103290
1554295918 147036
1554295918 188432
1554295918 230097
1554295918 271537
1554295918 313130
1554295918 355358
1554295918 400422
1554295918 439440
1554295918 482578
1554295918 523361
1554295918 568130
1554295918 608895
1554295918 652546
1554295918 693600
1554295918 737148
1554295918 778978
1554295918 819935
1554295918 861308
1554295918 905219
1554295918 946540
1554295918 989173
1554295919 29641
1554295919 71562
1554295919 114533
1554295919 156308
1554295919 196629
1554295919 241257
1554295919 283220
1554295919 323374
1554295919 369170
1554295919 409598
1554295919 451555
1554295919 499959
1554295919 542129
1554295919 583514
1554295919 626559
1554295919 668314
1554295919 710060
1554295919 752081
1554295919 793261
1554295919 835814
1554295919 879030
1554295919 920041
1554295919 962233
1554295920 3399
1554295920 47415
1554295920 89107
1554295920 134485
1554295920 172181
1554295920 213144
1554295920 256607
1554295920 298780
1554295920 340872
1554295920 382548
1554295920 424371
1554295920 465276
1554295920 508296
1554295920 550556
1554295920 591653
1554295920 633180
1554295920 676177
1554295920 717969
1554295920 760586
1554295920 802210
1554295920 843229
1554295920 885187
1554295920 930845
1554295920 972982
1554295921 13710
1554295921 55500
1554295921 98377
1554295921 141448
1554295921 182570
1554295921 224469
1554295921 265265
1554295921 307718
1554295921 350646
1554295921 394911
1554295921 433327
1554295921 475955
1554295921 517605
1554295921 559754
1554295921 602378
1554295921 643739
1554295921 685143
1554295921 729181
1554295921 772239
1554295921 813355
1554295921 855519
1554295921 898303
1554295921 941284
1554295921 982157
1554295922 24665
1554295922 65364
1554295922 107547
1554295922 150603
1554295922 192678
1554295922 233681
1554295922 275915
1554295922 317804
1554295922 360237
1554295922 404636
1554295922 443983
1554295922 485278
1554295922 529208
1554295922 572100
1554295922 614935
1554295922 655245
1554295922 695369
1554295922 738869
1554295922 780892
1554295922 823065
1554295922 863808
1554295922 905492
1554295922 947315
1554295922 990795
1554295923 32309
1554295923 74863
1554295923 115179
1554295923 157586
1554295923 200201
1554295923 242407
1554295923 284282
1554295923 325810
1554295923 369330
1554295923 411450
1554295923 454973
1554295923 496323
1554295923 537326
1554295923 581390
1554295923 622791
1554295923 664136
1554295923 705675
1554295923 750273
1554295923 790323
1554295923 833099
1554295923 875185
1554295923 916705
1554295923 957447
1554295923 999208
1554295924 42260
1554295924 84804
1554295924 126105
1554295924 167286
1554295924 211196
1554295924 253608
1554295924 295071
1554295924 337481
1554295924 380413
1554295924 424166
1554295924 464204
1554295924 506822
1554295924 547378
1554295924 591069
1554295924 632025
1554295924 674529
1554295924 715415
1554295924 757487
1554295924 799635
1554295924 842862
1554295924 885156
1554295924 926055
1554295924 967014
1554295925 11334
1554295925 53170
1554295925 98143
1554295925 137151
1554295925 177260
1554295925 220428
1554295925 262789
1554295925 304455
1554295925 345716
1554295925 387616
1554295925 430802
1554295925 472078
1554295925 514014
1554295925 555570
1554295925 597221
1554295925 639383
1554295925 683389
1554295925 724311
1554295925 766892
1554295925 807232
1554295925 851309
1554295925 894436
1554295925 937206
1554295925 977249
1554295926 17084
1554295926 59349
1554295926 103203
1554295926 144621
1554295926 186640
1554295926 227762
1554295926 269246
1554295926 312014
1554295926 354318
1554295926 396117
1554295926 438205
1554295926 478893
1554295926 522025
1554295926 564220
1554295926 606166
1554295926 647586
1554295926 692220
1554295926 733105
1554295926 774925
1554295926 816847
1554295926 859353
1554295926 903265
1554295926 946018
1554295926 986072
1554295927 27496
1554295927 69387
1554295927 111588
1554295927 154303
1554295927 197190
1554295927 237424
1554295927 279269
1554295927 321568
1554295927 364288
1554295927 412797
1554295927 447362
1554295927 489723
1554295927 533299
1554295927 575217
1554295927 618119
1554295927 657279
1554295927 699243
1554295927 743149
1554295927 784901
1554295927 825797
1554295927 867594
1554295927 909257
1554295927 952909
1554295927 995185
1554295928 36066
1554295928 77561
1554295928 119280
1554295928 161453
1554295928 204713
1554295928 246763
1554295928 288813
1554295928 329145
1554295928 373288
1554295928 415294
1554295928 457792
1554295928 499241
1554295928 540095
1554295928 582533
1554295928 625111
1554295928 666900
1554295928 708017
1554295928 749580
1554295928 792726
1554295928 834529
1554295928 876733
1554295928 920573
1554295928 960531
1554295929 1263
1554295929 45155
1554295929 86366
1554295929 128169
1554295929 169951
1554295929 211267
1554295929 256891
1554295929 298021
1554295929 338988
1554295929 381274
1554295929 424532
1554295929 467592
1554295929 509310
1554295929 550676
1554295929 591325
1554295929 633617
1554295929 676655
1554295929 718024
1554295929 760161
1554295929 802248
1554295929 843945
1554295929 886727
1554295929 928154
1554295929 969587
1554295930 11109
1554295930 55554
1554295930 98148
1554295930 140128
1554295930 184595
1554295930 226759
1554295930 271051
1554295930 310341
1554295930 351192
1554295930 393709
1554295930 436022
1554295930 478155
1554295930 519804
1554295930 561435
1554295930 604915
1554295930 646195
1554295930 688548
1554295930 729783
1554295930 771084
1554295930 815792
1554295930 857385
1554295930 900378
1554295930 940318
1554295930 981593
1554295931 24442
1554295931 67238
1554295931 109096
1554295931 150199
1554295931 191644
1554295931 233179
1554295931 276287
1554295931 317951
1554295931 360452
1554295931 401209
1554295931 443737
1554295931 486607
1554295931 528069
1554295931 571550
1554295931 611645
1554295931 653045
1554295931 697650
1554295931 738805
1554295931 781251
1554295931 823348
1554295931 867691
1554295931 908852
1554295931 949773
1554295931 991728
1554295932 33221
1554295932 75665
1554295932 118631
1554295932 160494
1554295932 202556
1554295932 243541
1554295932 286055
1554295932 328192
1554295932 371013
1554295932 411783
1554295932 453421
1554295932 497108
1554295932 539053
1554295932 583255
1554295932 626437
1554295932 669429
1554295932 709739
1554295932 751485
1554295932 793379
1554295932 837052
1554295932 879663
1554295932 924227
1554295932 964121
1554295933 6092
1554295933 47963
1554295933 91043
1554295933 132324
1554295933 173041
1554295933 217064
1554295933 259107
1554295933 303150
1554295933 344513
1554295933 384094
1554295933 426685
1554295933 469206
1554295933 509935
1554295933 552077
1554295933 593436
1554295933 636605
1554295933 678482
1554295933 719792
1554295933 761516
1554295933 803538
1554295933 846054
1554295933 888854
1554295933 930327
1554295933 973247
1554295934 13066
1554295934 54823
1554295934 99028
1554295934 142921
1554295934 182885
1554295934 222977
1554295934 265438
1554295934 309030
1554295934 350705
1554295934 392599
1554295934 433740
1554295934 475420
1554295934 518082
1554295934 560149
