1554293261 807983
1554293261 850571
1554293261 892043
1554293261 934050
1554293261 975968
1554293262 19035
1554293262 60551
1554293262 101980
1554293262 144053
1554293262 185998
1554293262 228277
1554293262 270051
1554293262 312507
1554293262 353992
1554293262 395961
1554293262 439691
1554293262 481977
1554293262 524057
1554293262 566239
1554293262 608067
1554293262 650066
1554293262 692059
1554293262 734002
1554293262 776011
1554293262 818057
1554293262 860552
1554293262 902021
1554293262 944048
1554293262 985988
1554293263 28108
1554293263 70046
1554293263 112010
1554293263 154002
1554293263 195958
1554293263 237988
1554293263 281960
1554293263 324061
1554293263 366275
1554293263 407991
1554293263 450000
1554293263 492002
1554293263 533921
1554293263 575901
1554293263 617988
1554293263 660276
1554293263 701935
1554293263 743903
1554293263 785945
1554293263 827905
1554293263 869961
1554293263 911954
1554293263 953924
1554293263 995913
1554293264 37932
1554293264 80861
1554293264 121899
1554293264 164103
1554293264 205979
1554293264 248315
1554293264 290091
1554293264 332248
1554293264 373971
1554293264 415909
1554293264 457905
1554293264 500206
1554293264 541931
1554293264 583915
1554293264 625913
1554293264 667944
1554293264 709967
1554293264 751931
1554293264 793913
1554293264 836041
1554293264 877928
1554293264 921503
1554293264 963970
1554293265 5967
1554293265 48119
1554293265 90120
1554293265 131959
1554293265 173988
1554293265 216012
1554293265 257952
1554293265 299916
1554293265 342216
1554293265 383942
1554293265 426155
1554293265 467971
1554293265 509987
1554293265 552036
1554293265 594008
1554293265 636144
1554293265 678009
1554293265 722410
1554293265 764043
1554293265 806593
1554293265 848014
1554293265 890172
1554293265 932065
1554293265 974046
1554293266 16013
1554293266 57984
1554293266 100124
1554293266 142347
1554293266 184079
1554293266 225987
1554293266 267982
1554293266 310736
1554293266 352047
1554293266 394004
1554293266 436154
1554293266 477960
1554293266 519983
1554293266 563558
1554293266 605957
1554293266 647925
1554293266 690584
1554293266 732012
1554293266 774117
1554293266 815909
1554293266 857964
1554293266 899909
1554293266 942501
1554293266 983961
1554293267 25946
1554293267 71247
1554293267 111964
1554293267 153925
1554293267 195902
1554293267 237916
1554293267 279887
1554293267 323587
1554293267 365960
1554293267 407925
1554293267 450682
1554293267 492074
1554293267 534786
1554293267 575941
1554293267 617903
1554293267 659925
1554293267 702249
1554293267 744218
1554293267 785939
1554293267 827901
1554293267 869909
1554293267 911889
1554293267 953950
1554293267 995921
1554293268 37918
1554293268 79962
1554293268 124138
1554293268 165974
1554293268 207977
1554293268 249901
1554293268 292581
1554293268 334038
1554293268 375948
1554293268 417909
1554293268 459934
1554293268 501887
1554293268 544814
1554293268 585938
1554293268 627927
1554293268 669894
1554293268 711890
1554293268 753954
1554293268 796438
1554293268 837908
1554293268 879890
1554293268 921896
1554293268 964676
1554293269 5941
1554293269 48081
1554293269 89898
1554293269 131953
1554293269 173983
1554293269 215953
1554293269 257900
1554293269 299902
1554293269 341917
1554293269 384307
1554293269 425950
1554293269 467894
1554293269 509905
1554293269 551896
1554293269 594077
1554293269 635937
1554293269 677928
1554293269 719893
1554293269 761914
1554293269 805102
1554293269 845918
1554293269 887954
1554293269 929925
1554293269 972657
1554293270 13978
1554293270 55906
1554293270 97933
1554293270 139896
1554293270 181976
1554293270 224487
1554293270 265903
1554293270 307891
1554293270 349910
1554293270 391915
1554293270 433935
1554293270 475941
1554293270 517914
1554293270 559901
1554293270 601923
1554293270 645666
1554293270 687963
1554293270 729943
1554293270 771890
1554293270 813995
1554293270 856018
1554293270 897970
1554293270 939944
1554293270 981938
1554293271 23902
1554293271 66179
1554293271 107933
1554293271 149898
1554293271 191929
1554293271 233885
1554293271 275956
1554293271 317914
1554293271 359901
1554293271 401923
1554293271 443967
1554293271 486332
1554293271 528112
1554293271 569979
1554293271 611917
1554293271 655173
1554293271 695984
1554293271 737937
1554293271 779936
1554293271 821896
1554293271 863885
1554293271 907911
1554293271 949954
1554293271 991961
1554293272 33922
1554293272 75954
1554293272 118435
1554293272 159903
1554293272 201891
1554293272 243961
1554293272 286947
1554293272 328036
1554293272 370602
1554293272 411899
1554293272 454934
1554293272 495999
1554293272 537897
1554293272 579928
1554293272 621970
1554293272 663930
1554293272 706270
1554293272 747920
1554293272 789901
1554293272 831933
1554293272 874434
1554293272 916246
1554293272 957929
1554293272 999967
1554293273 41934
1554293273 84010
1554293273 128288
1554293273 169935
1554293273 211911
1554293273 253923
1554293273 295955
1554293273 337967
1554293273 380499
1554293273 421922
1554293273 463910
1554293273 505909
1554293273 548206
1554293273 589932
1554293273 632448
1554293273 673917
1554293273 715901
1554293273 757969
1554293273 799946
1554293273 841898
1554293273 883978
1554293273 928352
1554293273 969936
1554293274 11926
1554293274 53896
1554293274 95989
1554293274 137973
1554293274 179945
1554293274 221931
1554293274 263909
1554293274 305910
1554293274 348295
1554293274 389918
1554293274 431920
1554293274 473981
1554293274 515916
1554293274 557974
1554293274 599933
1554293274 641908
1554293274 683974
1554293274 725944
1554293274 768773
1554293274 809900
1554293274 851958
1554293274 893887
1554293274 936350
1554293274 978004
1554293275 20213
1554293275 61909
1554293275 103909
1554293275 145914
1554293275 188186
1554293275 229935
1554293275 271914
1554293275 313912
1554293275 356040
1554293275 397952
1554293275 441872
1554293275 484028
1554293275 525934
1554293275 569361
1554293275 609887
1554293275 651921
1554293275 693998
1554293275 736975
1554293275 778049
1554293275 819965
1554293275 861950
1554293275 903907
1554293275 945989
1554293275 987913
1554293276 30389
1554293276 71935
1554293276 113917
1554293276 156043
1554293276 197967
1554293276 239932
1554293276 281925
1554293276 323973
1554293276 365961
1554293276 410535
1554293276 451964
1554293276 493985
1554293276 535912
1554293276 577967
1554293276 619986
1554293276 662509
1554293276 703932
1554293276 745916
1554293276 787909
1554293276 830330
1554293276 872115
1554293276 914473
1554293276 956064
1554293276 997909
1554293277 39986
1554293277 81935
1554293277 123975
1554293277 165944
1554293277 217312
1554293277 258467
1554293277 300126
1554293277 342086
1554293277 384041
1554293277 426072
1554293277 468492
1554293277 510437
1554293277 552015
1554293277 593982
1554293277 635965
1554293277 677975
1554293277 720737
1554293277 761995
1554293277 804048
1554293277 846016
1554293277 887987
1554293277 931217
1554293277 972495
1554293278 13973
1554293278 56120
1554293278 98784
1554293278 140084
1554293278 182015
1554293278 224605
1554293278 265993
1554293278 307990
1554293278 350554
1554293278 392074
1554293278 434003
1554293278 476522
1554293278 517971
1554293278 559988
1554293278 602408
1554293278 644131
1554293278 686036
1554293278 728506
1554293278 771798
1554293278 813985
1554293278 855996
1554293278 897998
1554293278 940064
1554293278 982100
1554293279 24079
1554293279 66010
1554293279 107994
1554293279 149971
1554293279 192287
1554293279 234001
1554293279 276042
1554293279 318013
1554293279 359961
1554293279 402036
1554293279 445970
1554293279 488205
1554293279 529976
1554293279 572409
1554293279 613982
1554293279 655989
1554293279 697997
1554293279 740044
1554293279 782098
1554293279 824088
1554293279 865986
1554293279 908115
1554293279 949968
1554293279 992360
1554293280 34124
1554293280 76019
1554293280 118043
1554293280 160019
1554293280 202045
1554293280 244048
1554293280 286208
1554293280 328004
1554293280 370003
1554293280 413014
1554293280 453993
1554293280 495974
1554293280 537965
1554293280 580561
1554293280 622226
1554293280 664362
1554293280 706181
1554293280 747987
1554293280 790070
1554293280 832886
1554293280 874015
1554293280 916037
1554293280 957962
1554293280 999972
1554293281 42647
1554293281 84053
1554293281 126084
1554293281 168038
1554293281 209998
1554293281 253656
1554293281 295973
1554293281 337960
1554293281 380217
1554293281 422073
1554293281 464985
1554293281 506036
1554293281 547997
1554293281 590042
1554293281 631983
1554293281 674288
1554293281 716063
1554293281 757971
1554293281 799970
1554293281 841978
1554293281 884091
1554293281 926047
1554293281 968010
1554293282 10098
1554293282 54162
1554293282 95919
1554293282 137970
1554293282 179906
1554293282 222586
1554293282 263992
1554293282 305954
1554293282 347922
1554293282 389987
1554293282 431909
1554293282 474833
1554293282 515924
1554293282 557968
1554293282 599905
1554293282 641902
1554293282 684005
1554293282 726489
1554293282 767964
1554293282 809917
1554293282 851899
1554293282 894781
1554293282 935894
1554293282 977907
1554293283 19909
1554293283 62347
1554293283 103998
1554293283 146223
1554293283 187989
1554293283 230007
1554293283 271913
1554293283 314194
1554293283 355929
1554293283 397914
1554293283 439917
1554293283 481997
1554293283 524031
1554293283 565968
1554293283 608049
1554293283 649982
1554293283 691912
1554293283 735392
1554293283 775936
1554293283 817980
1554293283 859976
1554293283 903065
1554293283 944072
1554293283 986029
1554293284 28046
1554293284 70012
1554293284 111972
1554293284 153974
1554293284 196238
1554293284 238025
1554293284 279988
1554293284 322431
1554293284 364092
1554293284 406051
1554293284 448032
1554293284 489985
1554293284 532026
1554293284 578135
1554293284 619971
1554293284 661984
1554293284 704083
1554293284 746044
1554293284 788044
1554293284 830009
1554293284 872011
1554293284 913985
1554293284 956290
1554293284 997994
1554293285 40032
1554293285 81978
1554293285 124125
1554293285 166085
1554293285 208054
1554293285 249990
1554293285 291988
1554293285 333963
1554293285 376719
1554293285 417971
1554293285 460183
1554293285 501982
1554293285 544204
1554293285 588163
1554293285 630091
1554293285 672003
1554293285 714010
1554293285 756270
1554293285 798017
1554293285 840047
1554293285 881990
1554293285 924066
1554293285 966104
1554293286 8083
1554293286 50083
1554293286 91965
1554293286 133967
1554293286 177303
1554293286 217962
1554293286 259971
1554293286 302015
1554293286 344755
1554293286 386069
1554293286 428004
1554293286 470030
1554293286 511982
1554293286 553984
1554293286 596313
1554293286 638246
1554293286 680009
1554293286 722457
1554293286 764067
1554293286 806225
1554293286 848069
1554293286 890002
1554293286 932056
1554293286 974092
1554293287 17971
1554293287 59986
1554293287 101987
1554293287 143988
1554293287 186054
1554293287 228060
1554293287 270570
1554293287 311997
1554293287 354048
1554293287 395966
1554293287 438319
1554293287 480011
1554293287 521998
1554293287 564063
1554293287 606472
1554293287 648057
1554293287 690005
1554293287 732040
1554293287 774091
1554293287 815966
1554293287 858556
1554293287 899969
1554293287 941962
1554293287 983990
1554293288 26118
1554293288 68051
1554293288 110031
1554293288 151995
1554293288 193996
1554293288 235974
1554293288 278355
1554293288 319992
1554293288 362053
1554293288 404074
1554293288 446057
1554293288 488085
1554293288 530001
1554293288 571982
1554293288 613982
1554293288 655989
1554293288 699321
1554293288 739977
1554293288 781984
1554293288 823997
1554293288 866727
1554293288 908059
1554293288 950009
1554293288 992032
1554293289 33990
1554293289 76020
1554293289 118520
1554293289 160028
1554293289 202462
1554293289 244163
1554293289 286037
1554293289 328258
1554293289 370015
1554293289 412019
1554293289 453980
1554293289 495982
1554293289 539761
1554293289 582002
1554293289 624000
1554293289 665977
1554293289 708056
1554293289 750058
1554293289 792197
1554293289 834014
1554293289 875980
1554293289 917985
1554293289 960265
1554293290 2029
1554293290 44210
1554293290 86033
1554293290 127990
1554293290 170038
1554293290 212129
1554293290 253970
1554293290 295959
1554293290 337984
1554293290 380432
1554293290 422279
1554293290 464231
1554293290 505982
1554293290 548344
1554293290 590053
1554293290 632059
1554293290 674066
1554293290 716051
1554293290 757998
1554293290 800351
1554293290 841998
1554293290 884163
1554293290 926046
1554293290 967988
1554293291 10069
1554293291 52016
1554293291 93989
1554293291 135963
1554293291 177961
1554293291 221002
1554293291 261963
1554293291 303965
1554293291 345992
1554293291 388575
1554293291 430076
1554293291 472359
1554293291 514031
1554293291 555999
1554293291 597988
1554293291 640402
1554293291 682029
1554293291 724333
1554293291 766026
1554293291 807989
1554293291 850375
1554293291 892008
1554293291 934000
1554293291 975973
1554293292 17976
1554293292 61594
1554293292 103986
1554293292 145998
1554293292 188283
1554293292 230143
1554293292 272029
1554293292 314036
1554293292 356004
1554293292 397974
1554293292 440008
1554293292 482592
1554293292 524052
1554293292 566152
1554293292 607989
1554293292 650023
1554293292 692055
1554293292 734004
1554293292 775993
1554293292 817965
1554293292 862192
1554293292 903902
1554293292 946001
1554293292 987893
1554293293 30047
1554293293 71972
1554293293 113946
1554293293 155893
1554293293 197884
1554293293 239927
1554293293 282548
1554293293 323951
1554293293 365951
1554293293 407901
1554293293 449926
1554293293 491967
1554293293 533919
1554293293 575893
1554293293 617886
1554293293 659893
1554293293 702765
1554293293 743891
1554293293 785897
1554293293 827881
1554293293 870334
1554293293 911981
1554293293 954218
1554293293 995958
1554293294 37887
1554293294 79917
1554293294 122509
1554293294 164099
1554293294 206071
1554293294 247929
1554293294 289892
1554293294 331959
1554293294 373944
1554293294 415909
1554293294 457889
1554293294 499887
1554293294 543403
1554293294 583881
1554293294 625937
1554293294 667891
1554293294 711296
1554293294 751931
1554293294 793993
1554293294 835947
1554293294 877889
1554293294 919899
1554293294 961890
1554293295 4223
1554293295 45941
1554293295 87932
1554293295 129904
1554293295 171910
1554293295 214001
1554293295 255942
1554293295 297888
1554293295 339896
1554293295 384085
1554293295 425902
1554293295 467882
1554293295 509888
1554293295 551941
1554293295 593997
1554293295 636019
1554293295 677940
1554293295 719899
1554293295 761876
1554293295 804255
1554293295 845932
1554293295 887931
1554293295 929964
1554293295 971883
1554293296 13956
1554293296 55995
1554293296 97892
1554293296 139978
1554293296 181905
1554293296 224646
1554293296 265883
1554293296 307922
1554293296 349900
1554293296 393024
1554293296 434298
1554293296 476354
1554293296 517905
1554293296 559908
1554293296 601876
1554293296 644865
1554293296 686041
1554293296 727945
1554293296 769937
1554293296 811892
1554293296 854040
1554293296 896445
1554293296 937979
1554293296 979886
1554293297 21884
1554293297 65269
1554293297 105874
1554293297 147903
1554293297 189896
1554293297 232782
1554293297 273978
1554293297 315911
1554293297 357932
1554293297 399902
1554293297 441902
1554293297 483997
1554293297 526191
1554293297 567925
1554293297 609980
1554293297 651905
1554293297 693961
1554293297 735999
1554293297 777908
1554293297 819896
1554293297 861880
1554293297 905922
1554293297 947898
1554293297 989915
1554293298 31916
1554293298 73980
1554293298 115968
1554293298 157940
1554293298 199903
1554293298 241890
1554293298 283969
1554293298 326370
1554293298 367925
1554293298 410497
1554293298 451987
1554293298 493915
1554293298 536051
1554293298 577929
1554293298 619892
1554293298 661890
1554293298 703940
1554293298 746490
1554293298 787881
1554293298 829913
1554293298 871880
1554293298 914480
1554293298 955988
1554293298 997934
1554293299 39922
1554293299 81895
1554293299 123967
1554293299 166950
1554293299 207931
1554293299 249908
1554293299 291890
1554293299 333937
1554293299 375959
1554293299 418538
1554293299 459890
1554293299 501887
1554293299 543886
1554293299 587095
1554293299 627949
1554293299 670071
1554293299 712078
1554293299 754763
1554293299 795972
1554293299 837908
1554293299 879943
1554293299 921938
1554293299 964110
1554293300 6251
1554293300 48282
1554293300 89917
1554293300 131925
1554293300 173887
1554293300 215908
1554293300 257929
1554293300 299998
1554293300 341920
1554293300 383883
1554293300 427713
1554293300 469912
1554293300 511956
1554293300 553881
1554293300 596020
1554293300 637946
1554293300 680498
1554293300 722515
1554293300 763967
1554293300 805953
1554293300 848442
1554293300 889958
1554293300 932687
1554293300 973986
1554293301 15878
1554293301 57963
1554293301 99913
1554293301 141898
1554293301 183886
1554293301 225889
1554293301 268375
1554293301 309930
1554293301 351892
1554293301 393899
1554293301 436782
1554293301 478165
1554293301 520001
1554293301 561902
1554293301 603967
1554293301 646037
1554293301 688819
1554293301 729918
1554293301 771888
1554293301 813949
1554293301 855890
1554293301 900188
1554293301 941927
1554293301 983890
1554293302 25890
1554293302 68931
1554293302 109874
1554293302 151888
1554293302 193910
1554293302 236959
1554293302 278021
1554293302 319898
1554293302 361933
1554293302 404006
1554293302 446058
1554293302 488345
1554293302 529920
1554293302 571895
1554293302 613882
1554293302 655893
1554293302 697999
1554293302 739955
1554293302 781891
1554293302 823880
1554293302 865882
1554293302 909613
1554293302 951923
1554293302 993892
1554293303 35879
1554293303 77975
1554293303 119951
1554293303 161941
1554293303 203965
1554293303 246050
1554293303 287925
1554293303 330184
1554293303 371919
1554293303 413913
1554293303 455974
1554293303 497954
1554293303 539951
1554293303 581927
1554293303 623910
1554293303 665883
1554293303 707919
1554293303 752119
1554293303 793909
1554293303 835892
