1554293261 811163
1554293261 851693
1554293261 893163
1554293261 935241
1554293261 977087
1554293262 20730
1554293262 61708
1554293262 103104
1554293262 145371
1554293262 187646
1554293262 229431
1554293262 271557
1554293262 313630
1554293262 355247
1554293262 397044
1554293262 440921
1554293262 483378
1554293262 525320
1554293262 568497
1554293262 609195
1554293262 651588
1554293262 693205
1554293262 735216
1554293262 777137
1554293262 819705
1554293262 861677
1554293262 903147
1554293262 945179
1554293262 987209
1554293263 29920
1554293263 71519
1554293263 113084
1554293263 155075
1554293263 197021
1554293263 241733
1554293263 283374
1554293263 325267
1554293263 368681
1554293263 409800
1554293263 451137
1554293263 493148
1554293263 535062
1554293263 577076
1554293263 619666
1554293263 661429
1554293263 703093
1554293263 745079
1554293263 787157
1554293263 829356
1554293263 871463
1554293263 913136
1554293263 955019
1554293263 997071
1554293264 42027
1554293264 82412
1554293264 123310
1554293264 165192
1554293264 207627
1554293264 249470
1554293264 291222
1554293264 333407
1554293264 375090
1554293264 417071
1554293264 459110
1554293264 501504
1554293264 543079
1554293264 585103
1554293264 627046
1554293264 669287
1554293264 711721
1554293264 753016
1554293264 795001
1554293264 837239
1554293264 878989
1554293264 922984
1554293264 965201
1554293265 7212
1554293265 50702
1554293265 91271
1554293265 133495
1554293265 175149
1554293265 217170
1554293265 259179
1554293265 301481
1554293265 343460
1554293265 385117
1554293265 427411
1554293265 469118
1554293265 511118
1554293265 553490
1554293265 595082
1554293265 637351
1554293265 679072
1554293265 723500
1554293265 765150
1554293265 807974
1554293265 850425
1554293265 891384
1554293265 933564
1554293265 975203
1554293266 17179
1554293266 59764
1554293266 101632
1554293266 143494
1554293266 185216
1554293266 227121
1554293266 269112
1554293266 312840
1554293266 353517
1554293266 395082
1554293266 437371
1554293266 479034
1554293266 523450
1554293266 564998
1554293266 607224
1554293266 649458
1554293266 691767
1554293266 734617
1554293266 775298
1554293266 817088
1554293266 859155
1554293266 901156
1554293266 943813
1554293266 985122
1554293267 27098
1554293267 72942
1554293267 113653
1554293267 154993
1554293267 196975
1554293267 239003
1554293267 280959
1554293267 324759
1554293267 367212
1554293267 409228
1554293267 452180
1554293267 493212
1554293267 536077
1554293267 577092
1554293267 619138
1554293267 661073
1554293267 703485
1554293267 745378
1554293267 787180
1554293267 829034
1554293267 871048
1554293267 913021
1554293267 955484
1554293267 997002
1554293268 39003
1554293268 81071
1554293268 125324
1554293268 167176
1554293268 209173
1554293268 252149
1554293268 293784
1554293268 335601
1554293268 377439
1554293268 419408
1554293268 461103
1554293268 503351
1554293268 546099
1554293268 587189
1554293268 629051
1554293268 671049
1554293268 713006
1554293268 755436
1554293268 797550
1554293268 838981
1554293268 880948
1554293268 925613
1554293268 966052
1554293269 7040
1554293269 49158
1554293269 91286
1554293269 133098
1554293269 175124
1554293269 217366
1554293269 259093
1554293269 301085
1554293269 343624
1554293269 385508
1554293269 427103
1554293269 469023
1554293269 511037
1554293269 553393
1554293269 596155
1554293269 637065
1554293269 678984
1554293269 720958
1554293269 765514
1554293269 807440
1554293269 846984
1554293269 889142
1554293269 931179
1554293269 973814
1554293270 15101
1554293270 57407
1554293270 99129
1554293270 141028
1554293270 183101
1554293270 225775
1554293270 267104
1554293270 309030
1554293270 351026
1554293270 392989
1554293270 435049
1554293270 477438
1554293270 518992
1554293270 560974
1554293270 603307
1554293270 647257
1554293270 689182
1554293270 731143
1554293270 774328
1554293270 815125
1554293270 857546
1554293270 899166
1554293270 941083
1554293270 983065
1554293271 27120
1554293271 67330
1554293271 109050
1554293271 151042
1554293271 193064
1554293271 235006
1554293271 277438
1554293271 318986
1554293271 360964
1554293271 403292
1554293271 447374
1554293271 487547
1554293271 529209
1554293271 571083
1554293271 614179
1554293271 656834
1554293271 697130
1554293271 739141
1554293271 781084
1554293271 823226
1554293271 866235
1554293271 909079
1554293271 951077
1554293271 993122
1554293272 35027
1554293272 77424
1554293272 119534
1554293272 160964
1554293272 203286
1554293272 247488
1554293272 288383
1554293272 329126
1554293272 371709
1554293272 413078
1554293272 456444
1554293272 497571
1554293272 539562
1554293272 581211
1554293272 623949
1554293272 665120
1554293272 707601
1554293272 749084
1554293272 791036
1554293272 833211
1554293272 875814
1554293272 917935
1554293272 959422
1554293273 1038
1554293273 43319
1554293273 85167
1554293273 129585
1554293273 171134
1554293273 213003
1554293273 256665
1554293273 297105
1554293273 339530
1554293273 381698
1554293273 423101
1554293273 465123
1554293273 507494
1554293273 549407
1554293273 591073
1554293273 633637
1554293273 675059
1554293273 717019
1554293273 759452
1554293273 801038
1554293273 843295
1554293273 885780
1554293273 929680
1554293273 971034
1554293274 13005
1554293274 57332
1554293274 97142
1554293274 139580
1554293274 181209
1554293274 223121
1554293274 265082
1554293274 307424
1554293274 349518
1554293274 391049
1554293274 433079
1554293274 475106
1554293274 518163
1554293274 559451
1554293274 601010
1554293274 643305
1554293274 685192
1554293274 729477
1554293274 770015
1554293274 810984
1554293274 853130
1554293274 895030
1554293274 937500
1554293274 979234
1554293275 21378
1554293275 63063
1554293275 105094
1554293275 147070
1554293275 189502
1554293275 231108
1554293275 273366
1554293275 315068
1554293275 358016
1554293275 399669
1554293275 443291
1554293275 485221
1554293275 529457
1554293275 570548
1554293275 610962
1554293275 653003
1554293275 695155
1554293275 738448
1554293275 779250
1554293275 821546
1554293275 863115
1554293275 905098
1554293275 947142
1554293275 989461
1554293276 32111
1554293276 73084
1554293276 115065
1554293276 157309
1554293276 199120
1554293276 241258
1554293276 283313
1554293276 325201
1554293276 367232
1554293276 411686
1554293276 453174
1554293276 495084
1554293276 538226
1554293276 579168
1554293276 621505
1554293276 663692
1554293276 705108
1554293276 747067
1554293276 789422
1554293276 832729
1554293276 873266
1554293276 915665
1554293276 957322
1554293276 999101
1554293277 42026
1554293277 83317
1554293277 125203
1554293277 167166
1554293277 219428
1554293277 259651
1554293277 301268
1554293277 343254
1554293277 385182
1554293277 427328
1554293277 470523
1554293277 511582
1554293277 553163
1554293277 595132
1554293277 637098
1554293277 679328
1554293277 722785
1554293277 763437
1554293277 805270
1554293277 847219
1554293277 891731
1554293277 932483
1554293277 973635
1554293278 15074
1554293278 57447
1554293278 100149
1554293278 141222
1554293278 183563
1554293278 225952
1554293278 267147
1554293278 309126
1554293278 351948
1554293278 393223
1554293278 435152
1554293278 477727
1554293278 519164
1554293278 561318
1554293278 603998
1554293278 645437
1554293278 687231
1554293278 732046
1554293278 773105
1554293278 815065
1554293278 857054
1554293278 900564
1554293278 941208
1554293278 983682
1554293279 25261
1554293279 67138
1554293279 109149
1554293279 151417
1554293279 194066
1554293279 235134
1554293279 277171
1554293279 319138
1554293279 361295
1554293279 404010
1554293279 447047
1554293279 489272
1554293279 533400
1554293279 573463
1554293279 615043
1554293279 657052
1554293279 700310
1554293279 741233
1554293279 783218
1554293279 825324
1554293279 867112
1554293279 909244
1554293279 952341
1554293279 993495
1554293280 35247
1554293280 77164
1554293280 119232
1554293280 161394
1554293280 204303
1554293280 245234
1554293280 287318
1554293280 329197
1554293280 373438
1554293280 414209
1554293280 455068
1554293280 497049
1554293280 539224
1554293280 581684
1554293280 623483
1554293280 665533
1554293280 707298
1554293280 749118
1554293280 791200
1554293280 834320
1554293280 875143
1554293280 917160
1554293280 959095
1554293281 1056
1554293281 44418
1554293281 85724
1554293281 127306
1554293281 169236
1554293281 211068
1554293281 254881
1554293281 297047
1554293281 339128
1554293281 382239
1554293281 423213
1554293281 466363
1554293281 507364
1554293281 549179
1554293281 591171
1554293281 633557
1554293281 675649
1554293281 717182
1554293281 759086
1554293281 801096
1554293281 843702
1554293281 885792
1554293281 927267
1554293281 969208
1554293282 11166
1554293282 55254
1554293282 97013
1554293282 139238
1554293282 182298
1554293282 223778
1554293282 265569
1554293282 307096
1554293282 349057
1554293282 391136
1554293282 433431
1554293282 476270
1554293282 517060
1554293282 559109
1554293282 601026
1554293282 644086
1554293282 685675
1554293282 727775
1554293282 769191
1554293282 811109
1554293282 855178
1554293282 895987
1554293282 936961
1554293282 979636
1554293283 21077
1554293283 63503
1554293283 105201
1554293283 147377
1554293283 189093
1554293283 231767
1554293283 273084
1554293283 315491
1554293283 357039
1554293283 399053
1554293283 441030
1554293283 484179
1554293283 526169
1554293283 567197
1554293283 609331
1554293283 651062
1554293283 692977
1554293283 737258
1554293283 777012
1554293283 819101
1554293283 861086
1554293283 904710
1554293283 945344
1554293283 987577
1554293284 29209
1554293284 71199
1554293284 113107
1554293284 155525
1554293284 198078
1554293284 239160
1554293284 281122
1554293284 323569
1554293284 366072
1554293284 407742
1554293284 449233
1554293284 491050
1554293284 533217
1554293284 579399
1554293284 621050
1554293284 664293
1554293284 705230
1554293284 747562
1554293284 789183
1554293284 831530
1554293284 873147
1554293284 916493
1554293284 957430
1554293284 999113
1554293285 41174
1554293285 83457
1554293285 125403
1554293285 167776
1554293285 209405
1554293285 251074
1554293285 293335
1554293285 337348
1554293285 377797
1554293285 419106
1554293285 461277
1554293285 503380
1554293285 545373
1554293285 589304
1554293285 631299
1554293285 673128
1554293285 715131
1554293285 757511
1554293285 799153
1554293285 841169
1554293285 883459
1554293285 925709
1554293285 967758
1554293286 9436
1554293286 51146
1554293286 93023
1554293286 137276
1554293286 178452
1554293286 219089
1554293286 261052
1554293286 303196
1554293286 346109
1554293286 387205
1554293286 429531
1554293286 471151
1554293286 513090
1554293286 555114
1554293286 597531
1554293286 639802
1554293286 681153
1554293286 723600
1554293286 765349
1554293286 807347
1554293286 849365
1554293286 891092
1554293286 933178
1554293286 975298
1554293287 19910
1554293287 61049
1554293287 103058
1554293287 146233
1554293287 187182
1554293287 229624
1554293287 271747
1554293287 313142
1554293287 355178
1554293287 397424
1554293287 442786
1554293287 481137
1554293287 523468
1554293287 565310
1554293287 608497
1554293287 649355
1554293287 691066
1554293287 733113
1554293287 775366
1554293287 819559
1554293287 859635
1554293287 901025
1554293287 943033
1554293287 986724
1554293288 27252
1554293288 69190
1554293288 111163
1554293288 153137
1554293288 195119
1554293288 237431
1554293288 279500
1554293288 321124
1554293288 363517
1554293288 405365
1554293288 449953
1554293288 489542
1554293288 531062
1554293288 573030
1554293288 615095
1554293288 659343
1554293288 700556
1554293288 741057
1554293288 783056
1554293288 825240
1554293288 868073
1554293288 909184
1554293288 951488
1554293288 993163
1554293289 35162
1554293289 77149
1554293289 119791
1554293289 161191
1554293289 203594
1554293289 245455
1554293289 287224
1554293289 330097
1554293289 371469
1554293289 413101
1554293289 455043
1554293289 497047
1554293289 540956
1554293289 583073
1554293289 625100
1554293289 669056
1554293289 709184
1554293289 751601
1554293289 793323
1554293289 835172
1554293289 877107
1554293289 920471
1554293289 961406
1554293290 3479
1554293290 45451
1554293290 87185
1554293290 129110
1554293290 171619
1554293290 213182
1554293290 255036
1554293290 297014
1554293290 341329
1554293290 381508
1554293290 423360
1554293290 465304
1554293290 508308
1554293290 549513
1554293290 591169
1554293290 633213
1554293290 675185
1554293290 717183
1554293290 759440
1554293290 801482
1554293290 843448
1554293290 885419
1554293290 927269
1554293290 969338
1554293291 12170
1554293291 53080
1554293291 95068
1554293291 137022
1554293291 181425
1554293291 222209
1554293291 263031
1554293291 305079
1554293291 347131
1554293291 389707
1554293291 431204
1554293291 473518
1554293291 515152
1554293291 557112
1554293291 599110
1554293291 641676
1554293291 683483
1554293291 725579
1554293291 767282
1554293291 809126
1554293291 852320
1554293291 893089
1554293291 935057
1554293291 977098
1554293292 19162
1554293292 62827
1554293292 105082
1554293292 147110
1554293292 190291
1554293292 231263
1554293292 273525
1554293292 315216
1554293292 357121
1554293292 399105
1554293292 441577
1554293292 483721
1554293292 525250
1554293292 567343
1554293292 609110
1554293292 651174
1554293292 693526
1554293292 735078
1554293292 777057
1554293292 819081
1554293292 863334
1554293292 905038
1554293292 947073
1554293292 990149
1554293293 31182
1554293293 73089
1554293293 115078
1554293293 157007
1554293293 198999
1554293293 241409
1554293293 283708
1554293293 325123
1554293293 367227
1554293293 409023
1554293293 451475
1554293293 493656
1554293293 534996
1554293293 576963
1554293293 619298
1554293293 663193
1554293293 704081
1554293293 745016
1554293293 787059
1554293293 829031
1554293293 871503
1554293293 913116
1554293293 955372
1554293293 997095
1554293294 39065
1554293294 81106
1554293294 123744
1554293294 165273
1554293294 207236
1554293294 249063
1554293294 291265
1554293294 333687
1554293294 375077
1554293294 416978
1554293294 459201
1554293294 500966
1554293294 544619
1554293294 584999
1554293294 627058
1554293294 669011
1554293294 712558
1554293294 753066
1554293294 795560
1554293294 837135
1554293294 879028
1554293294 921080
1554293294 963706
1554293295 6141
1554293295 47076
1554293295 89193
1554293295 131045
1554293295 173262
1554293295 215330
1554293295 257111
1554293295 299031
1554293295 340966
1554293295 385171
1554293295 427002
1554293295 468959
1554293295 512515
1554293295 553072
1554293295 595511
1554293295 637196
1554293295 679085
1554293295 721020
1554293295 763635
1554293295 806228
1554293295 847184
1554293295 889101
1554293295 931237
1554293295 973002
1554293296 15643
1554293296 57140
1554293296 99029
1554293296 141675
1554293296 185133
1554293296 225756
1554293296 266973
1554293296 309000
1554293296 351274
1554293296 394516
1554293296 435435
1554293296 477490
1554293296 519035
1554293296 561035
1554293296 603691
1554293296 646399
1554293296 687271
1554293296 729266
1554293296 771056
1554293296 813362
1554293296 855367
1554293296 897559
1554293296 939106
1554293296 980961
1554293297 22996
1554293297 66561
1554293297 106960
1554293297 149575
1554293297 191011
1554293297 234127
1554293297 275126
1554293297 317465
1554293297 359087
1554293297 401656
1554293297 443435
1554293297 485711
1554293297 528130
1554293297 569143
1554293297 611103
1554293297 653187
1554293297 695313
1554293297 737490
1554293297 779053
1554293297 820969
1554293297 862957
1554293297 907618
1554293297 948992
1554293297 991010
1554293298 34165
1554293298 75139
1554293298 117489
1554293298 159676
1554293298 201037
1554293298 243396
1554293298 285553
1554293298 328361
1554293298 369191
1554293298 411693
1554293298 453267
1554293298 495242
1554293298 537407
1554293298 579060
1554293298 620955
1554293298 663520
1554293298 707401
1554293298 747563
1554293298 788949
1554293298 831355
1554293298 873258
1554293298 915664
1554293298 957119
1554293298 999080
1554293299 41092
1554293299 83451
1554293299 125561
1554293299 168475
1554293299 209188
1554293299 251062
1554293299 293018
1554293299 335399
1554293299 377542
1554293299 419739
1554293299 460987
1554293299 502942
1554293299 547179
1554293299 588317
1554293299 629016
1554293299 671707
1554293299 713219
1554293299 756118
1554293299 797104
1554293299 839467
1554293299 881121
1554293299 923433
1554293299 965224
1554293300 7622
1554293300 50095
1554293300 91049
1554293300 133037
1554293300 175011
1554293300 217030
1554293300 259338
1554293300 301073
1554293300 343009
1554293300 384994
1554293300 429544
1554293300 470989
1554293300 513021
1554293300 556420
1554293300 597147
1554293300 639518
1554293300 681710
1554293300 723648
1554293300 765242
1554293300 807676
1554293300 849728
1554293300 891109
1554293300 934042
1554293300 975132
1554293301 17043
1554293301 59679
1554293301 100986
1554293301 142955
1554293301 185550
1554293301 229353
1554293301 269452
1554293301 310996
1554293301 352967
1554293301 395297
1554293301 438147
1554293301 479316
1554293301 521283
1554293301 563359
1554293301 605247
1554293301 647698
1554293301 690097
1554293301 731045
1554293301 773030
1554293301 815080
1554293301 857013
1554293301 901452
1554293301 942999
1554293301 984997
1554293302 29165
1554293302 70109
1554293302 110956
1554293302 152946
1554293302 195045
1554293302 238385
1554293302 279166
1554293302 321388
1554293302 363405
1554293302 405264
1554293302 447548
1554293302 490044
1554293302 531075
1554293302 573018
1554293302 615022
1554293302 656995
1554293302 699611
1554293302 741023
1554293302 782968
1554293302 824989
1554293302 869639
1554293302 910896
1554293302 952999
1554293302 994969
1554293303 38506
1554293303 79117
1554293303 121530
1554293303 163426
1554293303 205235
1554293303 247339
1554293303 289518
1554293303 332305
1554293303 373043
1554293303 415035
1554293303 457094
1554293303 499351
1554293303 541239
1554293303 583039
1554293303 625118
1554293303 666941
1554293303 711609
1554293303 753215
1554293303 795010
1554293303 838792
