1554293261 810722
1554293261 851555
1554293261 893019
1554293261 935101
1554293261 976944
1554293262 20587
1554293262 61569
1554293262 102958
1554293262 145171
1554293262 187164
1554293262 229292
1554293262 271417
1554293262 313492
1554293262 355110
1554293262 396906
1554293262 440787
1554293262 483239
1554293262 525183
1554293262 568228
1554293262 609052
1554293262 651451
1554293262 693064
1554293262 735077
1554293262 776989
1554293262 819550
1554293262 861535
1554293262 903009
1554293262 945040
1554293262 987067
1554293263 29429
1554293263 71378
1554293263 112950
1554293263 154942
1554293263 196886
1554293263 240813
1554293263 283241
1554293263 325130
1554293263 368538
1554293263 409646
1554293263 450989
1554293263 493005
1554293263 534922
1554293263 576929
1554293263 619517
1554293263 661289
1554293263 702952
1554293263 744932
1554293263 787018
1554293263 828870
1554293263 871117
1554293263 913004
1554293263 954887
1554293263 996935
1554293264 41737
1554293264 81947
1554293264 123171
1554293264 165056
1554293264 207448
1554293264 249327
1554293264 291080
1554293264 333256
1554293264 374954
1554293264 416922
1554293264 458963
1554293264 501363
1554293264 542935
1554293264 584962
1554293264 626908
1554293264 668921
1554293264 711341
1554293264 752882
1554293264 794869
1554293264 837099
1554293264 878857
1554293264 922852
1554293264 965066
1554293265 7075
1554293265 50560
1554293265 91126
1554293265 133352
1554293265 175004
1554293265 217022
1554293265 259036
1554293265 301229
1554293265 343315
1554293265 384977
1554293265 427269
1554293265 468975
1554293265 510975
1554293265 553354
1554293265 594946
1554293265 637213
1554293265 678936
1554293265 723365
1554293265 765009
1554293265 807711
1554293265 850253
1554293265 891245
1554293265 933378
1554293265 975061
1554293266 17036
1554293266 59621
1554293266 101499
1554293266 143354
1554293266 185070
1554293266 226982
1554293266 268972
1554293266 312486
1554293266 353379
1554293266 394943
1554293266 437232
1554293266 478902
1554293266 523884
1554293266 564862
1554293266 607090
1554293266 649292
1554293266 691620
1554293266 734453
1554293266 775152
1554293266 816946
1554293266 859017
1554293266 901011
1554293266 943669
1554293266 984983
1554293267 26954
1554293267 72800
1554293267 113514
1554293267 154858
1554293267 196840
1554293267 238864
1554293267 280824
1554293267 324625
1554293267 367075
1554293267 409064
1554293267 452005
1554293267 493074
1554293267 535808
1554293267 576953
1554293267 618997
1554293267 660932
1554293267 703348
1554293267 745240
1554293267 787036
1554293267 828894
1554293267 870905
1554293267 912878
1554293267 955117
1554293267 996872
1554293268 38868
1554293268 80932
1554293268 125190
1554293268 167043
1554293268 209040
1554293268 251999
1554293268 293643
1554293268 335446
1554293268 377297
1554293268 419263
1554293268 460956
1554293268 503215
1554293268 545938
1554293268 587043
1554293268 628910
1554293268 670907
1554293268 712871
1554293268 755297
1554293268 797414
1554293268 838850
1554293268 880814
1554293268 924927
1554293268 965780
1554293269 6904
1554293269 49021
1554293269 91125
1554293269 132956
1554293269 174982
1554293269 217223
1554293269 258951
1554293269 300947
1554293269 343143
1554293269 385368
1554293269 426965
1554293269 468883
1554293269 510894
1554293269 553247
1554293269 595733
1554293269 636933
1554293269 678855
1554293269 720822
1554293269 765421
1554293269 806263
1554293269 846853
1554293269 889007
1554293269 931047
1554293269 973672
1554293270 14964
1554293270 57266
1554293270 98992
1554293270 140887
1554293270 182959
1554293270 225637
1554293270 266956
1554293270 308888
1554293270 350882
1554293270 392852
1554293270 434907
1554293270 477297
1554293270 518857
1554293270 560838
1554293270 603174
1554293270 647120
1554293270 689046
1554293270 731010
1554293270 774132
1554293270 814980
1554293270 857412
1554293270 899024
1554293270 940940
1554293270 982925
1554293271 26954
1554293271 67190
1554293271 108914
1554293271 150894
1554293271 192920
1554293271 234867
1554293271 277295
1554293271 318847
1554293271 360833
1554293271 403156
1554293271 447246
1554293271 487414
1554293271 529076
1554293271 570953
1554293271 613172
1554293271 656691
1554293271 696990
1554293271 739004
1554293271 780941
1554293271 823083
1554293271 864918
1554293271 908937
1554293271 950932
1554293271 992984
1554293272 34890
1554293272 77287
1554293272 119403
1554293272 160829
1554293272 203150
1554293272 247353
1554293272 288250
1554293272 328993
1554293272 371578
1554293272 412939
1554293272 456201
1554293272 497420
1554293272 539419
1554293272 580953
1554293272 623700
1554293272 664981
1554293272 707451
1554293272 748939
1554293272 790896
1554293272 833070
1554293272 875452
1554293272 917521
1554293272 959280
1554293273 900
1554293273 43188
1554293273 85031
1554293273 129454
1554293273 170999
1554293273 212870
1554293273 256522
1554293273 296965
1554293273 339380
1554293273 381554
1554293273 422956
1554293273 464977
1554293273 507244
1554293273 549270
1554293273 590933
1554293273 633494
1554293273 674913
1554293273 716876
1554293273 759316
1554293273 800902
1554293273 843163
1554293273 885647
1554293273 928757
1554293273 970903
1554293274 12868
1554293274 55140
1554293274 96998
1554293274 139058
1554293274 181064
1554293274 222978
1554293274 264943
1554293274 307274
1554293274 349372
1554293274 390903
1554293274 432933
1554293274 474968
1554293274 517491
1554293274 559312
1554293274 600876
1554293274 643168
1554293274 685063
1554293274 729339
1554293274 769755
1554293274 810850
1554293274 852993
1554293274 894897
1554293274 937359
1554293274 979088
1554293275 21235
1554293275 62925
1554293275 104960
1554293275 146931
1554293275 189355
1554293275 230968
1554293275 273227
1554293275 314922
1554293275 357466
1554293275 399529
1554293275 443155
1554293275 485088
1554293275 527030
1554293275 570416
1554293275 610829
1554293275 652866
1554293275 695022
1554293275 738223
1554293275 779108
1554293275 821402
1554293275 862973
1554293275 904956
1554293275 946999
1554293275 989322
1554293276 31962
1554293276 72944
1554293276 114926
1554293276 157166
1554293276 198975
1554293276 240929
1554293276 283181
1554293276 325068
1554293276 367102
1554293276 411552
1554293276 453041
1554293276 494949
1554293276 538063
1554293276 579027
1554293276 621331
1554293276 663543
1554293276 704968
1554293276 746933
1554293276 789281
1554293276 832568
1554293276 873119
1554293276 915520
1554293276 957185
1554293276 998963
1554293277 41612
1554293277 83178
1554293277 125064
1554293277 167033
1554293277 219285
1554293277 259512
1554293277 301124
1554293277 343114
1554293277 385038
1554293277 427177
1554293277 470249
1554293277 511442
1554293277 553023
1554293277 594989
1554293277 636954
1554293277 679167
1554293277 722650
1554293277 763282
1554293277 805133
1554293277 847080
1554293277 891277
1554293277 932311
1554293277 973504
1554293278 14942
1554293278 57307
1554293278 99808
1554293278 141081
1554293278 183427
1554293278 225674
1554293278 267006
1554293278 308985
1554293278 351696
1554293278 393075
1554293278 435012
1554293278 477588
1554293278 518905
1554293278 561156
1554293278 603564
1554293278 645298
1554293278 687091
1554293278 731723
1554293278 772969
1554293278 814930
1554293278 856919
1554293278 900325
1554293278 941062
1554293278 983537
1554293279 25114
1554293279 67000
1554293279 109010
1554293279 151283
1554293279 193912
1554293279 234991
1554293279 277029
1554293279 319001
1554293279 361133
1554293279 403539
1554293279 446909
1554293279 489139
1554293279 532730
1554293279 573329
1554293279 614910
1554293279 656915
1554293279 699294
1554293279 741092
1554293279 783075
1554293279 825104
1554293279 866965
1554293279 909098
1554293279 950952
1554293279 993352
1554293280 35104
1554293280 77027
1554293280 119094
1554293280 161244
1554293280 204163
1554293280 245097
1554293280 287155
1554293280 329059
1554293280 373283
1554293280 414069
1554293280 454932
1554293280 496913
1554293280 539090
1554293280 581543
1554293280 623245
1554293280 665393
1554293280 707156
1554293280 748972
1554293280 791055
1554293280 834173
1554293280 875002
1554293280 917020
1554293280 958949
1554293281 921
1554293281 44276
1554293281 85588
1554293281 127180
1554293281 169103
1554293281 210934
1554293281 254741
1554293281 296909
1554293281 338962
1554293281 382092
1554293281 423072
1554293281 466143
1554293281 507227
1554293281 549030
1554293281 591028
1554293281 633315
1554293281 675507
1554293281 717041
1554293281 758946
1554293281 800958
1554293281 843372
1554293281 885659
1554293281 927127
1554293281 969072
1554293282 11032
1554293282 55117
1554293282 96882
1554293282 139108
1554293282 181178
1554293282 223632
1554293282 265045
1554293282 306956
1554293282 348918
1554293282 390994
1554293282 433276
1554293282 476098
1554293282 516915
1554293282 558966
1554293282 600884
1554293282 643587
1554293282 685538
1554293282 727644
1554293282 769059
1554293282 810909
1554293282 855088
1554293282 895736
1554293282 936825
1554293282 979496
1554293283 20940
1554293283 63361
1554293283 105058
1554293283 147237
1554293283 188949
1554293283 231612
1554293283 272937
1554293283 315346
1554293283 356899
1554293283 398903
1554293283 440889
1554293283 484023
1554293283 525712
1554293283 567063
1554293283 609198
1554293283 650928
1554293283 692839
1554293283 737117
1554293283 776870
1554293283 818966
1554293283 860943
1554293283 904562
1554293283 945196
1554293283 987434
1554293284 29065
1554293284 71055
1554293284 112968
1554293284 155381
1554293284 197815
1554293284 239018
1554293284 280982
1554293284 323424
1554293284 365444
1554293284 407390
1554293284 449098
1554293284 490916
1554293284 533078
1554293284 579266
1554293284 620914
1554293284 664135
1554293284 705086
1554293284 747409
1554293284 789039
1554293284 831386
1554293284 873003
1554293284 916187
1554293284 957290
1554293284 998976
1554293285 41030
1554293285 83319
1554293285 125266
1554293285 167641
1554293285 209270
1554293285 250936
1554293285 293201
1554293285 337207
1554293285 377660
1554293285 418971
1554293285 461144
1554293285 502981
1554293285 545231
1554293285 589164
1554293285 631152
1554293285 672985
1554293285 714991
1554293285 757366
1554293285 799014
1554293285 841025
1554293285 883318
1554293285 925218
1554293285 967622
1554293286 9297
1554293286 51014
1554293286 92885
1554293286 134896
1554293286 178323
1554293286 218953
1554293286 260914
1554293286 303033
1554293286 345755
1554293286 387062
1554293286 429385
1554293286 471008
1554293286 512949
1554293286 554972
1554293286 597395
1554293286 639660
1554293286 681012
1554293286 723455
1554293286 765202
1554293286 807214
1554293286 849212
1554293286 890951
1554293286 933047
1554293286 975166
1554293287 19678
1554293287 60920
1554293287 102920
1554293287 146088
1554293287 187038
1554293287 229470
1554293287 271607
1554293287 312999
1554293287 355037
1554293287 397293
1554293287 442642
1554293287 480997
1554293287 523324
1554293287 565169
1554293287 607992
1554293287 649195
1554293287 690934
1554293287 732978
1554293287 775229
1554293287 818701
1554293287 859502
1554293287 900892
1554293287 942900
1554293287 985276
1554293288 27115
1554293288 69048
1554293288 111024
1554293288 153003
1554293288 194973
1554293288 236991
1554293288 279358
1554293288 320983
1554293288 363374
1554293288 405223
1554293288 447612
1554293288 489409
1554293288 530925
1554293288 572895
1554293288 614956
1554293288 659192
1554293288 700420
1554293288 740920
1554293288 782922
1554293288 825103
1554293288 867721
1554293288 909043
1554293288 951349
1554293288 993024
1554293289 35012
1554293289 77010
1554293289 119648
1554293289 161046
1554293289 203450
1554293289 245313
1554293289 287089
1554293289 329935
1554293289 371331
1554293289 412966
1554293289 454911
1554293289 496905
1554293289 540818
1554293289 582941
1554293289 624959
1554293289 668910
1554293289 709046
1554293289 751462
1554293289 793183
1554293289 835026
1554293289 876965
1554293289 919794
1554293289 961263
1554293290 3334
1554293290 45310
1554293290 87039
1554293290 128971
1554293290 171476
1554293290 213050
1554293290 254898
1554293290 296872
1554293290 341194
1554293290 381377
1554293290 423228
1554293290 465172
1554293290 507298
1554293290 549372
1554293290 591027
1554293290 633070
1554293290 675040
1554293290 717043
1554293290 758953
1554293290 801336
1554293290 843308
1554293290 885274
1554293290 927136
1554293290 969172
1554293291 11708
1554293291 52945
1554293291 94930
1554293291 136883
1554293291 181202
1554293291 222073
1554293291 262896
1554293291 304942
1554293291 346992
1554293291 389565
1554293291 431063
1554293291 473374
1554293291 515010
1554293291 556972
1554293291 598970
1554293291 641538
1554293291 683346
1554293291 725442
1554293291 767138
1554293291 808984
1554293291 851689
1554293291 892950
1554293291 934925
1554293291 976958
1554293292 19017
1554293292 62694
1554293292 104943
1554293292 146939
1554293292 190150
1554293292 231118
1554293292 273385
1554293292 315071
1554293292 356980
1554293292 398964
1554293292 441330
1554293292 483584
1554293292 525105
1554293292 567202
1554293292 608967
1554293292 651028
1554293292 693384
1554293292 734939
1554293292 776923
1554293292 818942
1554293292 863197
1554293292 904902
1554293292 946937
1554293292 989147
1554293293 31040
1554293293 72948
1554293293 114933
1554293293 156868
1554293293 198859
1554293293 241259
1554293293 283565
1554293293 324983
1554293293 367086
1554293293 408881
1554293293 451288
1554293293 493515
1554293293 534861
1554293293 576830
1554293293 619158
1554293293 663057
1554293293 703790
1554293293 744877
1554293293 786927
1554293293 828895
1554293293 871364
1554293293 912976
1554293293 955229
1554293293 996952
1554293294 38918
1554293294 80962
1554293294 123598
1554293294 165135
1554293294 207090
1554293294 248918
1554293294 290870
1554293294 333326
1554293294 374943
1554293294 416844
1554293294 459062
1554293294 500828
1554293294 544483
1554293294 584867
1554293294 626928
1554293294 668834
1554293294 712414
1554293294 752924
1554293294 795417
1554293294 836986
1554293294 878877
1554293294 920944
1554293294 963558
1554293295 5992
1554293295 46940
1554293295 89054
1554293295 130906
1554293295 172897
1554293295 214995
1554293295 256972
1554293295 298895
1554293295 340830
1554293295 385030
1554293295 426866
1554293295 468823
1554293295 512360
1554293295 552926
1554293295 595328
1554293295 637049
1554293295 678941
1554293295 720876
1554293295 763500
1554293295 806089
1554293295 847044
1554293295 888956
1554293295 931092
1554293295 972863
1554293296 15502
1554293296 57001
1554293296 98895
1554293296 141539
1554293296 185460
1554293296 225619
1554293296 266840
1554293296 308865
1554293296 350907
1554293296 394376
1554293296 435294
1554293296 477345
1554293296 518891
1554293296 560891
1554293296 603220
1554293296 646183
1554293296 687125
1554293296 729119
1554293296 770915
1554293296 812879
1554293296 855208
1554293296 897427
1554293296 938972
1554293296 980828
1554293297 22857
1554293297 66425
1554293297 106825
1554293297 149435
1554293297 190877
1554293297 233793
1554293297 274983
1554293297 317329
1554293297 358948
1554293297 401509
1554293297 443287
1554293297 485579
1554293297 527981
1554293297 569006
1554293297 610962
1554293297 653043
1554293297 694944
1554293297 737345
1554293297 778914
1554293297 820834
1554293297 862823
1554293297 907483
1554293297 948857
1554293297 990871
1554293298 34011
1554293298 74991
1554293298 117337
1554293298 159532
1554293298 200895
1554293298 243252
1554293298 285424
1554293298 328193
1554293298 369045
1554293298 411550
1554293298 453124
1554293298 494896
1554293298 537076
1554293298 578925
1554293298 620824
1554293298 663379
1554293298 706719
1554293298 747424
1554293298 788817
1554293298 831217
1554293298 872860
1554293298 915520
1554293298 956980
1554293298 998933
1554293299 40945
1554293299 83309
1554293299 125081
1554293299 168336
1554293299 209048
1554293299 250920
1554293299 292874
1554293299 334914
1554293299 377123
1554293299 419598
1554293299 460849
1554293299 502808
1554293299 544865
1554293299 588154
1554293299 628883
1554293299 671574
1554293299 713079
1554293299 755763
1554293299 796964
1554293299 839319
1554293299 880977
1554293299 923291
1554293299 965088
1554293300 7489
1554293300 49799
1554293300 90904
1554293300 132897
1554293300 174871
1554293300 216887
1554293300 259191
1554293300 300934
1554293300 342878
1554293300 384861
1554293300 429408
1554293300 470855
1554293300 512887
1554293300 556157
1554293300 597003
1554293300 639372
1554293300 681570
1554293300 723505
1554293300 765099
1554293300 807424
1554293300 849587
1554293300 890967
1554293300 933796
1554293300 974990
1554293301 16900
1554293301 59534
1554293301 100850
1554293301 142821
1554293301 185410
1554293301 228529
1554293301 269314
1554293301 310864
1554293301 352835
1554293301 395149
1554293301 437977
1554293301 479173
1554293301 521139
1554293301 563219
1554293301 605105
1554293301 647549
1554293301 689936
1554293301 730905
1554293301 772888
1554293301 814936
1554293301 856874
1554293301 901317
1554293301 942866
1554293301 984870
1554293302 29022
1554293302 69977
1554293302 110819
1554293302 152810
1554293302 194902
1554293302 238245
1554293302 279024
1554293302 321251
1554293302 363260
1554293302 405121
1554293302 447411
1554293302 489754
1554293302 530933
1554293302 572880
1554293302 614883
1554293302 656858
1554293302 699263
1554293302 740888
1554293302 782832
1554293302 824861
1554293302 866868
1554293302 910760
1554293302 952866
1554293302 994834
1554293303 38367
1554293303 78973
1554293303 121383
1554293303 163285
1554293303 205090
1554293303 247193
1554293303 289275
1554293303 332136
1554293303 372902
1554293303 414897
1554293303 456951
1554293303 499199
1554293303 540928
1554293303 582901
1554293303 624986
1554293303 666807
1554293303 710617
1554293303 753078
1554293303 794881
1554293303 837193
