1554293261 810798
1554293261 851609
1554293261 893074
1554293261 935157
1554293261 976999
1554293262 20640
1554293262 61623
1554293262 103013
1554293262 145226
1554293262 187542
1554293262 229346
1554293262 271471
1554293262 313547
1554293262 355164
1554293262 396958
1554293262 440839
1554293262 483296
1554293262 525240
1554293262 568284
1554293262 609109
1554293262 651506
1554293262 693123
1554293262 735134
1554293262 777045
1554293262 819619
1554293262 861592
1554293262 903064
1554293262 945094
1554293262 987122
1554293263 29486
1554293263 71432
1554293263 113001
1554293263 154994
1554293263 196938
1554293263 241105
1554293263 283292
1554293263 325182
1554293263 368595
1554293263 409714
1554293263 451046
1554293263 493061
1554293263 534978
1554293263 576988
1554293263 619579
1554293263 661345
1554293263 703005
1554293263 744989
1554293263 787070
1554293263 829222
1554293263 871372
1554293263 913057
1554293263 954940
1554293263 996988
1554293264 41796
1554293264 82001
1554293264 123225
1554293264 165111
1554293264 207533
1554293264 249381
1554293264 291134
1554293264 333313
1554293264 375006
1554293264 416979
1554293264 459022
1554293264 501420
1554293264 542994
1554293264 585019
1554293264 626964
1554293264 668974
1554293264 711627
1554293264 752933
1554293264 794921
1554293264 837152
1554293264 878908
1554293264 922904
1554293264 965120
1554293265 7127
1554293265 50615
1554293265 91183
1554293265 133411
1554293265 175060
1554293265 217081
1554293265 259092
1554293265 301391
1554293265 343373
1554293265 385032
1554293265 427326
1554293265 469029
1554293265 511030
1554293265 553408
1554293265 595000
1554293265 637267
1554293265 678989
1554293265 723419
1554293265 765064
1554293265 807766
1554293265 850312
1554293265 891298
1554293265 933469
1554293265 975116
1554293266 17091
1554293266 59678
1554293266 101552
1554293266 143411
1554293266 185126
1554293266 227037
1554293266 269027
1554293266 312732
1554293266 353430
1554293266 394997
1554293266 437287
1554293266 478952
1554293266 523358
1554293266 564915
1554293266 607144
1554293266 649365
1554293266 691680
1554293266 734530
1554293266 775210
1554293266 816999
1554293266 859069
1554293266 901069
1554293266 943725
1554293266 985038
1554293267 27011
1554293267 72855
1554293267 113567
1554293267 154913
1554293267 196893
1554293267 238920
1554293267 280877
1554293267 324677
1554293267 367127
1554293267 409115
1554293267 452083
1554293267 493128
1554293267 535982
1554293267 577007
1554293267 619052
1554293267 660989
1554293267 703403
1554293267 745295
1554293267 787090
1554293267 828951
1554293267 870961
1554293267 912937
1554293267 955387
1554293267 996923
1554293268 38919
1554293268 80986
1554293268 125243
1554293268 167096
1554293268 209091
1554293268 252059
1554293268 293697
1554293268 335508
1554293268 377354
1554293268 419318
1554293268 461013
1554293268 503266
1554293268 546012
1554293268 587099
1554293268 628965
1554293268 670965
1554293268 712923
1554293268 755348
1554293268 797470
1554293268 838902
1554293268 880865
1554293268 925170
1554293268 965948
1554293269 6959
1554293269 49075
1554293269 91192
1554293269 133013
1554293269 175036
1554293269 217279
1554293269 259007
1554293269 301000
1554293269 343529
1554293269 385425
1554293269 427016
1554293269 468938
1554293269 510952
1554293269 553305
1554293269 595788
1554293269 636984
1554293269 678907
1554293269 720878
1554293269 765954
1554293269 807337
1554293269 846905
1554293269 889060
1554293269 931100
1554293269 973726
1554293270 15018
1554293270 57322
1554293270 99047
1554293270 140942
1554293270 183014
1554293270 225694
1554293270 267017
1554293270 308943
1554293270 350941
1554293270 392906
1554293270 434962
1554293270 477352
1554293270 518910
1554293270 560892
1554293270 603227
1554293270 647175
1554293270 689099
1554293270 731062
1554293270 774188
1554293270 815035
1554293270 857464
1554293270 899080
1554293270 940998
1554293270 982980
1554293271 27020
1554293271 67244
1554293271 108966
1554293271 150955
1554293271 192976
1554293271 234919
1554293271 277350
1554293271 318902
1554293271 360886
1554293271 403209
1554293271 447297
1554293271 487466
1554293271 529130
1554293271 571003
1554293271 613229
1554293271 656747
1554293271 697044
1554293271 739060
1554293271 780998
1554293271 823138
1554293271 864971
1554293271 908993
1554293271 950988
1554293271 993037
1554293272 34945
1554293272 77341
1554293272 119453
1554293272 160884
1554293272 203206
1554293272 247405
1554293272 288302
1554293272 329046
1554293272 371629
1554293272 412994
1554293272 456259
1554293272 497481
1554293272 539476
1554293272 581120
1554293272 623758
1554293272 665037
1554293272 707510
1554293272 748995
1554293272 790954
1554293272 833124
1554293272 875504
1554293272 917582
1554293272 959333
1554293273 955
1554293273 43239
1554293273 85084
1554293273 129505
1554293273 171052
1554293273 212922
1554293273 256576
1554293273 297021
1554293273 339440
1554293273 381611
1554293273 423013
1554293273 465033
1554293273 507387
1554293273 549324
1554293273 590988
1554293273 633550
1554293273 674969
1554293273 716934
1554293273 759369
1554293273 800955
1554293273 843214
1554293273 885700
1554293273 929046
1554293273 970954
1554293274 12922
1554293274 57222
1554293274 97056
1554293274 139452
1554293274 181122
1554293274 223037
1554293274 264997
1554293274 307333
1554293274 349432
1554293274 390960
1554293274 432992
1554293274 475021
1554293274 517549
1554293274 559367
1554293274 600929
1554293274 643223
1554293274 685113
1554293274 729394
1554293274 769811
1554293274 810903
1554293274 853045
1554293274 894948
1554293274 937416
1554293274 979143
1554293275 21293
1554293275 62977
1554293275 105013
1554293275 146987
1554293275 189414
1554293275 231024
1554293275 273281
1554293275 314978
1554293275 357524
1554293275 399581
1554293275 443210
1554293275 485140
1554293275 527084
1554293275 570469
1554293275 610882
1554293275 652920
1554293275 695074
1554293275 738281
1554293275 779165
1554293275 821457
1554293275 863032
1554293275 905016
1554293275 947054
1554293275 989375
1554293276 32024
1554293276 73001
1554293276 114982
1554293276 157221
1554293276 199030
1554293276 240986
1554293276 283232
1554293276 325119
1554293276 367153
1554293276 411606
1554293276 453094
1554293276 495002
1554293276 538126
1554293276 579082
1554293276 621408
1554293276 663602
1554293276 705024
1554293276 746987
1554293276 789337
1554293276 832641
1554293276 873177
1554293276 915577
1554293276 957240
1554293276 999016
1554293277 41666
1554293277 83231
1554293277 125119
1554293277 167085
1554293277 219339
1554293277 259566
1554293277 301181
1554293277 343170
1554293277 385092
1554293277 427237
1554293277 470425
1554293277 511496
1554293277 553078
1554293277 595043
1554293277 637013
1554293277 679234
1554293277 722702
1554293277 763335
1554293277 805185
1554293277 847132
1554293277 891331
1554293277 932401
1554293277 973557
1554293278 14992
1554293278 57363
1554293278 100051
1554293278 141135
1554293278 183481
1554293278 225732
1554293278 267062
1554293278 309042
1554293278 351753
1554293278 393133
1554293278 435066
1554293278 477643
1554293278 519054
1554293278 561225
1554293278 603893
1554293278 645354
1554293278 687144
1554293278 731784
1554293278 773023
1554293278 814982
1554293278 856972
1554293278 900470
1554293278 941118
1554293278 983594
1554293279 25171
1554293279 67054
1554293279 109062
1554293279 151337
1554293279 193977
1554293279 235047
1554293279 277087
1554293279 319055
1554293279 361202
1554293279 403799
1554293279 446962
1554293279 489189
1554293279 532965
1554293279 573381
1554293279 614963
1554293279 656970
1554293279 700201
1554293279 741148
1554293279 783131
1554293279 825163
1554293279 867025
1554293279 909156
1554293279 951543
1554293279 993407
1554293280 35158
1554293280 77081
1554293280 119148
1554293280 161305
1554293280 204215
1554293280 245150
1554293280 287207
1554293280 329112
1554293280 373711
1554293280 414123
1554293280 454986
1554293280 496964
1554293280 539144
1554293280 581597
1554293280 623390
1554293280 665451
1554293280 707209
1554293280 749031
1554293280 791113
1554293280 834228
1554293280 875057
1554293280 917075
1554293280 959008
1554293281 977
1554293281 44332
1554293281 85643
1554293281 127229
1554293281 169155
1554293281 210987
1554293281 254794
1554293281 296962
1554293281 339013
1554293281 382150
1554293281 423129
1554293281 466201
1554293281 507279
1554293281 549090
1554293281 591083
1554293281 633472
1554293281 675563
1554293281 717094
1554293281 759002
1554293281 801010
1554293281 843425
1554293281 885709
1554293281 927182
1554293281 969125
1554293282 11083
1554293282 55173
1554293282 96932
1554293282 139158
1554293282 182191
1554293282 223691
1554293282 265101
1554293282 307012
1554293282 348973
1554293282 391050
1554293282 433337
1554293282 476155
1554293282 516972
1554293282 559022
1554293282 600942
1554293282 643983
1554293282 685591
1554293282 727693
1554293282 769113
1554293282 810983
1554293282 855490
1554293282 895790
1554293282 936879
1554293282 979551
1554293283 20994
1554293283 63415
1554293283 105116
1554293283 147291
1554293283 189005
1554293283 231673
1554293283 272997
1554293283 315404
1554293283 356956
1554293283 398959
1554293283 440946
1554293283 484086
1554293283 525764
1554293283 567119
1554293283 609250
1554293283 650982
1554293283 692892
1554293283 737172
1554293283 776925
1554293283 819017
1554293283 861003
1554293283 904620
1554293283 945256
1554293283 987491
1554293284 29122
1554293284 71113
1554293284 113022
1554293284 155436
1554293284 197982
1554293284 239076
1554293284 281036
1554293284 323485
1554293284 365581
1554293284 407444
1554293284 449151
1554293284 490970
1554293284 533134
1554293284 579318
1554293284 620966
1554293284 664194
1554293284 705145
1554293284 747467
1554293284 789098
1554293284 831443
1554293284 873059
1554293284 916374
1554293284 957347
1554293284 999033
1554293285 41086
1554293285 83373
1554293285 125320
1554293285 167693
1554293285 209323
1554293285 250988
1554293285 293253
1554293285 337261
1554293285 377715
1554293285 419022
1554293285 461198
1554293285 503269
1554293285 545289
1554293285 589219
1554293285 631209
1554293285 673042
1554293285 715049
1554293285 757423
1554293285 799069
1554293285 841081
1554293285 883372
1554293285 925592
1554293285 967675
1554293286 9351
1554293286 51065
1554293286 92940
1554293286 134950
1554293286 178374
1554293286 219007
1554293286 260971
1554293286 303089
1554293286 345813
1554293286 387120
1554293286 429447
1554293286 471064
1554293286 513005
1554293286 555029
1554293286 597448
1554293286 639715
1554293286 681069
1554293286 723510
1554293286 765260
1554293286 807265
1554293286 849277
1554293286 891006
1554293286 933100
1554293286 975218
1554293287 19730
1554293287 60970
1554293287 102974
1554293287 146144
1554293287 187096
1554293287 229532
1554293287 271664
1554293287 313057
1554293287 355093
1554293287 397344
1554293287 442699
1554293287 481052
1554293287 523382
1554293287 565223
1554293287 608053
1554293287 649270
1554293287 690986
1554293287 733030
1554293287 775284
1554293287 819103
1554293287 859554
1554293287 900943
1554293287 942953
1554293287 985336
1554293288 27170
1554293288 69101
1554293288 111079
1554293288 153057
1554293288 195033
1554293288 237043
1554293288 279412
1554293288 321040
1554293288 363432
1554293288 405277
1554293288 447671
1554293288 489462
1554293288 530978
1554293288 572950
1554293288 615010
1554293288 659251
1554293288 700473
1554293288 740973
1554293288 782974
1554293288 825155
1554293288 867781
1554293288 909098
1554293288 951405
1554293288 993080
1554293289 35073
1554293289 77063
1554293289 119704
1554293289 161103
1554293289 203505
1554293289 245370
1554293289 287142
1554293289 330005
1554293289 371384
1554293289 413018
1554293289 454962
1554293289 496962
1554293289 540871
1554293289 582993
1554293289 625014
1554293289 668966
1554293289 709101
1554293289 751519
1554293289 793237
1554293289 835086
1554293289 877020
1554293289 920352
1554293289 961319
1554293290 3390
1554293290 45364
1554293290 87098
1554293290 129026
1554293290 171533
1554293290 213103
1554293290 254952
1554293290 296925
1554293290 341246
1554293290 381429
1554293290 423279
1554293290 465223
1554293290 508201
1554293290 549429
1554293290 591087
1554293290 633126
1554293290 675096
1554293290 717098
1554293290 759309
1554293290 801392
1554293290 843364
1554293290 885332
1554293290 927190
1554293290 969242
1554293291 11762
1554293291 52999
1554293291 94984
1554293291 136937
1554293291 181377
1554293291 222125
1554293291 262950
1554293291 304996
1554293291 347046
1554293291 389621
1554293291 431121
1554293291 473429
1554293291 515068
1554293291 557026
1554293291 599028
1554293291 641591
1554293291 683401
1554293291 725496
1554293291 767194
1554293291 809041
1554293291 851749
1554293291 893005
1554293291 934978
1554293291 977011
1554293292 19071
1554293292 62747
1554293292 104998
1554293292 146990
1554293292 190205
1554293292 231174
1554293292 273441
1554293292 315128
1554293292 357035
1554293292 399017
1554293292 441487
1554293292 483639
1554293292 525159
1554293292 567254
1554293292 609021
1554293292 651086
1554293292 693438
1554293292 734994
1554293292 776976
1554293292 818996
1554293292 863250
1554293292 904955
1554293292 946990
1554293292 990042
1554293293 31095
1554293293 73005
1554293293 114990
1554293293 156923
1554293293 198914
1554293293 241316
1554293293 283620
1554293293 325038
1554293293 367142
1554293293 408938
1554293293 451375
1554293293 493567
1554293293 534912
1554293293 576882
1554293293 619213
1554293293 663112
1554293293 703943
1554293293 744931
1554293293 786978
1554293293 828947
1554293293 871421
1554293293 913032
1554293293 955285
1554293293 997009
1554293294 38976
1554293294 81019
1554293294 123653
1554293294 165191
1554293294 207150
1554293294 248973
1554293294 290926
1554293294 333591
1554293294 374999
1554293294 416898
1554293294 459115
1554293294 500881
1554293294 544536
1554293294 584921
1554293294 626978
1554293294 668887
1554293294 712470
1554293294 752978
1554293294 795474
1554293294 837044
1554293294 878934
1554293294 920998
1554293294 963621
1554293295 6054
1554293295 46993
1554293295 89107
1554293295 130963
1554293295 172950
1554293295 215054
1554293295 257027
1554293295 298948
1554293295 340886
1554293295 385085
1554293295 426919
1554293295 468878
1554293295 512417
1554293295 552986
1554293295 595414
1554293295 637106
1554293295 678997
1554293295 720933
1554293295 763553
1554293295 806144
1554293295 847098
1554293295 889013
1554293295 931147
1554293295 972915
1554293296 15555
1554293296 57056
1554293296 98947
1554293296 141593
1554293296 185040
1554293296 225674
1554293296 266894
1554293296 308916
1554293296 350959
1554293296 394430
1554293296 435351
1554293296 477401
1554293296 518947
1554293296 560948
1554293296 603272
1554293296 646238
1554293296 687185
1554293296 729177
1554293296 770970
1554293296 812930
1554293296 855278
1554293296 897477
1554293296 939022
1554293296 980880
1554293297 22911
1554293297 66479
1554293297 106879
1554293297 149492
1554293297 190931
1554293297 234025
1554293297 275042
1554293297 317382
1554293297 359002
1554293297 401567
1554293297 443344
1554293297 485629
1554293297 528040
1554293297 569061
1554293297 611018
1554293297 653102
1554293297 695214
1554293297 737401
1554293297 778970
1554293297 820887
1554293297 862875
1554293297 907538
1554293297 948912
1554293297 990925
1554293298 34069
1554293298 75049
1554293298 117398
1554293298 159590
1554293298 200952
1554293298 243310
1554293298 285476
1554293298 328254
1554293298 369105
1554293298 411607
1554293298 453181
1554293298 494954
1554293298 537287
1554293298 578979
1554293298 620875
1554293298 663433
1554293298 706769
1554293298 747480
1554293298 788868
1554293298 831269
1554293298 873146
1554293298 915579
1554293298 957033
1554293298 998990
1554293299 41000
1554293299 83366
1554293299 125136
1554293299 168391
1554293299 209105
1554293299 250977
1554293299 292931
1554293299 335258
1554293299 377450
1554293299 419655
1554293299 460904
1554293299 502861
1554293299 547418
1554293299 588206
1554293299 628933
1554293299 671628
1554293299 713135
1554293299 755999
1554293299 797020
1554293299 839377
1554293299 881034
1554293299 923345
1554293299 965143
1554293300 7540
1554293300 49995
1554293300 90961
1554293300 132951
1554293300 174925
1554293300 216944
1554293300 259254
1554293300 300988
1554293300 342931
1554293300 384914
1554293300 429460
1554293300 470906
1554293300 512937
1554293300 556323
1554293300 597060
1554293300 639428
1554293300 681626
1554293300 723564
1554293300 765156
1554293300 807481
1554293300 849643
1554293300 891023
1554293300 933944
1554293300 975047
1554293301 16956
1554293301 59590
1554293301 100902
1554293301 142874
1554293301 185465
1554293301 228902
1554293301 269368
1554293301 310915
1554293301 352886
1554293301 395209
1554293301 438049
1554293301 479234
1554293301 521196
1554293301 563273
1554293301 605161
1554293301 647607
1554293301 690009
1554293301 730961
1554293301 772943
1554293301 814993
1554293301 856929
1554293301 901371
1554293301 942920
1554293301 984920
1554293302 29078
1554293302 70033
1554293302 110873
1554293302 152865
1554293302 194961
1554293302 238301
1554293302 279082
1554293302 321303
1554293302 363316
1554293302 405178
1554293302 447467
1554293302 489811
1554293302 530987
1554293302 572933
1554293302 614939
1554293302 656912
1554293302 699520
1554293302 740941
1554293302 782885
1554293302 824912
1554293302 867252
1554293302 910813
1554293302 952919
1554293302 994887
1554293303 38422
1554293303 79030
1554293303 121443
1554293303 163339
1554293303 205149
1554293303 247251
1554293303 289328
1554293303 332193
1554293303 372955
1554293303 414948
1554293303 457008
1554293303 499260
1554293303 540980
1554293303 582956
1554293303 625037
1554293303 666858
1554293303 710914
1554293303 753131
1554293303 794931
1554293303 838595
