1554293261 811231
1554293261 851733
1554293261 893206
1554293261 935284
1554293261 977128
1554293262 20774
1554293262 61748
1554293262 103143
1554293262 145412
1554293262 187692
1554293262 229471
1554293262 271595
1554293262 313668
1554293262 355287
1554293262 397084
1554293262 440960
1554293262 483416
1554293262 525359
1554293262 568543
1554293262 609236
1554293262 651628
1554293262 693245
1554293262 735259
1554293262 777178
1554293262 819745
1554293262 861715
1554293262 903186
1554293262 945222
1554293262 987252
1554293263 29989
1554293263 71560
1554293263 113125
1554293263 155120
1554293263 197060
1554293263 241770
1554293263 283413
1554293263 325305
1554293263 368725
1554293263 410033
1554293263 451176
1554293263 493188
1554293263 535107
1554293263 577118
1554293263 619704
1554293263 661468
1554293263 703133
1554293263 745123
1554293263 787198
1554293263 829403
1554293263 871505
1554293263 913173
1554293263 955061
1554293263 997112
1554293264 42383
1554293264 82464
1554293264 123350
1554293264 165231
1554293264 207669
1554293264 249513
1554293264 291262
1554293264 333448
1554293264 375130
1554293264 417115
1554293264 459151
1554293264 501544
1554293264 543118
1554293264 585144
1554293264 627088
1554293264 669347
1554293264 711764
1554293264 753056
1554293264 795041
1554293264 837276
1554293264 879032
1554293264 923024
1554293264 965241
1554293265 7252
1554293265 50744
1554293265 91314
1554293265 133536
1554293265 175192
1554293265 217210
1554293265 259222
1554293265 301521
1554293265 343503
1554293265 385159
1554293265 427450
1554293265 469157
1554293265 511157
1554293265 553529
1554293265 595122
1554293265 637391
1554293265 679110
1554293265 723541
1554293265 765189
1554293265 808029
1554293265 850469
1554293265 891424
1554293265 933610
1554293265 975245
1554293266 17223
1554293266 59806
1554293266 101671
1554293266 143534
1554293266 185258
1554293266 227162
1554293266 269152
1554293266 312884
1554293266 353557
1554293266 395122
1554293266 437411
1554293266 479074
1554293266 523489
1554293266 565038
1554293266 607263
1554293266 649501
1554293266 691811
1554293266 734658
1554293266 775339
1554293266 817130
1554293266 859198
1554293266 901196
1554293266 943952
1554293266 985164
1554293267 27140
1554293267 73195
1554293267 113988
1554293267 155034
1554293267 197011
1554293267 239044
1554293267 280999
1554293267 324800
1554293267 367252
1554293267 409268
1554293267 452222
1554293267 493257
1554293267 536124
1554293267 577131
1554293267 619182
1554293267 661117
1554293267 703525
1554293267 745418
1554293267 787223
1554293267 829077
1554293267 871088
1554293267 913063
1554293267 955526
1554293267 997041
1554293268 39045
1554293268 81109
1554293268 125362
1554293268 167215
1554293268 209210
1554293268 252192
1554293268 293995
1554293268 335641
1554293268 377482
1554293268 419448
1554293268 461146
1554293268 503391
1554293268 546142
1554293268 587232
1554293268 629093
1554293268 671089
1554293268 713048
1554293268 755477
1554293268 797589
1554293268 839018
1554293268 880989
1554293268 925928
1554293268 966093
1554293269 7081
1554293269 49195
1554293269 91329
1554293269 133142
1554293269 175165
1554293269 217408
1554293269 259133
1554293269 301124
1554293269 343666
1554293269 385550
1554293269 427144
1554293269 469063
1554293269 511079
1554293269 553743
1554293269 596201
1554293269 637103
1554293269 679022
1554293269 720998
1554293269 765553
1554293269 807484
1554293269 847023
1554293269 889179
1554293269 931218
1554293269 974045
1554293270 15141
1554293270 57449
1554293270 99170
1554293270 141068
1554293270 183140
1554293270 225924
1554293270 267145
1554293270 309070
1554293270 351066
1554293270 393029
1554293270 435089
1554293270 477480
1554293270 519033
1554293270 561015
1554293270 603346
1554293270 647297
1554293270 689221
1554293270 731212
1554293270 774372
1554293270 815167
1554293270 857587
1554293270 899207
1554293270 941123
1554293270 983107
1554293271 27168
1554293271 67372
1554293271 109092
1554293271 151083
1554293271 193105
1554293271 235047
1554293271 277479
1554293271 319025
1554293271 361002
1554293271 403332
1554293271 447413
1554293271 487584
1554293271 529250
1554293271 571122
1554293271 614238
1554293271 656875
1554293271 697170
1554293271 739184
1554293271 781122
1554293271 823268
1554293271 866308
1554293271 909120
1554293271 951120
1554293271 993163
1554293272 35067
1554293272 77468
1554293272 119574
1554293272 161006
1554293272 203325
1554293272 247526
1554293272 288422
1554293272 329163
1554293272 371747
1554293272 413116
1554293272 456490
1554293272 497615
1554293272 539605
1554293272 581254
1554293272 624050
1554293272 665161
1554293272 707641
1554293272 749125
1554293272 791076
1554293272 833254
1554293272 876033
1554293272 918215
1554293272 959465
1554293273 1074
1554293273 43359
1554293273 85205
1554293273 129623
1554293273 171176
1554293273 213072
1554293273 256708
1554293273 297146
1554293273 339574
1554293273 381738
1554293273 423144
1554293273 465165
1554293273 507536
1554293273 549448
1554293273 591115
1554293273 633681
1554293273 675100
1554293273 717059
1554293273 759494
1554293273 801078
1554293273 843336
1554293273 885895
1554293273 929716
1554293273 971075
1554293274 13042
1554293274 57382
1554293274 97184
1554293274 139626
1554293274 181249
1554293274 223161
1554293274 265126
1554293274 307466
1554293274 349559
1554293274 391090
1554293274 433122
1554293274 475148
1554293274 518220
1554293274 559559
1554293274 601052
1554293274 643345
1554293274 685231
1554293274 729515
1554293274 770056
1554293274 811025
1554293274 853168
1554293274 895070
1554293274 937541
1554293274 979275
1554293275 21423
1554293275 63104
1554293275 105135
1554293275 147112
1554293275 189546
1554293275 231151
1554293275 273409
1554293275 315109
1554293275 358065
1554293275 400011
1554293275 443330
1554293275 485258
1554293275 529513
1554293275 570588
1554293275 611001
1554293275 653040
1554293275 695196
1554293275 738490
1554293275 779290
1554293275 821589
1554293275 863156
1554293275 905140
1554293275 947183
1554293275 989500
1554293276 32153
1554293276 73125
1554293276 115106
1554293276 157349
1554293276 199161
1554293276 241300
1554293276 283352
1554293276 325240
1554293276 367271
1554293276 411723
1554293276 453212
1554293276 495122
1554293276 538270
1554293276 579206
1554293276 621554
1554293276 663734
1554293276 705150
1554293276 747109
1554293276 789462
1554293276 832772
1554293276 873308
1554293276 915712
1554293276 957364
1554293276 999144
1554293277 42391
1554293277 83354
1554293277 125243
1554293277 167205
1554293277 219471
1554293277 259692
1554293277 301311
1554293277 343296
1554293277 385223
1554293277 427369
1554293277 470567
1554293277 511623
1554293277 553204
1554293277 595173
1554293277 637139
1554293277 679371
1554293277 722824
1554293277 763480
1554293277 805309
1554293277 847256
1554293277 891415
1554293277 932523
1554293277 973673
1554293278 15111
1554293278 57703
1554293278 100193
1554293278 141264
1554293278 183607
1554293278 226020
1554293278 267189
1554293278 309168
1554293278 352000
1554293278 393265
1554293278 435192
1554293278 477773
1554293278 519208
1554293278 561365
1554293278 604040
1554293278 645478
1554293278 687270
1554293278 732356
1554293278 773144
1554293278 815104
1554293278 857093
1554293278 900609
1554293278 941251
1554293278 983724
1554293279 25302
1554293279 67179
1554293279 109190
1554293279 151456
1554293279 194106
1554293279 235173
1554293279 277211
1554293279 319177
1554293279 361338
1554293279 404054
1554293279 447087
1554293279 489312
1554293279 533623
1554293279 573501
1554293279 615082
1554293279 657091
1554293279 700360
1554293279 741275
1554293279 783259
1554293279 825378
1554293279 867151
1554293279 909289
1554293279 952393
1554293279 993535
1554293280 35290
1554293280 77203
1554293280 119276
1554293280 161674
1554293280 204345
1554293280 245274
1554293280 287360
1554293280 329235
1554293280 373479
1554293280 414278
1554293280 455108
1554293280 497088
1554293280 539264
1554293280 581724
1554293280 623524
1554293280 665575
1554293280 707342
1554293280 749157
1554293280 791240
1554293280 834363
1554293280 875182
1554293280 917203
1554293280 959138
1554293281 1094
1554293281 44689
1554293281 85765
1554293281 127346
1554293281 169275
1554293281 211108
1554293281 254921
1554293281 297084
1554293281 339164
1554293281 382285
1554293281 423252
1554293281 466407
1554293281 507405
1554293281 549217
1554293281 591210
1554293281 633601
1554293281 675689
1554293281 717224
1554293281 759127
1554293281 801135
1554293281 843779
1554293281 885962
1554293281 927306
1554293281 969247
1554293282 11204
1554293282 55294
1554293282 97051
1554293282 139277
1554293282 182345
1554293282 223961
1554293282 265616
1554293282 307137
1554293282 349097
1554293282 391177
1554293282 433474
1554293282 476313
1554293282 517098
1554293282 559148
1554293282 601065
1554293282 644134
1554293282 685714
1554293282 727813
1554293282 769229
1554293282 811171
1554293282 855215
1554293282 896031
1554293282 936998
1554293282 979674
1554293283 21116
1554293283 63544
1554293283 105243
1554293283 147418
1554293283 189136
1554293283 231809
1554293283 273126
1554293283 315531
1554293283 357078
1554293283 399093
1554293283 441069
1554293283 484227
1554293283 526221
1554293283 567237
1554293283 609369
1554293283 651100
1554293283 693015
1554293283 737297
1554293283 777050
1554293283 819141
1554293283 861126
1554293283 904752
1554293283 945386
1554293283 987616
1554293284 29248
1554293284 71240
1554293284 113149
1554293284 155567
1554293284 198117
1554293284 239199
1554293284 281163
1554293284 323608
1554293284 366117
1554293284 407791
1554293284 449275
1554293284 491089
1554293284 533255
1554293284 579437
1554293284 621088
1554293284 664428
1554293284 705271
1554293284 747602
1554293284 789227
1554293284 831576
1554293284 873193
1554293284 916541
1554293284 957471
1554293284 999153
1554293285 41215
1554293285 83497
1554293285 125441
1554293285 167813
1554293285 209444
1554293285 251111
1554293285 293375
1554293285 337387
1554293285 377942
1554293285 419146
1554293285 461316
1554293285 503427
1554293285 545416
1554293285 589345
1554293285 631342
1554293285 673169
1554293285 715174
1554293285 757549
1554293285 799192
1554293285 841207
1554293285 883499
1554293285 925752
1554293285 967799
1554293286 9475
1554293286 51185
1554293286 93063
1554293286 137330
1554293286 178491
1554293286 219130
1554293286 261092
1554293286 303237
1554293286 346155
1554293286 387244
1554293286 429570
1554293286 471193
1554293286 513134
1554293286 555156
1554293286 597570
1554293286 639949
1554293286 681197
1554293286 723640
1554293286 765391
1554293286 807385
1554293286 849407
1554293286 891133
1554293286 933220
1554293286 975337
1554293287 19971
1554293287 61089
1554293287 103096
1554293287 146274
1554293287 187225
1554293287 229667
1554293287 271789
1554293287 313183
1554293287 355223
1554293287 397462
1554293287 442828
1554293287 481176
1554293287 523510
1554293287 565350
1554293287 608550
1554293287 649398
1554293287 691105
1554293287 733149
1554293287 775405
1554293287 819813
1554293287 859672
1554293287 901066
1554293287 943072
1554293287 986785
1554293288 27292
1554293288 69232
1554293288 111207
1554293288 153180
1554293288 195161
1554293288 237520
1554293288 279541
1554293288 321167
1554293288 363557
1554293288 405407
1554293288 450011
1554293288 489582
1554293288 531103
1554293288 573070
1554293288 615136
1554293288 659586
1554293288 700594
1554293288 741098
1554293288 783094
1554293288 825278
1554293288 868121
1554293288 909224
1554293288 951531
1554293288 993206
1554293289 35203
1554293289 77192
1554293289 119943
1554293289 161231
1554293289 203636
1554293289 245496
1554293289 287261
1554293289 330141
1554293289 371510
1554293289 413139
1554293289 455085
1554293289 497086
1554293289 540994
1554293289 583111
1554293289 625137
1554293289 669099
1554293289 709222
1554293289 751642
1554293289 793364
1554293289 835216
1554293289 877148
1554293289 920522
1554293289 961447
1554293290 3521
1554293290 45491
1554293290 87228
1554293290 129150
1554293290 171660
1554293290 213223
1554293290 255072
1554293290 297054
1554293290 341367
1554293290 381550
1554293290 423399
1554293290 465343
1554293290 508354
1554293290 549552
1554293290 591209
1554293290 633252
1554293290 675226
1554293290 717222
1554293290 759482
1554293290 801525
1554293290 843490
1554293290 885460
1554293290 927309
1554293290 969383
1554293291 12217
1554293291 53119
1554293291 95104
1554293291 137061
1554293291 181466
1554293291 222340
1554293291 263068
1554293291 305119
1554293291 347172
1554293291 389750
1554293291 431243
1554293291 473559
1554293291 515194
1554293291 557153
1554293291 599152
1554293291 641716
1554293291 683521
1554293291 725617
1554293291 767322
1554293291 809490
1554293291 852372
1554293291 893130
1554293291 935098
1554293291 977139
1554293292 19205
1554293292 62867
1554293292 105120
1554293292 147151
1554293292 190332
1554293292 231305
1554293292 273564
1554293292 315257
1554293292 357162
1554293292 399147
1554293292 441620
1554293292 483763
1554293292 525295
1554293292 567385
1554293292 609148
1554293292 651215
1554293292 693567
1554293292 735117
1554293292 777098
1554293292 819121
1554293292 863370
1554293292 905078
1554293292 947111
1554293292 990197
1554293293 31221
1554293293 73485
1554293293 115120
1554293293 157048
1554293293 199041
1554293293 241450
1554293293 283750
1554293293 325162
1554293293 367269
1554293293 409063
1554293293 451521
1554293293 493696
1554293293 535036
1554293293 577000
1554293293 619339
1554293293 663235
1554293293 704125
1554293293 745057
1554293293 787100
1554293293 829068
1554293293 871543
1554293293 913161
1554293293 955413
1554293293 997136
1554293294 39106
1554293294 81148
1554293294 123787
1554293294 165312
1554293294 207281
1554293294 249101
1554293294 291314
1554293294 333733
1554293294 375116
1554293294 417019
1554293294 459240
1554293294 501006
1554293294 544657
1554293294 585036
1554293294 627096
1554293294 669054
1554293294 712602
1554293294 753106
1554293294 795603
1554293294 837173
1554293294 879070
1554293294 921122
1554293294 963751
1554293295 6185
1554293295 47115
1554293295 89234
1554293295 131089
1554293295 173306
1554293295 215375
1554293295 257151
1554293295 299071
1554293295 341005
1554293295 385209
1554293295 427043
1554293295 468998
1554293295 512561
1554293295 553115
1554293295 595561
1554293295 637239
1554293295 679125
1554293295 721057
1554293295 763675
1554293295 806267
1554293295 847227
1554293295 889142
1554293295 931278
1554293295 973273
1554293296 15931
1554293296 57180
1554293296 99069
1554293296 141714
1554293296 185175
1554293296 225800
1554293296 267010
1554293296 309040
1554293296 351344
1554293296 394555
1554293296 435475
1554293296 477530
1554293296 519077
1554293296 561073
1554293296 603742
1554293296 646446
1554293296 687310
1554293296 729307
1554293296 771100
1554293296 813409
1554293296 855411
1554293296 897600
1554293296 939147
1554293296 981000
1554293297 25523
1554293297 66602
1554293297 106998
1554293297 149617
1554293297 191051
1554293297 234170
1554293297 275168
1554293297 317506
1554293297 359132
1554293297 401699
1554293297 443478
1554293297 485749
1554293297 528173
1554293297 569183
1554293297 611144
1554293297 653228
1554293297 695358
1554293297 737750
1554293297 779091
1554293297 821007
1554293297 862996
1554293297 907658
1554293297 949031
1554293297 991051
1554293298 34211
1554293298 75181
1554293298 117529
1554293298 159716
1554293298 201079
1554293298 243439
1554293298 285593
1554293298 328407
1554293298 369229
1554293298 411733
1554293298 453305
1554293298 495302
1554293298 537450
1554293298 579099
1554293298 620993
1554293298 663557
1554293298 707627
1554293298 747602
1554293298 788986
1554293298 831395
1554293298 873302
1554293298 915705
1554293298 957161
1554293298 999122
1554293299 41135
1554293299 83492
1554293299 125611
1554293299 168515
1554293299 209232
1554293299 251102
1554293299 293058
1554293299 335445
1554293299 377587
1554293299 419779
1554293299 461024
1554293299 502982
1554293299 547223
1554293299 588354
1554293299 629056
1554293299 671745
1554293299 713261
1554293299 756163
1554293299 797142
1554293299 839510
1554293299 881163
1554293299 923473
1554293299 965264
1554293300 7660
1554293300 50136
1554293300 91093
1554293300 133077
1554293300 175053
1554293300 217068
1554293300 259380
1554293300 301112
1554293300 343050
1554293300 385033
1554293300 429584
1554293300 471029
1554293300 513059
1554293300 556464
1554293300 597185
1554293300 639562
1554293300 681751
1554293300 723688
1554293300 765285
1554293300 807719
1554293300 849768
1554293300 891149
1554293300 934084
1554293300 975174
1554293301 17087
1554293301 60000
1554293301 101026
1554293301 142995
1554293301 185594
1554293301 229578
1554293301 269491
1554293301 311035
1554293301 353006
1554293301 396191
1554293301 438195
1554293301 479719
1554293301 521325
1554293301 563403
1554293301 605287
1554293301 647738
1554293301 690138
1554293301 731088
1554293301 773073
1554293301 815121
1554293301 857052
1554293301 901492
1554293301 943038
1554293301 985036
1554293302 29413
1554293302 70150
1554293302 110998
1554293302 152986
1554293302 195083
1554293302 238426
1554293302 279203
1554293302 321428
1554293302 363446
1554293302 405305
1554293302 447591
1554293302 490090
1554293302 531117
1554293302 573060
1554293302 615065
1554293302 657039
1554293302 699652
1554293302 741062
1554293302 783005
1554293302 825027
1554293302 869720
1554293302 910937
1554293302 953040
1554293302 995006
1554293303 38550
1554293303 79159
1554293303 121569
1554293303 163468
1554293303 205278
1554293303 247381
1554293303 289560
1554293303 332349
1554293303 373083
1554293303 415074
1554293303 457138
1554293303 499395
1554293303 541294
1554293303 583078
1554293303 625156
1554293303 666984
1554293303 711655
1554293303 753253
1554293303 795050
1554293303 838877
