1554293261 810861
1554293261 851653
1554293261 893119
1554293261 935201
1554293261 977044
1554293262 20686
1554293262 61668
1554293262 103059
1554293262 145328
1554293262 187598
1554293262 229390
1554293262 271515
1554293262 313592
1554293262 355207
1554293262 397002
1554293262 440881
1554293262 483336
1554293262 525282
1554293262 568448
1554293262 609153
1554293262 651547
1554293262 693168
1554293262 735177
1554293262 777093
1554293262 819664
1554293262 861637
1554293262 903107
1554293262 945135
1554293262 987169
1554293263 29531
1554293263 71476
1554293263 113042
1554293263 155037
1554293263 196980
1554293263 241689
1554293263 283335
1554293263 325228
1554293263 368638
1554293263 409752
1554293263 451092
1554293263 493106
1554293263 535022
1554293263 577034
1554293263 619622
1554293263 661388
1554293263 703052
1554293263 745034
1554293263 787113
1554293263 829309
1554293263 871421
1554293263 913098
1554293263 954980
1554293263 997033
1554293264 41979
1554293264 82043
1554293264 123267
1554293264 165153
1554293264 207583
1554293264 249426
1554293264 291179
1554293264 333360
1554293264 375050
1554293264 417026
1554293264 459066
1554293264 501464
1554293264 543038
1554293264 585063
1554293264 627007
1554293264 669017
1554293264 711676
1554293264 752976
1554293264 794961
1554293264 837197
1554293264 878951
1554293264 922946
1554293264 965161
1554293265 7173
1554293265 50662
1554293265 91227
1554293265 133454
1554293265 175106
1554293265 217125
1554293265 259136
1554293265 301440
1554293265 343420
1554293265 385074
1554293265 427370
1554293265 469075
1554293265 511076
1554293265 553450
1554293265 595042
1554293265 637309
1554293265 679029
1554293265 723460
1554293265 765109
1554293265 807805
1554293265 850359
1554293265 891343
1554293265 933519
1554293265 975159
1554293266 17135
1554293266 59723
1554293266 101594
1554293266 143452
1554293266 185173
1554293266 227081
1554293266 269072
1554293266 312795
1554293266 353475
1554293266 395040
1554293266 437329
1554293266 478993
1554293266 523409
1554293266 564960
1554293266 607184
1554293266 649410
1554293266 691726
1554293266 734575
1554293266 775255
1554293266 817046
1554293266 859114
1554293266 901114
1554293266 943772
1554293266 985082
1554293267 27056
1554293267 72901
1554293267 113610
1554293267 154955
1554293267 196936
1554293267 238963
1554293267 280918
1554293267 324719
1554293267 367169
1554293267 409184
1554293267 452134
1554293267 493170
1554293267 536031
1554293267 577051
1554293267 619096
1554293267 661034
1554293267 703445
1554293267 745337
1554293267 787136
1554293267 828995
1554293267 871004
1554293267 912982
1554293267 955438
1554293267 996965
1554293268 38962
1554293268 81028
1554293268 125283
1554293268 167136
1554293268 209132
1554293268 252107
1554293268 293742
1554293268 335557
1554293268 377397
1554293268 419363
1554293268 461059
1554293268 503310
1554293268 546054
1554293268 587145
1554293268 629006
1554293268 671009
1554293268 712966
1554293268 755395
1554293268 797513
1554293268 838942
1554293268 880906
1554293268 925395
1554293268 966008
1554293269 7001
1554293269 49116
1554293269 91240
1554293269 133057
1554293269 175083
1554293269 217323
1554293269 259051
1554293269 301042
1554293269 343580
1554293269 385467
1554293269 427061
1554293269 468983
1554293269 510996
1554293269 553350
1554293269 596108
1554293269 637026
1554293269 678944
1554293269 720920
1554293269 765473
1554293269 807395
1554293269 846945
1554293269 889102
1554293269 931140
1554293269 973771
1554293270 15060
1554293270 57365
1554293270 99090
1554293270 140985
1554293270 183057
1554293270 225738
1554293270 267060
1554293270 308986
1554293270 350984
1554293270 392950
1554293270 435008
1554293270 477394
1554293270 518953
1554293270 560935
1554293270 603268
1554293270 647218
1554293270 689143
1554293270 731104
1554293270 774235
1554293270 815082
1554293270 857506
1554293270 899123
1554293270 941041
1554293270 983023
1554293271 27073
1554293271 67290
1554293271 109012
1554293271 150999
1554293271 193023
1554293271 234964
1554293271 277398
1554293271 318945
1554293271 360927
1554293271 403250
1554293271 447335
1554293271 487506
1554293271 529170
1554293271 571043
1554293271 613275
1554293271 656792
1554293271 697089
1554293271 739102
1554293271 781042
1554293271 823181
1554293271 865771
1554293271 909037
1554293271 951035
1554293271 993081
1554293272 34986
1554293272 77384
1554293272 119496
1554293272 160925
1554293272 203247
1554293272 247448
1554293272 288341
1554293272 329086
1554293272 371670
1554293272 413037
1554293272 456306
1554293272 497525
1554293272 539520
1554293272 581169
1554293272 623804
1554293272 665077
1554293272 707559
1554293272 749041
1554293272 790997
1554293272 833171
1554293272 875547
1554293272 917629
1554293272 959379
1554293273 997
1554293273 43280
1554293273 85127
1554293273 129547
1554293273 171093
1554293273 212963
1554293273 256623
1554293273 297062
1554293273 339488
1554293273 381655
1554293273 423059
1554293273 465078
1554293273 507451
1554293273 549366
1554293273 591032
1554293273 633598
1554293273 675015
1554293273 716978
1554293273 759412
1554293273 800998
1554293273 843255
1554293273 885741
1554293273 929634
1554293273 970996
1554293274 12966
1554293274 57284
1554293274 97100
1554293274 139532
1554293274 181168
1554293274 223080
1554293274 265043
1554293274 307381
1554293274 349476
1554293274 391007
1554293274 433038
1554293274 475065
1554293274 517597
1554293274 559412
1554293274 600971
1554293274 643265
1554293274 685153
1554293274 729437
1554293274 769968
1554293274 810946
1554293274 853086
1554293274 894991
1554293274 937458
1554293274 979191
1554293275 21335
1554293275 63023
1554293275 105054
1554293275 147031
1554293275 189459
1554293275 231068
1554293275 273325
1554293275 315023
1554293275 357933
1554293275 399626
1554293275 443251
1554293275 485181
1554293275 529729
1554293275 570508
1554293275 610923
1554293275 652961
1554293275 695116
1554293275 738327
1554293275 779208
1554293275 821502
1554293275 863074
1554293275 905058
1554293275 947098
1554293275 989420
1554293276 32069
1554293276 73042
1554293276 115024
1554293276 157267
1554293276 199075
1554293276 241202
1554293276 283273
1554293276 325161
1554293276 367194
1554293276 411647
1554293276 453136
1554293276 495043
1554293276 538176
1554293276 579126
1554293276 621457
1554293276 663648
1554293276 705067
1554293276 747027
1554293276 789381
1554293276 832688
1554293276 873223
1554293276 915622
1554293276 957284
1554293276 999059
1554293277 41712
1554293277 83276
1554293277 125162
1554293277 167126
1554293277 219384
1554293277 259609
1554293277 301226
1554293277 343212
1554293277 385138
1554293277 427283
1554293277 470476
1554293277 511540
1554293277 553119
1554293277 595091
1554293277 637056
1554293277 679281
1554293277 722743
1554293277 763378
1554293277 805229
1554293277 847177
1554293277 891376
1554293277 932444
1554293277 973596
1554293278 15035
1554293278 57406
1554293278 100102
1554293278 141176
1554293278 183524
1554293278 225777
1554293278 267105
1554293278 309085
1554293278 351799
1554293278 393179
1554293278 435111
1554293278 477687
1554293278 519119
1554293278 561273
1554293278 603952
1554293278 645397
1554293278 687188
1554293278 731974
1554293278 773065
1554293278 815023
1554293278 857014
1554293278 900519
1554293278 941162
1554293278 983640
1554293279 25216
1554293279 67097
1554293279 109106
1554293279 151378
1554293279 194023
1554293279 235090
1554293279 277131
1554293279 319096
1554293279 361247
1554293279 403955
1554293279 447006
1554293279 489231
1554293279 533183
1554293279 573423
1554293279 615004
1554293279 657014
1554293279 700261
1554293279 741191
1554293279 783177
1554293279 825206
1554293279 867070
1554293279 909202
1554293279 952270
1554293279 993451
1554293280 35204
1554293280 77122
1554293280 119190
1554293280 161350
1554293280 204260
1554293280 245195
1554293280 287270
1554293280 329157
1554293280 373395
1554293280 414165
1554293280 455027
1554293280 497008
1554293280 539186
1554293280 581640
1554293280 623440
1554293280 665493
1554293280 707255
1554293280 749075
1554293280 791157
1554293280 834277
1554293280 875102
1554293280 917120
1554293280 959052
1554293281 1018
1554293281 44376
1554293281 85685
1554293281 127269
1554293281 169196
1554293281 211027
1554293281 254839
1554293281 297005
1554293281 339085
1554293281 382194
1554293281 423172
1554293281 466244
1554293281 507323
1554293281 549136
1554293281 591128
1554293281 633517
1554293281 675607
1554293281 717138
1554293281 759045
1554293281 801054
1554293281 843469
1554293281 885752
1554293281 927226
1554293281 969166
1554293282 11126
1554293282 55214
1554293282 96973
1554293282 139199
1554293282 182247
1554293282 223735
1554293282 265499
1554293282 307056
1554293282 349018
1554293282 391093
1554293282 433387
1554293282 476199
1554293282 517016
1554293282 559066
1554293282 600985
1554293282 644043
1554293282 685634
1554293282 727736
1554293282 769152
1554293282 811049
1554293282 855138
1554293282 895930
1554293282 936922
1554293282 979593
1554293283 21037
1554293283 63458
1554293283 105159
1554293283 147335
1554293283 189052
1554293283 231721
1554293283 273041
1554293283 315448
1554293283 356997
1554293283 399007
1554293283 440988
1554293283 484135
1554293283 525809
1554293283 567160
1554293283 609293
1554293283 651022
1554293283 692936
1554293283 737218
1554293283 776970
1554293283 819060
1554293283 861046
1554293283 904667
1554293283 945303
1554293283 987532
1554293284 29166
1554293284 71155
1554293284 113067
1554293284 155479
1554293284 198034
1554293284 239119
1554293284 281082
1554293284 323528
1554293284 366012
1554293284 407488
1554293284 449194
1554293284 491011
1554293284 533176
1554293284 579361
1554293284 621009
1554293284 664245
1554293284 705188
1554293284 747516
1554293284 789141
1554293284 831486
1554293284 873105
1554293284 916441
1554293284 957390
1554293284 999076
1554293285 41131
1554293285 83414
1554293285 125362
1554293285 167735
1554293285 209364
1554293285 251033
1554293285 293295
1554293285 337303
1554293285 377757
1554293285 419066
1554293285 461238
1554293285 503332
1554293285 545332
1554293285 589263
1554293285 631257
1554293285 673086
1554293285 715091
1554293285 757468
1554293285 799111
1554293285 841126
1554293285 883416
1554293285 925657
1554293285 967718
1554293286 9393
1554293286 51108
1554293286 92980
1554293286 137571
1554293286 178413
1554293286 219048
1554293286 261014
1554293286 303150
1554293286 346061
1554293286 387166
1554293286 429490
1554293286 471109
1554293286 513049
1554293286 555074
1554293286 597491
1554293286 639760
1554293286 681113
1554293286 723556
1554293286 765308
1554293286 807306
1554293286 849321
1554293286 891052
1554293286 933139
1554293286 975260
1554293287 19775
1554293287 61010
1554293287 103017
1554293287 146190
1554293287 187142
1554293287 229580
1554293287 271706
1554293287 313100
1554293287 355136
1554293287 397384
1554293287 442744
1554293287 481094
1554293287 523424
1554293287 565268
1554293287 608097
1554293287 649314
1554293287 691026
1554293287 733073
1554293287 775327
1554293287 819337
1554293287 859594
1554293287 900986
1554293287 942994
1554293287 985379
1554293288 27211
1554293288 69148
1554293288 111123
1554293288 153100
1554293288 195075
1554293288 237086
1554293288 279454
1554293288 321082
1554293288 363475
1554293288 405321
1554293288 447715
1554293288 489504
1554293288 531021
1554293288 572991
1554293288 615054
1554293288 659296
1554293288 700517
1554293288 741016
1554293288 783017
1554293288 825200
1554293288 867990
1554293288 909142
1554293288 951449
1554293288 993121
1554293289 35119
1554293289 77107
1554293289 119749
1554293289 161148
1554293289 203551
1554293289 245414
1554293289 287183
1554293289 330054
1554293289 371427
1554293289 413058
1554293289 455003
1554293289 497008
1554293289 540911
1554293289 583032
1554293289 625057
1554293289 669012
1554293289 709142
1554293289 751561
1554293289 793281
1554293289 835131
1554293289 877063
1554293289 920421
1554293289 961363
1554293290 3434
1554293290 45408
1554293290 87142
1554293290 129067
1554293290 171577
1554293290 213145
1554293290 254995
1554293290 296972
1554293290 341289
1554293290 381470
1554293290 423321
1554293290 465265
1554293290 508261
1554293290 549470
1554293290 591130
1554293290 633171
1554293290 675141
1554293290 717143
1554293290 759392
1554293290 801439
1554293290 843406
1554293290 885378
1554293290 927229
1554293290 969290
1554293291 12120
1554293291 53039
1554293291 95026
1554293291 136979
1554293291 181782
1554293291 222168
1554293291 262990
1554293291 305038
1554293291 347090
1554293291 389666
1554293291 431165
1554293291 473474
1554293291 515112
1554293291 557069
1554293291 599069
1554293291 641634
1554293291 683442
1554293291 725540
1554293291 767240
1554293291 809086
1554293291 852037
1554293291 893049
1554293291 935019
1554293291 977056
1554293292 19116
1554293292 62786
1554293292 105040
1554293292 147061
1554293292 190249
1554293292 231220
1554293292 273484
1554293292 315174
1554293292 357080
1554293292 399061
1554293292 441532
1554293292 483680
1554293292 525206
1554293292 567301
1554293292 609068
1554293292 651130
1554293292 693481
1554293292 735037
1554293292 777017
1554293292 819041
1554293292 863295
1554293292 904999
1554293292 947032
1554293292 990102
1554293293 31138
1554293293 73048
1554293293 115037
1554293293 156965
1554293293 198958
1554293293 241363
1554293293 283666
1554293293 325082
1554293293 367185
1554293293 408983
1554293293 451428
1554293293 493614
1554293293 534953
1554293293 576924
1554293293 619258
1554293293 663156
1554293293 703993
1554293293 744977
1554293293 787018
1554293293 828991
1554293293 871462
1554293293 913074
1554293293 955329
1554293293 997053
1554293294 39020
1554293294 81063
1554293294 123700
1554293294 165235
1554293294 207192
1554293294 249020
1554293294 291182
1554293294 333643
1554293294 375038
1554293294 416940
1554293294 459159
1554293294 500924
1554293294 544577
1554293294 584962
1554293294 627021
1554293294 668965
1554293294 712516
1554293294 753025
1554293294 795516
1554293294 837090
1554293294 878982
1554293294 921042
1554293294 963665
1554293295 6098
1554293295 47037
1554293295 89150
1554293295 131006
1554293295 173211
1554293295 215268
1554293295 257070
1554293295 298991
1554293295 340927
1554293295 385129
1554293295 426962
1554293295 468919
1554293295 512466
1554293295 553029
1554293295 595464
1554293295 637150
1554293295 679041
1554293295 720978
1554293295 763595
1554293295 806186
1554293295 847141
1554293295 889058
1554293295 931194
1554293295 972961
1554293296 15600
1554293296 57100
1554293296 98989
1554293296 141636
1554293296 185090
1554293296 225718
1554293296 266934
1554293296 308957
1554293296 351000
1554293296 394474
1554293296 435394
1554293296 477446
1554293296 518992
1554293296 560994
1554293296 603604
1554293296 646282
1554293296 687231
1554293296 729222
1554293296 771016
1554293296 813291
1554293296 855324
1554293296 897521
1554293296 939066
1554293296 980923
1554293297 22953
1554293297 66519
1554293297 106919
1554293297 149534
1554293297 190971
1554293297 234078
1554293297 275084
1554293297 317424
1554293297 359045
1554293297 401613
1554293297 443390
1554293297 485674
1554293297 528088
1554293297 569105
1554293297 611060
1554293297 653147
1554293297 695267
1554293297 737445
1554293297 779011
1554293297 820929
1554293297 862916
1554293297 907579
1554293297 948953
1554293297 990970
1554293298 34118
1554293298 75094
1554293298 117444
1554293298 159634
1554293298 200994
1554293298 243354
1554293298 285514
1554293298 328316
1554293298 369149
1554293298 411651
1554293298 453226
1554293298 494997
1554293298 537360
1554293298 579020
1554293298 620916
1554293298 663477
1554293298 707160
1554293298 747523
1554293298 788910
1554293298 831313
1554293298 873213
1554293298 915622
1554293298 957077
1554293298 999036
1554293299 41046
1554293299 83408
1554293299 125178
1554293299 168436
1554293299 209149
1554293299 251018
1554293299 292974
1554293299 335348
1554293299 377502
1554293299 419696
1554293299 460947
1554293299 502902
1554293299 547124
1554293299 588277
1554293299 628976
1554293299 671667
1554293299 713178
1554293299 756071
1554293299 797063
1554293299 839425
1554293299 881079
1554293299 923391
1554293299 965183
1554293300 7584
1554293300 50051
1554293300 91006
1554293300 132994
1554293300 174969
1554293300 216989
1554293300 259296
1554293300 301031
1554293300 342972
1554293300 384953
1554293300 429502
1554293300 470949
1554293300 512979
1554293300 556374
1554293300 597105
1554293300 639475
1554293300 681671
1554293300 723608
1554293300 765199
1554293300 807614
1554293300 849687
1554293300 891066
1554293300 933997
1554293300 975092
1554293301 17001
1554293301 59636
1554293301 100947
1554293301 142916
1554293301 185507
1554293301 229140
1554293301 269411
1554293301 310958
1554293301 352926
1554293301 395255
1554293301 438100
1554293301 479278
1554293301 521242
1554293301 563318
1554293301 605205
1554293301 647653
1554293301 690053
1554293301 731004
1554293301 772987
1554293301 815037
1554293301 856971
1554293301 901413
1554293301 942962
1554293301 984961
1554293302 29122
1554293302 70071
1554293302 110916
1554293302 152906
1554293302 195003
1554293302 238345
1554293302 279125
1554293302 321346
1554293302 363362
1554293302 405220
1554293302 447507
1554293302 489995
1554293302 531032
1554293302 572977
1554293302 614982
1554293302 656955
1554293302 699570
1554293302 740982
1554293302 782928
1554293302 824950
1554293302 867304
1554293302 910857
1554293302 952960
1554293302 994931
1554293303 38465
1554293303 79076
1554293303 121487
1554293303 163381
1554293303 205194
1554293303 247296
1554293303 289463
1554293303 332240
1554293303 373001
1554293303 414994
1554293303 457053
1554293303 499306
1554293303 541021
1554293303 583000
1554293303 625078
1554293303 666900
1554293303 711187
1554293303 753173
1554293303 794972
1554293303 838706
