1554296373 899978
1554296373 942732
1554296373 986003
1554296374 27950
1554296374 71960
1554296374 114214
1554296374 157915
1554296374 199993
1554296374 242119
1554296374 285942
1554296374 328130
1554296374 369914
1554296374 411919
1554296374 454984
1554296374 497893
1554296374 539905
1554296374 583957
1554296374 626076
1554296374 667912
1554296374 710631
1554296374 755272
1554296374 797897
1554296374 839890
1554296374 882773
1554296374 926116
1554296374 968516
1554296375 11933
1554296375 53936
1554296375 95967
1554296375 138168
1554296375 183638
1554296375 225893
1554296375 267916
1554296375 309911
1554296375 351962
1554296375 394027
1554296375 437893
1554296375 479882
1554296375 522021
1554296375 565956
1554296375 608280
1554296375 651902
1554296375 693989
1554296375 736051
1554296375 778019
1554296375 819927
1554296375 864262
1554296375 905983
1554296375 948041
1554296375 989881
1554296376 32084
1554296376 74066
1554296376 117936
1554296376 159884
1554296376 201926
1554296376 245967
1554296376 288115
1554296376 329891
1554296376 371906
1554296376 413942
1554296376 457900
1554296376 499928
1554296376 541888
1554296376 588079
1554296376 629909
1554296376 672648
1554296376 716069
1554296376 757899
1554296376 799996
1554296376 842005
1554296376 887382
1554296376 930062
1554296376 972046
1554296377 16077
1554296377 57902
1554296377 99923
1554296377 142048
1554296377 187954
1554296377 229936
1554296377 272520
1554296377 315916
1554296377 359900
1554296377 401932
1554296377 444532
1554296377 488039
1554296377 529896
1554296377 571915
1554296377 614603
1554296377 657918
1554296377 699892
1554296377 741979
1554296377 785584
1554296377 827895
1554296377 870056
1554296377 913079
1554296377 955952
1554296377 999991
1554296378 42080
1554296378 83908
1554296378 128022
1554296378 169980
1554296378 211883
1554296378 253900
1554296378 296093
1554296378 339892
1554296378 381879
1554296378 426078
1554296378 468019
1554296378 509889
1554296378 551885
1554296378 594125
1554296378 636003
1554296378 679908
1554296378 722016
1554296378 764105
1554296378 808545
1554296378 852005
1554296378 894111
1554296378 937991
1554296378 979982
1554296379 21948
1554296379 63994
1554296379 109999
1554296379 151889
1554296379 195973
1554296379 237943
1554296379 279923
1554296379 322044
1554296379 364089
1554296379 407925
1554296379 449966
1554296379 491954
1554296379 534426
1554296379 577924
1554296379 619894
1554296379 661910
1554296379 703918
1554296379 750638
1554296379 794525
1554296379 837912
1554296379 882026
1554296379 926985
1554296379 970281
1554296380 13894
1554296380 57933
1554296380 99900
1554296380 141904
1554296380 184479
1554296380 230006
1554296380 271926
1554296380 314744
1554296380 357942
1554296380 401937
1554296380 444080
1554296380 486512
1554296380 529928
1554296380 571962
1554296380 613901
1554296380 656537
1554296380 699921
1554296380 741957
1554296380 783907
1554296380 828357
1554296380 872530
1554296380 916053
1554296380 957978
1554296381 2035
1554296381 46062
1554296381 89942
1554296381 132050
1554296381 173932
1554296381 215907
1554296381 257945
1554296381 299958
1554296381 341904
1554296381 383883
1554296381 425997
1554296381 472679
1554296381 515978
1554296381 557962
1554296381 602049
1554296381 645994
1554296381 689921
1554296381 731941
1554296381 773931
1554296381 815949
1554296381 859926
1554296381 902024
1554296381 949313
1554296381 992194
1554296382 33925
1554296382 76109
1554296382 118007
1554296382 160194
1554296382 213880
1554296382 255884
1554296382 298071
1554296382 341922
1554296382 383889
1554296382 425929
1554296382 471997
1554296382 514513
1554296382 558031
1554296382 600549
1554296382 644017
1554296382 686101
1554296382 728363
1554296382 771908
1554296382 813879
1554296382 855899
1554296382 898834
1554296382 941922
1554296382 983900
1554296383 26492
1554296383 72032
1554296383 113908
1554296383 156107
1554296383 198083
1554296383 239936
1554296383 283974
1554296383 326005
1554296383 367943
1554296383 411957
1554296383 453883
1554296383 495900
1554296383 538053
1554296383 579922
1554296383 621920
1554296383 663891
1554296383 706068
1554296383 750245
1554296383 792034
1554296383 833905
1554296383 875954
1554296383 918340
1554296383 961981
1554296384 3920
1554296384 45982
1554296384 87903
1554296384 131915
1554296384 173962
1554296384 215886
1554296384 257892
1554296384 300122
1554296384 343893
1554296384 385941
1554296384 427929
1554296384 473973
1554296384 516124
1554296384 560176
1554296384 603968
1554296384 646658
1554296384 690265
1554296384 733910
1554296384 775880
1554296384 817907
1554296384 861933
1554296384 903908
1554296384 945897
1554296384 987944
1554296385 33972
1554296385 75901
1554296385 118978
1554296385 162366
1554296385 205992
1554296385 247907
1554296385 290259
1554296385 333906
1554296385 376012
1554296385 417880
1554296385 461946
1554296385 503900
1554296385 545909
1554296385 587913
1554296385 641951
1554296385 685901
1554296385 727954
1554296385 770383
1554296385 813888
1554296385 856511
1554296385 899936
1554296385 942093
1554296385 985899
1554296386 27886
1554296386 71660
1554296386 113919
1554296386 156110
1554296386 197974
1554296386 241988
1554296386 285941
1554296386 327906
1554296386 369898
1554296386 413928
1554296386 455964
1554296386 497922
1554296386 539922
1554296386 581971
1554296386 623925
1554296386 665951
1554296386 707942
1554296386 752284
1554296386 794018
1554296386 836029
1554296386 877899
1554296386 920240
1554296386 964616
1554296387 8040
1554296387 49902
1554296387 94142
1554296387 137918
1554296387 180451
1554296387 223936
1554296387 265914
1554296387 307917
1554296387 349925
1554296387 396544
1554296387 440104
1554296387 484159
1554296387 526087
1554296387 568156
1554296387 610059
1554296387 654189
1554296387 695983
1554296387 738142
1554296387 780012
1554296387 821976
1554296387 864085
1554296387 907908
1554296387 949962
1554296387 995999
1554296388 37903
1554296388 80788
1554296388 124514
1554296388 167936
1554296388 209910
1554296388 252162
1554296388 295962
1554296388 337907
1554296388 379920
1554296388 421910
1554296388 463923
1554296388 509709
1554296388 553561
1554296388 595926
1554296388 637890
1554296388 681379
1554296388 724108
1554296388 767913
1554296388 809892
1554296388 852108
1554296388 895972
1554296388 937891
1554296388 979960
1554296389 21935
1554296389 63954
1554296389 105947
1554296389 148060
1554296389 189883
1554296389 234104
1554296389 275917
1554296389 317894
1554296389 359889
1554296389 402052
1554296389 444167
1554296389 487933
1554296389 529963
1554296389 571902
1554296389 615931
1554296389 657893
1554296389 700473
1554296389 745923
1554296389 788016
1554296389 830227
1554296389 872182
1554296389 917903
1554296389 959894
1554296390 4180
1554296390 47929
1554296390 89902
1554296390 131908
1554296390 180090
1554296390 224174
1554296390 268014
1554296390 309886
1554296390 352412
1554296390 397903
1554296390 439956
1554296390 492064
1554296390 535990
1554296390 578035
1554296390 619915
1554296390 661906
1554296390 703973
1554296390 747883
1554296390 789894
1554296390 832456
1554296390 878033
1554296390 920020
1554296390 962115
1554296391 4098
1554296391 46116
1554296391 89981
1554296391 131906
1554296391 173914
1554296391 217937
1554296391 259907
1554296391 301906
1554296391 343930
1554296391 385938
1554296391 427918
1554296391 469904
1554296391 511997
1554296391 556338
1554296391 599904
1554296391 642039
1554296391 686005
1554296391 729973
1554296391 771914
1554296391 814065
1554296391 857921
1554296391 900032
1554296391 942152
1554296391 983977
1554296392 28649
1554296392 71892
1554296392 116148
1554296392 158108
1554296392 200140
1554296392 242009
1554296392 286035
1554296392 330005
1554296392 371907
1554296392 414440
1554296392 457917
1554296392 499894
1554296392 542087
1554296392 583918
1554296392 625962
1554296392 669900
1554296392 711896
1554296392 753919
1554296392 799968
1554296392 841994
1554296392 886045
1554296392 928253
1554296392 971902
1554296393 14034
1554296393 57927
1554296393 99897
1554296393 142128
1554296393 183876
1554296393 225966
1554296393 269913
1554296393 311899
1554296393 353887
1554296393 397873
1554296393 439990
1554296393 481984
1554296393 525314
1554296393 567918
1554296393 612005
1554296393 653944
1554296393 696458
1554296393 739903
1554296393 782130
1554296393 823882
1554296393 866520
1554296393 909916
1554296393 951897
1554296393 994504
1554296394 39974
1554296394 81949
1554296394 125383
1554296394 168093
1554296394 211895
1554296394 253883
1554296394 295898
1554296394 339933
1554296394 381917
1554296394 423885
1554296394 466013
1554296394 509915
1554296394 552928
1554296394 598022
1554296394 640013
1554296394 682013
1554296394 724092
1554296394 768133
1554296394 811970
1554296394 854061
1554296394 895913
1554296394 942115
1554296394 983913
1554296395 25987
1554296395 67956
1554296395 109914
1554296395 151941
1554296395 193923
1554296395 236049
1554296395 281978
1554296395 324113
1554296395 367994
1554296395 410181
1554296395 451949
1554296395 493949
1554296395 535911
1554296395 579923
1554296395 621921
1554296395 663944
1554296395 705971
1554296395 749894
1554296395 792085
1554296395 833953
1554296395 875931
1554296395 921913
1554296395 963934
1554296396 6516
1554296396 50418
1554296396 93906
1554296396 136164
1554296396 178053
1554296396 220126
1554296396 263894
1554296396 306048
1554296396 347950
1554296396 389923
1554296396 432421
1554296396 475895
1554296396 520589
1554296396 564047
1554296396 607032
1554296396 650832
1554296396 693927
1554296396 735880
1554296396 778389
1554296396 821926
1554296396 863963
1554296396 905964
1554296396 947956
1554296396 989930
1554296397 32074
1554296397 73895
1554296397 115914
1554296397 160629
1554296397 204018
1554296397 246052
1554296397 289977
1554296397 333906
1554296397 375884
1554296397 418917
1554296397 461919
1554296397 503909
1554296397 545893
1554296397 587953
1554296397 630201
1554296397 673913
1554296397 715987
1554296397 757999
1554296397 803997
1554296397 846070
1554296397 889973
1554296397 933908
1554296397 975915
1554296398 17946
1554296398 61923
1554296398 103910
1554296398 146130
1554296398 188540
1554296398 231923
1554296398 273978
1554296398 315919
1554296398 357959
1554296398 404536
1554296398 458003
1554296398 501938
1554296398 544160
1554296398 585923
1554296398 627943
1554296398 678724
1554296398 734215
1554296398 781601
1554296398 823959
1554296398 866099
1554296398 908507
1554296398 952215
1554296398 993910
1554296399 35908
1554296399 77952
1554296399 124120
1554296399 165985
1554296399 208853
1554296399 252017
1554296399 295921
1554296399 337915
1554296399 379929
1554296399 423933
1554296399 465899
1554296399 507892
1554296399 549882
1554296399 592009
1554296399 634156
1554296399 675894
1554296399 718460
1554296399 764013
1554296399 806087
1554296399 847900
1554296399 889990
1554296399 932014
1554296399 975918
1554296400 17947
1554296400 59952
1554296400 104158
1554296400 145935
1554296400 187977
1554296400 230722
1554296400 274031
1554296400 315995
1554296400 357996
1554296400 399926
1554296400 446736
1554296400 490214
1554296400 535879
1554296400 577899
1554296400 619887
1554296400 663925
1554296400 705936
1554296400 747896
1554296400 790058
1554296400 833932
1554296400 875950
1554296400 918068
1554296400 960034
1554296401 5971
1554296401 48091
1554296401 92101
1554296401 134302
1554296401 177945
1554296401 219931
1554296401 262213
1554296401 305898
1554296401 347919
1554296401 390445
1554296401 433921
1554296401 475891
1554296401 518041
1554296401 559919
1554296401 605954
1554296401 648082
1554296401 690583
1554296401 733903
1554296401 778022
1554296401 819908
1554296401 863528
1554296401 905996
1554296401 948087
1554296401 989880
1554296402 32002
1554296402 73928
1554296402 116425
1554296402 159912
1554296402 204293
1554296402 247929
1554296402 289926
1554296402 332484
1554296402 375957
1554296402 417903
1554296402 459902
1554296402 501884
1554296402 545961
1554296402 587907
1554296402 629949
1554296402 672015
1554296402 715912
1554296402 757910
1554296402 799939
1554296402 841928
1554296402 888018
1554296402 929897
1554296402 972007
1554296403 13999
1554296403 57909
1554296403 99936
1554296403 141933
1554296403 187906
1554296403 229883
1554296403 271916
1554296403 313956
1554296403 357902
1554296403 399942
1554296403 441945
1554296403 488065
1554296403 529973
1554296403 573975
1554296403 615952
1554296403 657999
1554296403 699934
1554296403 741923
1554296403 785952
1554296403 827888
1554296403 870093
1554296403 911917
1554296403 953970
1554296403 997894
1554296404 40029
1554296404 81895
1554296404 127981
1554296404 170093
1554296404 212960
1554296404 255908
1554296404 299926
1554296404 341973
1554296404 384436
1554296404 427890
1554296404 469928
1554296404 511907
1554296404 553959
1554296404 597914
1554296404 640033
1554296404 681926
1554296404 727989
1554296404 770684
1554296404 817990
1554296404 859924
1554296404 902067
1554296404 943917
1554296404 988569
1554296405 31913
1554296405 73883
1554296405 116220
1554296405 159982
1554296405 201996
1554296405 246028
1554296405 287989
1554296405 330009
1554296405 371911
1554296405 414026
1554296405 456008
1554296405 499919
1554296405 541894
1554296405 583893
1554296405 627931
1554296405 669975
1554296405 711906
1554296405 754000
1554296405 795962
1554296405 838024
1554296405 879901
1554296405 922003
1554296405 966525
1554296406 10038
1554296406 52172
1554296406 95959
1554296406 138164
1554296406 181895
1554296406 223886
1554296406 267913
1554296406 309909
1554296406 351892
1554296406 393991
1554296406 438070
1554296406 480014
1554296406 521975
1554296406 564088
1554296406 609949
1554296406 652302
1554296406 696556
1554296406 739917
1554296406 782056
1554296406 823905
1554296406 866752
1554296406 910434
1554296406 953893
1554296406 995992
1554296407 38030
1554296407 81899
1554296407 124062
1554296407 169900
1554296407 211920
1554296407 255088
1554296407 297943
1554296407 341908
1554296407 383956
1554296407 425890
1554296407 469917
1554296407 511896
1554296407 553893
1554296407 596113
1554296407 640010
1554296407 682011
1554296407 724079
1554296407 768040
1554296407 809992
1554296407 851949
1554296407 894031
1554296407 937999
1554296407 981909
1554296408 23897
1554296408 65911
1554296408 109955
1554296408 152496
1554296408 195881
1554296408 238037
1554296408 280049
1554296408 321977
1554296408 364096
1554296408 405922
1554296408 452190
1554296408 493915
1554296408 536112
1554296408 578044
1554296408 621898
1554296408 663895
1554296408 705899
1554296408 749933
1554296408 791898
1554296408 833898
1554296408 875995
1554296408 918037
1554296408 961905
1554296409 4078
1554296409 45969
1554296409 91997
1554296409 133921
1554296409 178040
1554296409 220155
1554296409 261897
1554296409 303892
1554296409 345911
1554296409 388181
1554296409 431921
1554296409 473962
1554296409 515922
1554296409 560488
1554296409 603972
1554296409 646045
1554296409 691986
1554296409 733907
1554296409 776583
1554296409 819916
1554296409 863901
1554296409 905908
1554296409 948698
1554296409 991927
1554296410 33953
1554296410 75895
1554296410 117993
1554296410 160073
1554296410 203970
1554296410 246131
1554296410 289793
1554296410 332046
1554296410 373968
1554296410 415883
1554296410 458065
1554296410 499949
1554296410 543986
1554296410 585922
1554296410 627880
1554296410 671919
1554296410 713995
1554296410 756076
1554296410 798553
1554296410 842165
1554296410 884206
1554296410 925946
1554296410 967884
1554296411 11902
1554296411 53908
1554296411 95893
1554296411 138018
1554296411 180260
1554296411 223899
1554296411 265928
1554296411 307903
1554296411 350251
1554296411 393894
1554296411 435891
1554296411 477901
1554296411 520060
1554296411 564081
1554296411 606240
1554296411 647900
1554296411 693953
1554296411 735892
1554296411 778306
1554296411 822025
1554296411 863905
1554296411 905905
1554296411 947898
1554296411 990218
1554296412 33895
1554296412 75966
1554296412 117950
1554296412 162327
1554296412 205930
1554296412 247895
1554296412 294021
1554296412 335887
1554296412 378958
1554296412 421904
1554296412 465901
1554296412 507949
1554296412 550369
1554296412 593900
1554296412 635963
1554296412 677975
1554296412 722044
1554296412 765996
1554296412 807895
1554296412 851516
1554296412 893935
1554296412 935947
1554296412 977883
1554296413 20535
1554296413 63946
1554296413 105974
1554296413 147905
1554296413 189916
1554296413 233936
1554296413 275991
1554296413 317949
1554296413 359937
1554296413 401956
1554296413 443922
1554296413 485932
1554296413 528050
1554296413 571966
1554296413 613979
1554296413 655889
1554296413 698004
1554296413 741971
1554296413 785941
1554296413 827985
1554296413 869916
1554296413 913954
1554296413 956063
1554296413 998013
1554296414 39907
1554296414 86114
1554296414 128015
1554296414 169895
1554296414 213882
1554296414 255964
1554296414 297889
1554296414 340017
1554296414 381968
1554296414 423951
1554296414 465921
1554296414 507933
1554296414 549890
1554296414 592181
1554296414 635906
1554296414 677930
1554296414 719972
1554296414 766307
1554296414 809886
1554296414 856023
1554296414 898101
1554296414 941988
1554296414 987110
1554296415 29944
1554296415 72546
1554296415 115910
1554296415 157982
1554296415 200027
1554296415 242060
1554296415 284248
1554296415 328093
1554296415 370026
1554296415 415907
1554296415 457903
1554296415 500938
1554296415 543941
1554296415 587925
1554296415 629893
1554296415 671961
1554296415 715943
1554296415 758017
1554296415 799981
1554296415 841933
1554296415 883962
1554296415 926473
1554296415 969915
1554296416 13912
1554296416 55927
1554296416 98008
1554296416 139912
1554296416 183991
1554296416 227902
1554296416 269893
1554296416 311884
1554296416 354156
1554296416 397897
1554296416 439893
1554296416 482031
1554296416 525953
1554296416 568041
1554296416 610437
1554296416 654336
1554296416 697920
