1554296373 940124
1554296373 975099
1554296374 10455
1554296374 58486
1554296374 90140
1554296374 146444
1554296374 186434
1554296374 220634
1554296374 265007
1554296374 312064
1554296374 352380
1554296374 398612
1554296374 437479
1554296374 471703
1554296374 532513
1554296374 559808
1554296374 615596
1554296374 639424
1554296374 698179
1554296374 755050
1554296374 779549
1554296374 829422
1554296374 856502
1554296374 918182
1554296374 943770
1554296374 998275
1554296375 44872
1554296375 80097
1554296375 131419
1554296375 152438
1554296375 203497
1554296375 255279
1554296375 290461
1554296375 341214
1554296375 376353
1554296375 427406
1554296375 450217
1554296375 508327
1554296375 552857
1554296375 593279
1554296375 634377
1554296375 678061
1554296375 723696
1554296375 754524
1554296375 802175
1554296375 856573
1554296375 880459
1554296375 941332
1554296375 972386
1554296376 20033
1554296376 46944
1554296376 105066
1554296376 148101
1554296376 189981
1554296376 225326
1554296376 276473
1554296376 319385
1554296376 356655
1554296376 394737
1554296376 447430
1554296376 477509
1554296376 532832
1554296376 572357
1554296376 615051
1554296376 658650
1554296376 698047
1554296376 742071
1554296376 787678
1554296376 816708
1554296376 877104
1554296376 906334
1554296376 963251
1554296376 995692
1554296377 50478
1554296377 82838
1554296377 135962
1554296377 158275
1554296377 217314
1554296377 255608
1554296377 299185
1554296377 340703
1554296377 388834
1554296377 425896
1554296377 475769
1554296377 510260
1554296377 558742
1554296377 594475
1554296377 639086
1554296377 690544
1554296377 721293
1554296377 772707
1554296377 810021
1554296377 862663
1554296377 893482
1554296377 948516
1554296377 967295
1554296378 22738
1554296378 76990
1554296378 101196
1554296378 160305
1554296378 196024
1554296378 236152
1554296378 287140
1554296378 328415
1554296378 363076
1554296378 412411
1554296378 454816
1554296378 491715
1554296378 539786
1554296378 575584
1554296378 622346
1554296378 654644
1554296378 710586
1554296378 752246
1554296378 787781
1554296378 840769
1554296378 871204
1554296378 931466
1554296378 960630
1554296379 9562
1554296379 53505
1554296379 90645
1554296379 124244
1554296379 182963
1554296379 207044
1554296379 267955
1554296379 303296
1554296379 352107
1554296379 396430
1554296379 428263
1554296379 480983
1554296379 513406
1554296379 568133
1554296379 600557
1554296379 649090
1554296379 690024
1554296379 740708
1554296379 764489
1554296379 822341
1554296379 847365
1554296379 910706
1554296379 961164
1554296379 987673
1554296380 47715
1554296380 73378
1554296380 131260
1554296380 167345
1554296380 217797
1554296380 256769
1554296380 296295
1554296380 344636
1554296380 374679
1554296380 432242
1554296380 472436
1554296380 511576
1554296380 560051
1554296380 584272
1554296380 644354
1554296380 672001
1554296380 733798
1554296380 751633
1554296380 812252
1554296380 859474
1554296380 893425
1554296380 936567
1554296380 988853
1554296381 29271
1554296381 78497
1554296381 122403
1554296381 158342
1554296381 205403
1554296381 237765
1554296381 292165
1554296381 322753
1554296381 371567
1554296381 414834
1554296381 453998
1554296381 499803
1554296381 535245
1554296381 589485
1554296381 633814
1554296381 671183
1554296381 715343
1554296381 761321
1554296381 805487
1554296381 839231
1554296381 896582
1554296381 915994
1554296381 981454
1554296382 22274
1554296382 60001
1554296382 94135
1554296382 152278
1554296382 180700
1554296382 240201
1554296382 289461
1554296382 319202
1554296382 375392
1554296382 410802
1554296382 454628
1554296382 504506
1554296382 533518
1554296382 585179
1554296382 630992
1554296382 670464
1554296382 716582
1554296382 733992
1554296382 801040
1554296382 821985
1554296382 885422
1554296382 927270
1554296382 963656
1554296383 12871
1554296383 58604
1554296383 86216
1554296383 147273
1554296383 170453
1554296383 226779
1554296383 272429
1554296383 310807
1554296383 351364
1554296383 398876
1554296383 430261
1554296383 485128
1554296383 522380
1554296383 557423
1554296383 598852
1554296383 652193
1554296383 678595
1554296383 747762
1554296383 764817
1554296383 821786
1554296383 852604
1554296383 915578
1554296383 942819
1554296383 983747
1554296384 34565
1554296384 72747
1554296384 120251
1554296384 159191
1554296384 207118
1554296384 225525
1554296384 285408
1554296384 333042
1554296384 363617
1554296384 417225
1554296384 454281
1554296384 513397
1554296384 526671
1554296384 580881
1554296384 635446
1554296384 662095
1554296384 722645
1554296384 763119
1554296384 807187
1554296384 842750
1554296384 896633
1554296384 926793
1554296384 974748
1554296385 17813
1554296385 55470
1554296385 106181
1554296385 146096
1554296385 192354
1554296385 222532
1554296385 275461
1554296385 305193
1554296385 364467
1554296385 404199
1554296385 447442
1554296385 487176
1554296385 534780
1554296385 573282
1554296385 616783
1554296385 673246
1554296385 706544
1554296385 762927
1554296385 786724
1554296385 840553
1554296385 889057
1554296385 907696
1554296385 968746
1554296386 19428
1554296386 34712
1554296386 97444
1554296386 152452
1554296386 177480
1554296386 227370
1554296386 253214
1554296386 315089
1554296386 357113
1554296386 396200
1554296386 438558
1554296386 485226
1554296386 522190
1554296386 567454
1554296386 589801
1554296386 653689
1554296386 691342
1554296386 743229
1554296386 781499
1554296386 818164
1554296386 872821
1554296386 899082
1554296386 957556
1554296386 972856
1554296387 35670
1554296387 77489
1554296387 110181
1554296387 168811
1554296387 212473
1554296387 249373
1554296387 290721
1554296387 327159
1554296387 382049
1554296387 406743
1554296387 470055
1554296387 509988
1554296387 547489
1554296387 595579
1554296387 634779
1554296387 678237
1554296387 717289
1554296387 771797
1554296387 799704
1554296387 848028
1554296387 886678
1554296387 933088
1554296387 972135
1554296388 25751
1554296388 67516
1554296388 101667
1554296388 157737
1554296388 198367
1554296388 236032
1554296388 280805
1554296388 304307
1554296388 367811
1554296388 409698
1554296388 437272
1554296388 491797
1554296388 519524
1554296388 582431
1554296388 618503
1554296388 666964
1554296388 703238
1554296388 757973
1554296388 787180
1554296388 843598
1554296388 871466
1554296388 925042
1554296388 966762
1554296388 989342
1554296389 52985
1554296389 84524
1554296389 141180
1554296389 160967
1554296389 221226
1554296389 250994
1554296389 305381
1554296389 344191
1554296389 382589
1554296389 430545
1554296389 470074
1554296389 517752
1554296389 545392
1554296389 602156
1554296389 627644
1554296389 686407
1554296389 730702
1554296389 778300
1554296389 803397
1554296389 866546
1554296389 902641
1554296389 947784
1554296389 989362
1554296390 31214
1554296390 66580
1554296390 119384
1554296390 164534
1554296390 215181
1554296390 246856
1554296390 296522
1554296390 334856
1554296390 369461
1554296390 427561
1554296390 465431
1554296390 532804
1554296390 552586
1554296390 611506
1554296390 647758
1554296390 691097
1554296390 735686
1554296390 779447
1554296390 817272
1554296390 869765
1554296390 893681
1554296390 956662
1554296390 980091
1554296391 36049
1554296391 64570
1554296391 119550
1554296391 162317
1554296391 196350
1554296391 252014
1554296391 279803
1554296391 333190
1554296391 374674
1554296391 417683
1554296391 455431
1554296391 497386
1554296391 537783
1554296391 561397
1554296391 630654
1554296391 659609
1554296391 717115
1554296391 761454
1554296391 780484
1554296391 848443
1554296391 881017
1554296391 930750
1554296391 973394
1554296391 999390
1554296392 60596
1554296392 80739
1554296392 151397
1554296392 180489
1554296392 228110
1554296392 276959
1554296392 308172
1554296392 360098
1554296392 379718
1554296392 449409
1554296392 478621
1554296392 530909
1554296392 564886
1554296392 611079
1554296392 658885
1554296392 701396
1554296392 739256
1554296392 789373
1554296392 823282
1554296392 877568
1554296392 904512
1554296392 960626
1554296392 988713
1554296393 48898
1554296393 82310
1554296393 131523
1554296393 161067
1554296393 213365
1554296393 254394
1554296393 281477
1554296393 340675
1554296393 383266
1554296393 421265
1554296393 469655
1554296393 507533
1554296393 554562
1554296393 592380
1554296393 638406
1554296393 682498
1554296393 712637
1554296393 771595
1554296393 790448
1554296393 866448
1554296393 886780
1554296393 934519
1554296393 979636
1554296394 25473
1554296394 62524
1554296394 111960
1554296394 140880
1554296394 194436
1554296394 223346
1554296394 282559
1554296394 303959
1554296394 361997
1554296394 415676
1554296394 452178
1554296394 491629
1554296394 550722
1554296394 570639
1554296394 624277
1554296394 668997
1554296394 705425
1554296394 754800
1554296394 783645
1554296394 845623
1554296394 867666
1554296394 933626
1554296394 961298
1554296395 13954
1554296395 61727
1554296395 82388
1554296395 139548
1554296395 168093
1554296395 231316
1554296395 253579
1554296395 312562
1554296395 354219
1554296395 389216
1554296395 439563
1554296395 473979
1554296395 525593
1554296395 550730
1554296395 613067
1554296395 645651
1554296395 689511
1554296395 736794
1554296395 787757
1554296395 812111
1554296395 855763
1554296395 910872
1554296395 950191
1554296395 990165
1554296396 34786
1554296396 64317
1554296396 128321
1554296396 155493
1554296396 208890
1554296396 246430
1554296396 289750
1554296396 316502
1554296396 379600
1554296396 413710
1554296396 462197
1554296396 498561
1554296396 555745
1554296396 580311
1554296396 635743
1554296396 680259
1554296396 712332
1554296396 773289
1554296396 800810
1554296396 855699
1554296396 888464
1554296396 933494
1554296396 963356
1554296397 24419
1554296397 48638
1554296397 105584
1554296397 145172
1554296397 191357
1554296397 236083
1554296397 271232
1554296397 320698
1554296397 355584
1554296397 405371
1554296397 449262
1554296397 483112
1554296397 534057
1554296397 571490
1554296397 605204
1554296397 659539
1554296397 689038
1554296397 754774
1554296397 786248
1554296397 835574
1554296397 873230
1554296397 923327
1554296397 954371
1554296398 5346
1554296398 36564
1554296398 91959
1554296398 128565
1554296398 174625
1554296398 215195
1554296398 261064
1554296398 299784
1554296398 345239
1554296398 388742
1554296398 426063
1554296398 492400
1554296398 537418
1554296398 571195
1554296398 612284
1554296398 662461
1554296398 715304
1554296398 774199
1554296398 795551
1554296398 856344
1554296398 893944
1554296398 935259
1554296398 983565
1554296399 6521
1554296399 63116
1554296399 108078
1554296399 141573
1554296399 192212
1554296399 236544
1554296399 263587
1554296399 329009
1554296399 346704
1554296399 415041
1554296399 435506
1554296399 496730
1554296399 525567
1554296399 582928
1554296399 618748
1554296399 666450
1554296399 700801
1554296399 751376
1554296399 777403
1554296399 837387
1554296399 867974
1554296399 924928
1554296399 958029
1554296400 7308
1554296400 28396
1554296400 89603
1554296400 132859
1554296400 158285
1554296400 220017
1554296400 265289
1554296400 300619
1554296400 346390
1554296400 389578
1554296400 437318
1554296400 469681
1554296400 518735
1554296400 569095
1554296400 594078
1554296400 652071
1554296400 686465
1554296400 731324
1554296400 769368
1554296400 819976
1554296400 865322
1554296400 899735
1554296400 955167
1554296400 979360
1554296401 36670
1554296401 77100
1554296401 110076
1554296401 174752
1554296401 194188
1554296401 253609
1554296401 292526
1554296401 337272
1554296401 378349
1554296401 418301
1554296401 453470
1554296401 506257
1554296401 537202
1554296401 591319
1554296401 635700
1554296401 663184
1554296401 718307
1554296401 768094
1554296401 794269
1554296401 852605
1554296401 887595
1554296401 937460
1554296401 956332
1554296402 22741
1554296402 66061
1554296402 105693
1554296402 149466
1554296402 186164
1554296402 234420
1554296402 278070
1554296402 317280
1554296402 359301
1554296402 394295
1554296402 450956
1554296402 472710
1554296402 534617
1554296402 570006
1554296402 618787
1554296402 658070
1554296402 698596
1554296402 743556
1554296402 767668
1554296402 829322
1554296402 871650
1554296402 914106
1554296402 958656
1554296403 603
1554296403 37257
1554296403 89348
1554296403 113345
1554296403 180609
1554296403 207251
1554296403 260740
1554296403 302876
1554296403 345708
1554296403 382313
1554296403 430851
1554296403 461452
1554296403 516573
1554296403 559009
1554296403 591638
1554296403 645648
1554296403 682269
1554296403 707583
1554296403 774016
1554296403 806135
1554296403 860767
1554296403 896792
1554296403 936366
1554296403 985966
1554296404 29685
1554296404 70468
1554296404 106240
1554296404 165423
1554296404 187366
1554296404 240650
1554296404 261572
1554296404 321506
1554296404 375758
1554296404 409561
1554296404 452429
1554296404 494068
1554296404 545389
1554296404 579574
1554296404 630356
1554296404 660517
1554296404 712761
1554296404 767687
1554296404 782428
1554296404 847017
1554296404 895236
1554296404 928703
1554296404 980110
1554296405 6996
1554296405 59747
1554296405 106981
1554296405 142302
1554296405 191678
1554296405 216371
1554296405 272580
1554296405 316499
1554296405 338688
1554296405 396125
1554296405 442047
1554296405 487009
1554296405 522706
1554296405 568161
1554296405 613541
1554296405 656723
1554296405 700184
1554296405 729221
1554296405 787734
1554296405 820937
1554296405 872218
1554296405 906975
1554296405 956132
1554296405 986835
1554296406 36224
1554296406 80079
1554296406 106701
1554296406 159383
1554296406 212225
1554296406 234652
1554296406 298094
1554296406 329336
1554296406 381507
1554296406 421752
1554296406 458989
1554296406 508908
1554296406 547423
1554296406 596940
1554296406 624311
1554296406 681983
1554296406 723446
1554296406 754570
1554296406 811353
1554296406 831967
1554296406 905178
1554296406 941975
1554296406 970405
1554296407 25044
1554296407 62995
1554296407 105418
1554296407 160423
1554296407 195459
1554296407 240587
1554296407 274688
1554296407 325010
1554296407 370396
1554296407 399934
1554296407 457469
1554296407 490812
1554296407 544700
1554296407 577538
1554296407 629202
1554296407 665313
1554296407 714195
1554296407 770333
1554296407 797572
1554296407 836147
1554296407 889324
1554296407 918249
1554296407 972001
1554296408 4175
1554296408 52285
1554296408 90104
1554296408 134110
1554296408 181275
1554296408 221166
1554296408 253686
1554296408 311138
1554296408 338924
1554296408 395236
1554296408 431173
1554296408 482329
1554296408 513721
1554296408 559126
1554296408 611230
1554296408 636374
1554296408 691806
1554296408 733327
1554296408 782887
1554296408 820595
1554296408 864265
1554296408 900290
1554296408 931814
1554296408 995271
1554296409 23803
1554296409 77594
1554296409 121402
1554296409 159224
1554296409 210816
1554296409 245339
1554296409 290488
1554296409 330331
1554296409 375074
1554296409 410715
1554296409 460853
1554296409 503594
1554296409 541463
1554296409 591774
1554296409 631975
1554296409 664710
1554296409 721142
1554296409 752502
1554296409 807049
1554296409 845332
1554296409 896038
1554296409 930648
1554296409 980786
1554296410 23602
1554296410 58585
1554296410 106219
1554296410 125569
1554296410 191094
1554296410 232538
1554296410 269680
1554296410 324421
1554296410 345778
1554296410 398306
1554296410 452379
1554296410 480109
1554296410 532784
1554296410 564211
1554296410 612449
1554296410 655284
1554296410 684013
1554296410 736175
1554296410 789744
1554296410 823674
1554296410 875445
1554296410 901788
1554296410 942815
1554296410 998348
1554296411 16972
1554296411 84207
1554296411 118454
1554296411 173203
1554296411 201389
1554296411 254612
1554296411 302043
1554296411 326695
1554296411 384256
1554296411 422834
1554296411 470865
1554296411 503278
1554296411 552146
1554296411 594843
1554296411 633033
1554296411 678854
1554296411 716651
1554296411 772633
1554296411 791051
1554296411 853705
1554296411 894222
1554296411 938045
1554296411 976035
1554296412 13671
1554296412 61753
1554296412 104523
1554296412 144343
1554296412 193519
1554296412 223988
1554296412 278404
1554296412 323120
1554296412 342525
1554296412 407344
1554296412 436715
1554296412 492972
1554296412 525726
1554296412 584396
1554296412 620843
1554296412 667454
1554296412 697370
1554296412 757101
1554296412 784624
1554296412 840213
1554296412 864222
1554296412 926490
1554296412 964748
1554296413 5746
1554296413 43674
1554296413 89232
1554296413 136124
1554296413 184047
1554296413 216376
1554296413 265388
1554296413 293384
1554296413 348272
1554296413 387189
1554296413 422272
1554296413 458641
1554296413 517250
1554296413 548546
1554296413 602345
1554296413 642909
1554296413 680409
1554296413 729351
1554296413 779079
1554296413 809354
1554296413 854287
1554296413 901521
1554296413 946060
1554296413 966007
1554296414 28034
1554296414 55290
1554296414 115357
1554296414 158395
1554296414 196005
1554296414 244627
1554296414 275152
1554296414 327644
1554296414 357989
1554296414 410025
1554296414 455290
1554296414 494266
1554296414 538145
1554296414 575044
1554296414 613787
1554296414 667144
1554296414 710130
1554296414 742818
1554296414 797071
1554296414 827526
1554296414 886635
1554296414 907479
1554296414 999321
1554296415 9687
1554296415 56811
1554296415 98146
1554296415 145587
1554296415 174246
1554296415 229681
1554296415 275101
1554296415 311565
1554296415 346875
1554296415 398479
1554296415 446746
1554296415 474681
1554296415 529290
1554296415 576749
1554296415 609491
1554296415 659268
1554296415 704450
1554296415 742776
1554296415 789186
1554296415 816347
1554296415 878831
1554296415 906588
1554296415 956238
1554296415 999978
1554296416 37289
1554296416 85569
1554296416 114256
1554296416 171227
1554296416 214990
1554296416 257674
1554296416 287675
1554296416 346071
1554296416 379170
1554296416 426145
1554296416 471547
1554296416 508182
1554296416 550471
1554296416 599804
1554296416 620970
1554296416 682584
1554296416 759321
