1554296373 931142
1554296373 965602
1554296374 6781
1554296374 53234
1554296374 91356
1554296374 140126
1554296374 183449
1554296374 227495
1554296374 268555
1554296374 309273
1554296374 339288
1554296374 395156
1554296374 433807
1554296374 482549
1554296374 522939
1554296374 562402
1554296374 609236
1554296374 644326
1554296374 692645
1554296374 744743
1554296374 775994
1554296374 824909
1554296374 865513
1554296374 912654
1554296374 937203
1554296374 993260
1554296375 36814
1554296375 71102
1554296375 120460
1554296375 161072
1554296375 212004
1554296375 249193
1554296375 281344
1554296375 334481
1554296375 363581
1554296375 419006
1554296375 456626
1554296375 499946
1554296375 546992
1554296375 590848
1554296375 628576
1554296375 666694
1554296375 718060
1554296375 740583
1554296375 789376
1554296375 852792
1554296375 882180
1554296375 935235
1554296375 965419
1554296376 14094
1554296376 48100
1554296376 98194
1554296376 135589
1554296376 185450
1554296376 217030
1554296376 269500
1554296376 320788
1554296376 358290
1554296376 398322
1554296376 440037
1554296376 480231
1554296376 526755
1554296376 567533
1554296376 602882
1554296376 653329
1554296376 691804
1554296376 728532
1554296376 781028
1554296376 825467
1554296376 871087
1554296376 913659
1554296376 955556
1554296376 987008
1554296377 40586
1554296377 62580
1554296377 129369
1554296377 165098
1554296377 210718
1554296377 260014
1554296377 293525
1554296377 328750
1554296377 386159
1554296377 418973
1554296377 469035
1554296377 506572
1554296377 555153
1554296377 602515
1554296377 640610
1554296377 682068
1554296377 719474
1554296377 769607
1554296377 811563
1554296377 858753
1554296377 891044
1554296377 941769
1554296377 972337
1554296378 29711
1554296378 70706
1554296378 99038
1554296378 154459
1554296378 199187
1554296378 231728
1554296378 279711
1554296378 316649
1554296378 359089
1554296378 406947
1554296378 450232
1554296378 472909
1554296378 534481
1554296378 573772
1554296378 619377
1554296378 652012
1554296378 703589
1554296378 758072
1554296378 769803
1554296378 835431
1554296378 869642
1554296378 921278
1554296378 958007
1554296379 6418
1554296379 49426
1554296379 87449
1554296379 129163
1554296379 176026
1554296379 216108
1554296379 260638
1554296379 301503
1554296379 347168
1554296379 390035
1554296379 412743
1554296379 475796
1554296379 512159
1554296379 560979
1554296379 582571
1554296379 645065
1554296379 688624
1554296379 713153
1554296379 768338
1554296379 819380
1554296379 855797
1554296379 912884
1554296379 957670
1554296379 983690
1554296380 39129
1554296380 76644
1554296380 132584
1554296380 158596
1554296380 216286
1554296380 250611
1554296380 298191
1554296380 338601
1554296380 373598
1554296380 427759
1554296380 469061
1554296380 512951
1554296380 553502
1554296380 576836
1554296380 638984
1554296380 673164
1554296380 725551
1554296380 766996
1554296380 810885
1554296380 865239
1554296380 903322
1554296380 942559
1554296380 980373
1554296381 16549
1554296381 70743
1554296381 114273
1554296381 145503
1554296381 200710
1554296381 240051
1554296381 283337
1554296381 304594
1554296381 368570
1554296381 410605
1554296381 449355
1554296381 503415
1554296381 531782
1554296381 583188
1554296381 625796
1554296381 665801
1554296381 711530
1554296381 736755
1554296381 802012
1554296381 842841
1554296381 888569
1554296381 922116
1554296381 962193
1554296382 23450
1554296382 46004
1554296382 92406
1554296382 145488
1554296382 173512
1554296382 234260
1554296382 282204
1554296382 317775
1554296382 370302
1554296382 413576
1554296382 450698
1554296382 484989
1554296382 520888
1554296382 580616
1554296382 624735
1554296382 663385
1554296382 711992
1554296382 755076
1554296382 794975
1554296382 832398
1554296382 884046
1554296382 920129
1554296382 956415
1554296383 8864
1554296383 53540
1554296383 76962
1554296383 143138
1554296383 175957
1554296383 222115
1554296383 271136
1554296383 304404
1554296383 337767
1554296383 392646
1554296383 416786
1554296383 480406
1554296383 526189
1554296383 568110
1554296383 596981
1554296383 646813
1554296383 679439
1554296383 737363
1554296383 776822
1554296383 817489
1554296383 863277
1554296383 910918
1554296383 943952
1554296383 987362
1554296384 26627
1554296384 66517
1554296384 114104
1554296384 140804
1554296384 199217
1554296384 235972
1554296384 277039
1554296384 327458
1554296384 362282
1554296384 414427
1554296384 442788
1554296384 506124
1554296384 530918
1554296384 586681
1554296384 631258
1554296384 660006
1554296384 714017
1554296384 752576
1554296384 803485
1554296384 846726
1554296384 887807
1554296384 924988
1554296384 969224
1554296385 14777
1554296385 52284
1554296385 101379
1554296385 124735
1554296385 184678
1554296385 218420
1554296385 273802
1554296385 311459
1554296385 360517
1554296385 397761
1554296385 437271
1554296385 466474
1554296385 528980
1554296385 558077
1554296385 608257
1554296385 664662
1554296385 691435
1554296385 756484
1554296385 788051
1554296385 836260
1554296385 883435
1554296385 920973
1554296385 963550
1554296386 11804
1554296386 51025
1554296386 99119
1554296386 146413
1554296386 168761
1554296386 222479
1554296386 256309
1554296386 309084
1554296386 354008
1554296386 394901
1554296386 434096
1554296386 478058
1554296386 528774
1554296386 561080
1554296386 586799
1554296386 648762
1554296386 682848
1554296386 735501
1554296386 768580
1554296386 799337
1554296386 865748
1554296386 884786
1554296386 953222
1554296386 983193
1554296387 28596
1554296387 70218
1554296387 115070
1554296387 162551
1554296387 205547
1554296387 238599
1554296387 297677
1554296387 336272
1554296387 377374
1554296387 420350
1554296387 462521
1554296387 508519
1554296387 549216
1554296387 590527
1554296387 629501
1554296387 674040
1554296387 709064
1554296387 766052
1554296387 798358
1554296387 859684
1554296387 889083
1554296387 930661
1554296387 956757
1554296388 20438
1554296388 61798
1554296388 107446
1554296388 148412
1554296388 189704
1554296388 228724
1554296388 276165
1554296388 307978
1554296388 362921
1554296388 406046
1554296388 443305
1554296388 488609
1554296388 536438
1554296388 577460
1554296388 612609
1554296388 662303
1554296388 707338
1554296388 751215
1554296388 776023
1554296388 837142
1554296388 876754
1554296388 919157
1554296388 963145
1554296388 997752
1554296389 49383
1554296389 80593
1554296389 130833
1554296389 157465
1554296389 217055
1554296389 256825
1554296389 299392
1554296389 346091
1554296389 385039
1554296389 425626
1554296389 450327
1554296389 511106
1554296389 546681
1554296389 596844
1554296389 635621
1554296389 682051
1554296389 724430
1554296389 769118
1554296389 810145
1554296389 857678
1554296389 896724
1554296389 940233
1554296389 984784
1554296390 24190
1554296390 62293
1554296390 116343
1554296390 177755
1554296390 211428
1554296390 249789
1554296390 300627
1554296390 337799
1554296390 368086
1554296390 421167
1554296390 446764
1554296390 526577
1554296390 549362
1554296390 602214
1554296390 649107
1554296390 692610
1554296390 729184
1554296390 777781
1554296390 815154
1554296390 862169
1554296390 899254
1554296390 949967
1554296390 984871
1554296391 32158
1554296391 68214
1554296391 116600
1554296391 152672
1554296391 200603
1554296391 241323
1554296391 264826
1554296391 328138
1554296391 368496
1554296391 409515
1554296391 457308
1554296391 502292
1554296391 541284
1554296391 580781
1554296391 624611
1554296391 663593
1554296391 711345
1554296391 758632
1554296391 792912
1554296391 840157
1554296391 877071
1554296391 925412
1554296391 967768
1554296392 468
1554296392 55272
1554296392 88186
1554296392 145472
1554296392 178288
1554296392 224306
1554296392 269008
1554296392 300060
1554296392 352679
1554296392 389525
1554296392 439742
1554296392 480816
1554296392 534832
1554296392 562244
1554296392 607371
1554296392 653743
1554296392 694558
1554296392 726477
1554296392 782223
1554296392 821712
1554296392 870674
1554296392 907010
1554296392 957773
1554296392 979941
1554296393 40283
1554296393 78355
1554296393 125695
1554296393 162575
1554296393 207326
1554296393 249758
1554296393 286602
1554296393 339121
1554296393 378011
1554296393 412109
1554296393 464153
1554296393 492097
1554296393 549091
1554296393 598352
1554296393 629451
1554296393 679123
1554296393 709597
1554296393 769972
1554296393 799000
1554296393 855384
1554296393 872216
1554296393 931293
1554296393 983308
1554296394 17792
1554296394 54493
1554296394 106598
1554296394 154217
1554296394 191413
1554296394 225736
1554296394 275533
1554296394 319290
1554296394 368299
1554296394 411045
1554296394 438555
1554296394 480277
1554296394 543754
1554296394 577450
1554296394 619201
1554296394 663663
1554296394 696221
1554296394 750203
1554296394 789318
1554296394 839971
1554296394 875606
1554296394 928546
1554296394 962680
1554296395 9685
1554296395 56436
1554296395 88136
1554296395 135469
1554296395 173278
1554296395 225476
1554296395 256209
1554296395 306039
1554296395 355501
1554296395 394049
1554296395 432941
1554296395 467242
1554296395 519805
1554296395 556438
1554296395 607574
1554296395 648394
1554296395 691481
1554296395 739263
1554296395 789760
1554296395 815559
1554296395 857342
1554296395 915150
1554296395 953588
1554296395 986584
1554296396 30458
1554296396 74332
1554296396 116686
1554296396 159448
1554296396 202081
1554296396 244832
1554296396 288342
1554296396 323958
1554296396 374483
1554296396 408982
1554296396 456851
1554296396 486051
1554296396 550234
1554296396 572409
1554296396 630589
1554296396 673356
1554296396 699114
1554296396 764375
1554296396 788244
1554296396 848985
1554296396 896286
1554296396 936766
1554296396 968565
1554296397 21106
1554296397 62040
1554296397 99793
1554296397 134430
1554296397 184454
1554296397 228486
1554296397 252449
1554296397 313761
1554296397 353013
1554296397 400749
1554296397 443499
1554296397 466745
1554296397 530536
1554296397 556707
1554296397 604117
1554296397 655805
1554296397 689757
1554296397 750214
1554296397 766633
1554296397 828519
1554296397 852413
1554296397 916259
1554296397 942704
1554296397 997480
1554296398 35437
1554296398 87304
1554296398 134423
1554296398 169546
1554296398 193789
1554296398 255517
1554296398 290528
1554296398 340480
1554296398 384041
1554296398 424245
1554296398 483073
1554296398 534536
1554296398 566865
1554296398 597618
1554296398 655254
1554296398 709804
1554296398 781505
1554296398 805027
1554296398 851282
1554296398 898403
1554296398 938615
1554296398 979051
1554296398 998681
1554296399 64525
1554296399 104437
1554296399 136917
1554296399 188636
1554296399 231113
1554296399 264770
1554296399 319016
1554296399 350742
1554296399 408541
1554296399 434477
1554296399 493406
1554296399 526656
1554296399 576014
1554296399 603549
1554296399 659616
1554296399 682941
1554296399 748158
1554296399 768926
1554296399 830248
1554296399 854382
1554296399 917956
1554296399 948663
1554296399 998195
1554296400 32077
1554296400 84080
1554296400 128714
1554296400 150719
1554296400 215092
1554296400 262986
1554296400 284893
1554296400 337397
1554296400 367064
1554296400 429991
1554296400 452612
1554296400 514199
1554296400 559770
1554296400 586420
1554296400 646131
1554296400 691747
1554296400 734915
1554296400 777547
1554296400 814491
1554296400 856648
1554296400 893134
1554296400 949370
1554296400 976972
1554296401 29250
1554296401 71763
1554296401 116246
1554296401 164351
1554296401 190902
1554296401 247964
1554296401 285158
1554296401 328980
1554296401 379732
1554296401 421389
1554296401 460193
1554296401 500970
1554296401 535126
1554296401 586143
1554296401 629314
1554296401 664390
1554296401 712345
1554296401 774671
1554296401 797448
1554296401 846748
1554296401 868745
1554296401 930870
1554296401 966556
1554296402 17580
1554296402 57942
1554296402 96531
1554296402 127208
1554296402 184732
1554296402 228184
1554296402 271388
1554296402 315429
1554296402 356185
1554296402 399134
1554296402 440583
1554296402 484727
1554296402 527112
1554296402 559653
1554296402 613498
1554296402 645707
1554296402 700123
1554296402 739513
1554296402 773741
1554296402 826091
1554296402 870277
1554296402 910559
1554296402 936467
1554296402 994874
1554296403 27204
1554296403 81176
1554296403 119681
1554296403 171664
1554296403 192663
1554296403 254473
1554296403 298697
1554296403 337585
1554296403 371243
1554296403 426321
1554296403 456799
1554296403 514029
1554296403 557409
1554296403 592790
1554296403 637794
1554296403 680403
1554296403 717376
1554296403 771562
1554296403 802555
1554296403 855685
1554296403 901596
1554296403 942119
1554296403 984335
1554296404 28221
1554296404 69333
1554296404 107728
1554296404 157068
1554296404 192282
1554296404 236760
1554296404 268104
1554296404 326670
1554296404 368628
1554296404 408438
1554296404 449428
1554296404 483087
1554296404 541496
1554296404 575763
1554296404 624521
1554296404 661751
1554296404 709957
1554296404 756046
1554296404 793328
1554296404 838616
1554296404 889505
1554296404 926780
1554296404 976901
1554296405 9625
1554296405 54520
1554296405 99591
1554296405 130096
1554296405 188594
1554296405 225679
1554296405 270977
1554296405 311228
1554296405 352319
1554296405 378146
1554296405 436696
1554296405 478678
1554296405 505090
1554296405 569290
1554296405 610500
1554296405 650240
1554296405 695172
1554296405 727248
1554296405 779372
1554296405 812357
1554296405 862664
1554296405 902125
1554296405 953616
1554296405 988127
1554296406 34047
1554296406 73655
1554296406 120173
1554296406 153589
1554296406 207806
1554296406 240307
1554296406 291377
1554296406 320487
1554296406 384420
1554296406 424759
1554296406 466888
1554296406 507154
1554296406 553139
1554296406 591684
1554296406 622708
1554296406 676896
1554296406 718678
1554296406 756260
1554296406 808455
1554296406 850619
1554296406 918488
1554296406 922366
1554296406 972570
1554296407 21085
1554296407 64408
1554296407 103618
1554296407 154023
1554296407 183610
1554296407 235137
1554296407 260531
1554296407 317292
1554296407 365272
1554296407 400979
1554296407 450398
1554296407 489695
1554296407 538967
1554296407 573129
1554296407 621807
1554296407 659561
1554296407 707230
1554296407 755627
1554296407 799962
1554296407 826048
1554296407 880347
1554296407 912091
1554296407 968927
1554296408 9365
1554296408 43219
1554296408 79999
1554296408 136748
1554296408 184250
1554296408 226479
1554296408 258890
1554296408 305366
1554296408 341810
1554296408 390773
1554296408 422018
1554296408 475734
1554296408 503768
1554296408 555602
1554296408 601122
1554296408 639466
1554296408 685175
1554296408 731670
1554296408 773161
1554296408 796803
1554296408 861364
1554296408 889693
1554296408 942337
1554296408 990714
1554296409 22590
1554296409 72683
1554296409 115340
1554296409 140182
1554296409 200879
1554296409 228291
1554296409 285319
1554296409 319607
1554296409 370453
1554296409 404693
1554296409 458903
1554296409 502348
1554296409 537479
1554296409 586821
1554296409 625459
1554296409 663443
1554296409 715343
1554296409 754129
1554296409 799729
1554296409 828702
1554296409 891344
1554296409 931621
1554296409 974305
1554296410 18381
1554296410 52488
1554296410 98995
1554296410 140240
1554296410 185649
1554296410 236518
1554296410 276653
1554296410 317092
1554296410 336792
1554296410 393496
1554296410 440085
1554296410 465983
1554296410 524047
1554296410 558954
1554296410 607256
1554296410 653634
1554296410 692077
1554296410 742296
1554296410 795271
1554296410 827259
1554296410 883043
1554296410 916545
1554296410 957289
1554296410 995217
1554296411 35662
1554296411 78131
1554296411 106466
1554296411 165662
1554296411 185805
1554296411 245187
1554296411 294682
1554296411 325001
1554296411 373972
1554296411 398578
1554296411 465421
1554296411 485760
1554296411 546391
1554296411 596978
1554296411 626965
1554296411 674292
1554296411 706431
1554296411 760397
1554296411 786669
1554296411 846517
1554296411 895518
1554296411 934520
1554296411 964185
1554296411 998672
1554296412 56682
1554296412 107325
1554296412 147725
1554296412 188013
1554296412 229176
1554296412 273617
1554296412 318317
1554296412 359380
1554296412 403124
1554296412 446748
1554296412 497341
1554296412 524185
1554296412 574658
1554296412 612900
1554296412 661386
1554296412 704232
1554296412 748069
1554296412 786249
1554296412 835114
1554296412 856262
1554296412 920867
1554296412 951811
1554296413 2204
1554296413 30805
1554296413 77234
1554296413 111000
1554296413 188726
1554296413 218513
1554296413 258540
1554296413 280674
1554296413 344414
1554296413 394476
1554296413 430878
1554296413 469605
1554296413 511537
1554296413 549924
1554296413 596320
1554296413 637640
1554296413 674300
1554296413 722418
1554296413 747961
1554296413 814100
1554296413 859274
1554296413 876808
1554296413 940848
1554296413 960764
1554296414 23021
1554296414 46556
1554296414 109295
1554296414 164583
1554296414 199117
1554296414 237638
1554296414 268368
1554296414 320773
1554296414 352457
1554296414 405452
1554296414 447315
1554296414 490448
1554296414 530419
1554296414 581182
1554296414 609144
1554296414 659095
1554296414 708421
1554296414 726591
1554296414 792666
1554296414 816752
1554296414 885043
1554296414 912759
1554296414 990109
1554296415 6123
1554296415 49703
1554296415 103315
1554296415 142097
1554296415 177780
1554296415 224968
1554296415 271648
1554296415 299265
1554296415 343678
1554296415 395293
1554296415 439543
1554296415 477251
1554296415 519620
1554296415 569291
1554296415 593056
1554296415 657576
1554296415 698714
1554296415 739669
1554296415 784124
1554296415 827695
1554296415 869276
1554296415 907793
1554296415 953228
1554296415 994658
1554296416 38783
1554296416 79439
1554296416 119005
1554296416 165422
1554296416 206720
1554296416 254842
1554296416 298405
1554296416 338014
1554296416 375710
1554296416 419942
1554296416 466745
1554296416 509626
1554296416 530642
1554296416 596474
1554296416 629634
1554296416 677288
1554296416 726086
