1554296373 935195
1554296373 970723
1554296374 13206
1554296374 57009
1554296374 88691
1554296374 143961
1554296374 189157
1554296374 226074
1554296374 252339
1554296374 306269
1554296374 349774
1554296374 397222
1554296374 435968
1554296374 460222
1554296374 529387
1554296374 558407
1554296374 610696
1554296374 634034
1554296374 694326
1554296374 748274
1554296374 780867
1554296374 826302
1554296374 847094
1554296374 916718
1554296374 949703
1554296374 996737
1554296375 40006
1554296375 78504
1554296375 127517
1554296375 159952
1554296375 210503
1554296375 251346
1554296375 280014
1554296375 336723
1554296375 366153
1554296375 420433
1554296375 458830
1554296375 505368
1554296375 548410
1554296375 589063
1554296375 630133
1554296375 657670
1554296375 719574
1554296375 757381
1554296375 807783
1554296375 855091
1554296375 891327
1554296375 937146
1554296375 962140
1554296376 16120
1554296376 50748
1554296376 99702
1554296376 146455
1554296376 186992
1554296376 218137
1554296376 272873
1554296376 314565
1554296376 354704
1554296376 396630
1554296376 442144
1554296376 468062
1554296376 528238
1554296376 569199
1554296376 601347
1554296376 655519
1554296376 693781
1554296376 729607
1554296376 782434
1554296376 828440
1554296376 873685
1554296376 917551
1554296376 958272
1554296376 997797
1554296377 42540
1554296377 72579
1554296377 131496
1554296377 163302
1554296377 212322
1554296377 258603
1554296377 295691
1554296377 329743
1554296377 382359
1554296377 410270
1554296377 470454
1554296377 507622
1554296377 556975
1554296377 597056
1554296377 635380
1554296377 685788
1554296377 731518
1554296377 775709
1554296377 813325
1554296377 867184
1554296377 897624
1554296377 943296
1554296377 977047
1554296378 31151
1554296378 72438
1554296378 100107
1554296378 157081
1554296378 200624
1554296378 239518
1554296378 285051
1554296378 322205
1554296378 354980
1554296378 410779
1554296378 453346
1554296378 493434
1554296378 536198
1554296378 558710
1554296378 617718
1554296378 644253
1554296378 707437
1554296378 759516
1554296378 789310
1554296378 837144
1554296378 870668
1554296378 923301
1554296378 952633
1554296379 8073
1554296379 50766
1554296379 89143
1554296379 132864
1554296379 178191
1554296379 217681
1554296379 262083
1554296379 292540
1554296379 348523
1554296379 391524
1554296379 431154
1554296379 477487
1554296379 516027
1554296379 562786
1554296379 598840
1554296379 650453
1554296379 692798
1554296379 734103
1554296379 770717
1554296379 817600
1554296379 858029
1554296379 907725
1554296379 959605
1554296379 994299
1554296380 41456
1554296380 82035
1554296380 137051
1554296380 174125
1554296380 212176
1554296380 252232
1554296380 278885
1554296380 340605
1554296380 377600
1554296380 429192
1554296380 475033
1554296380 520554
1554296380 556205
1554296380 580764
1554296380 640600
1554296380 661775
1554296380 727569
1554296380 771309
1554296380 816588
1554296380 862620
1554296380 896535
1554296380 924492
1554296380 983972
1554296381 20688
1554296381 72375
1554296381 116862
1554296381 155247
1554296381 198379
1554296381 231556
1554296381 284819
1554296381 320672
1554296381 366507
1554296381 413474
1554296381 450873
1554296381 495401
1554296381 533610
1554296381 584519
1554296381 629663
1554296381 672739
1554296381 718115
1554296381 753293
1554296381 800005
1554296381 840810
1554296381 893448
1554296381 923148
1554296381 977629
1554296382 24753
1554296382 56062
1554296382 97452
1554296382 149472
1554296382 179666
1554296382 236002
1554296382 285385
1554296382 305549
1554296382 371659
1554296382 415182
1554296382 457741
1554296382 506085
1554296382 524643
1554296382 582096
1554296382 626045
1554296382 666350
1554296382 713324
1554296382 750603
1554296382 796746
1554296382 833662
1554296382 882661
1554296382 922539
1554296382 962615
1554296383 10932
1554296383 55217
1554296383 97425
1554296383 144574
1554296383 172741
1554296383 223953
1554296383 266135
1554296383 313663
1554296383 352758
1554296383 394107
1554296383 431499
1554296383 478990
1554296383 520331
1554296383 562689
1554296383 595596
1554296383 650519
1554296383 693239
1554296383 738866
1554296383 775131
1554296383 816142
1554296383 854411
1554296383 912654
1554296383 936071
1554296383 982404
1554296384 33300
1554296384 74222
1554296384 115531
1554296384 156823
1554296384 200797
1554296384 233636
1554296384 279627
1554296384 329541
1554296384 369373
1554296384 415699
1554296384 452729
1554296384 507781
1554296384 538234
1554296384 583395
1554296384 632585
1554296384 654314
1554296384 715414
1554296384 754598
1554296384 801255
1554296384 840572
1554296384 886431
1554296384 913774
1554296384 971613
1554296385 16383
1554296385 42911
1554296385 103200
1554296385 127998
1554296385 186096
1554296385 213707
1554296385 272635
1554296385 306305
1554296385 357479
1554296385 400514
1554296385 440458
1554296385 476196
1554296385 532131
1554296385 576380
1554296385 601235
1554296385 666222
1554296385 694519
1554296385 758290
1554296385 785651
1554296385 838162
1554296385 881238
1554296385 918941
1554296385 967259
1554296386 14127
1554296386 49583
1554296386 100636
1554296386 153742
1554296386 180710
1554296386 224535
1554296386 265705
1554296386 314036
1554296386 352740
1554296386 397576
1554296386 432822
1554296386 480617
1554296386 533403
1554296386 570999
1554296386 607498
1554296386 652234
1554296386 693007
1554296386 765962
1554296386 783550
1554296386 819567
1554296386 867417
1554296386 907144
1554296386 956013
1554296386 984747
1554296387 37722
1554296387 74511
1554296387 113530
1554296387 165597
1554296387 207159
1554296387 237455
1554296387 293725
1554296387 333070
1554296387 378892
1554296387 413200
1554296387 464765
1554296387 507233
1554296387 544496
1554296387 594340
1554296387 633356
1554296387 675300
1554296387 708113
1554296387 767511
1554296387 802437
1554296387 851148
1554296387 896028
1554296387 943752
1554296387 976378
1554296388 22030
1554296388 63608
1554296388 106047
1554296388 150032
1554296388 194455
1554296388 230875
1554296388 277450
1554296388 316135
1554296388 364789
1554296388 404167
1554296388 438503
1554296388 490250
1554296388 516517
1554296388 579173
1554296388 600710
1554296388 660801
1554296388 705496
1554296388 754955
1554296388 790243
1554296388 838543
1554296388 866378
1554296388 920884
1554296388 965032
1554296388 996713
1554296389 51085
1554296389 79206
1554296389 137646
1554296389 172418
1554296389 215349
1554296389 253043
1554296389 301000
1554296389 349139
1554296389 388224
1554296389 427447
1554296389 467043
1554296389 514880
1554296389 538279
1554296389 598291
1554296389 631559
1554296389 689699
1554296389 729137
1554296389 781395
1554296389 811498
1554296389 859978
1554296389 900334
1554296389 941619
1554296389 986552
1554296390 26655
1554296390 64830
1554296390 116512
1554296390 173703
1554296390 208615
1554296390 248544
1554296390 298021
1554296390 323707
1554296390 380613
1554296390 422640
1554296390 449959
1554296390 524763
1554296390 556966
1554296390 608384
1554296390 638212
1554296390 687722
1554296390 732125
1554296390 772434
1554296390 807721
1554296390 865741
1554296390 895574
1554296390 951367
1554296390 968209
1554296391 30749
1554296391 65775
1554296391 112407
1554296391 165688
1554296391 197628
1554296391 244720
1554296391 271736
1554296391 329744
1554296391 371318
1554296391 411747
1554296391 442807
1554296391 495118
1554296391 542747
1554296391 582489
1554296391 626405
1554296391 661992
1554296391 710169
1554296391 760195
1554296391 786538
1554296391 842181
1554296391 872892
1554296391 927477
1554296391 970377
1554296392 9229
1554296392 59057
1554296392 98496
1554296392 148126
1554296392 171993
1554296392 229969
1554296392 270519
1554296392 298919
1554296392 357133
1554296392 394196
1554296392 441318
1554296392 479739
1554296392 539291
1554296392 568565
1554296392 609421
1554296392 657492
1554296392 699729
1554296392 728174
1554296392 786389
1554296392 815686
1554296392 872250
1554296392 893562
1554296392 959140
1554296392 990090
1554296393 42208
1554296393 62791
1554296393 127526
1554296393 166407
1554296393 210289
1554296393 252888
1554296393 287754
1554296393 337540
1554296393 380172
1554296393 414514
1554296393 465770
1554296393 503280
1554296393 550151
1554296393 599298
1554296393 630549
1554296393 680536
1554296393 704346
1554296393 768089
1554296393 800111
1554296393 857694
1554296393 892364
1554296393 941814
1554296393 974350
1554296394 20576
1554296394 47622
1554296394 108387
1554296394 144165
1554296394 192945
1554296394 233036
1554296394 279227
1554296394 313737
1554296394 370188
1554296394 414063
1554296394 450519
1554296394 483538
1554296394 545481
1554296394 576056
1554296394 621044
1554296394 665299
1554296394 707062
1554296394 751786
1554296394 781000
1554296394 842015
1554296394 862291
1554296394 930442
1554296394 950665
1554296395 17434
1554296395 60236
1554296395 93566
1554296395 143044
1554296395 174546
1554296395 227463
1554296395 261615
1554296395 309014
1554296395 352800
1554296395 392470
1554296395 434354
1554296395 465814
1554296395 521139
1554296395 551644
1554296395 609323
1554296395 644265
1554296395 688173
1554296395 734269
1554296395 783001
1554296395 807722
1554296395 866743
1554296395 913692
1554296395 952032
1554296395 992123
1554296396 32075
1554296396 55680
1554296396 120450
1554296396 150234
1554296396 203564
1554296396 248683
1554296396 291945
1554296396 313562
1554296396 376110
1554296396 410195
1554296396 460637
1554296396 500396
1554296396 552567
1554296396 584280
1554296396 632719
1554296396 674781
1554296396 715288
1554296396 766169
1554296396 796726
1554296396 854130
1554296396 894771
1554296396 935195
1554296396 965604
1554296397 22999
1554296397 46619
1554296397 102378
1554296397 130620
1554296397 185790
1554296397 230359
1554296397 268446
1554296397 315319
1554296397 354135
1554296397 402486
1554296397 445086
1554296397 470123
1554296397 532637
1554296397 574703
1554296397 613675
1554296397 657459
1554296397 698550
1554296397 752037
1554296397 775364
1554296397 830247
1554296397 855516
1554296397 917568
1554296397 956886
1554296398 1430
1554296398 25734
1554296398 89632
1554296398 135810
1554296398 171122
1554296398 205373
1554296398 257218
1554296398 284132
1554296398 342074
1554296398 385550
1554296398 416020
1554296398 487815
1554296398 535810
1554296398 569423
1554296398 601484
1554296398 658883
1554296398 712329
1554296398 779333
1554296398 792576
1554296398 854778
1554296398 896792
1554296398 936830
1554296398 981203
1554296399 14785
1554296399 66023
1554296399 106182
1554296399 147581
1554296399 190245
1554296399 233344
1554296399 273375
1554296399 323085
1554296399 357352
1554296399 411279
1554296399 438546
1554296399 495121
1554296399 528824
1554296399 577503
1554296399 617190
1554296399 661663
1554296399 704840
1554296399 749682
1554296399 787548
1554296399 834184
1554296399 875733
1554296399 929238
1554296399 963181
1554296400 3518
1554296400 43380
1554296400 87475
1554296400 131291
1554296400 167635
1554296400 216621
1554296400 261493
1554296400 298629
1554296400 342455
1554296400 383179
1554296400 431978
1554296400 460616
1554296400 515759
1554296400 563957
1554296400 599210
1554296400 647618
1554296400 693333
1554296400 728793
1554296400 766431
1554296400 818424
1554296400 859388
1554296400 896597
1554296400 950853
1554296400 975769
1554296401 30632
1554296401 74112
1554296401 112029
1554296401 173025
1554296401 198756
1554296401 252233
1554296401 290469
1554296401 333556
1554296401 375602
1554296401 413213
1554296401 447519
1554296401 504713
1554296401 544656
1554296401 587652
1554296401 631661
1554296401 670196
1554296401 714759
1554296401 772882
1554296401 795373
1554296401 848364
1554296401 872139
1554296401 935137
1554296401 973064
1554296402 20808
1554296402 62046
1554296402 103617
1554296402 143505
1554296402 178996
1554296402 229508
1554296402 272835
1554296402 311626
1554296402 357700
1554296402 396341
1554296402 447541
1554296402 479015
1554296402 528524
1554296402 558742
1554296402 615566
1554296402 652021
1554296402 702184
1554296402 741563
1554296402 777683
1554296402 827579
1554296402 874242
1554296402 912232
1554296402 949056
1554296402 996598
1554296403 35521
1554296403 85345
1554296403 121350
1554296403 179094
1554296403 209481
1554296403 257477
1554296403 300198
1554296403 339399
1554296403 384487
1554296403 429349
1554296403 471595
1554296403 512301
1554296403 555672
1554296403 588597
1554296403 640998
1554296403 689107
1554296403 722300
1554296403 779143
1554296403 807431
1554296403 857561
1554296403 898712
1554296403 938117
1554296403 979420
1554296404 21288
1554296404 57576
1554296404 98588
1554296404 158499
1554296404 194052
1554296404 237915
1554296404 271564
1554296404 328724
1554296404 371291
1554296404 406704
1554296404 450699
1554296404 482008
1554296404 539631
1554296404 561963
1554296404 626442
1554296404 663576
1554296404 708462
1554296404 770462
1554296404 790963
1554296404 840739
1554296404 891107
1554296404 910593
1554296404 975118
1554296405 8088
1554296405 56202
1554296405 102722
1554296405 140068
1554296405 187015
1554296405 218052
1554296405 267657
1554296405 312699
1554296405 353812
1554296405 385522
1554296405 438754
1554296405 480211
1554296405 515416
1554296405 572241
1554296405 609156
1554296405 653655
1554296405 698764
1554296405 738356
1554296405 781414
1554296405 813734
1554296405 864219
1554296405 898528
1554296405 952150
1554296405 985300
1554296406 32269
1554296406 75548
1554296406 118157
1554296406 169075
1554296406 209186
1554296406 242266
1554296406 293711
1554296406 324101
1554296406 377482
1554296406 420481
1554296406 462665
1554296406 505127
1554296406 532365
1554296406 590449
1554296406 634418
1554296406 678620
1554296406 720221
1554296406 762208
1554296406 804297
1554296406 847704
1554296406 914253
1554296406 930198
1554296406 971515
1554296407 19650
1554296407 60306
1554296407 107554
1554296407 155360
1554296407 185148
1554296407 236657
1554296407 263665
1554296407 320131
1554296407 368948
1554296407 403428
1554296407 453335
1554296407 480480
1554296407 541331
1554296407 574504
1554296407 623444
1554296407 657791
1554296407 709324
1554296407 754166
1554296407 791427
1554296407 824735
1554296407 882179
1554296407 904764
1554296407 965385
1554296408 10691
1554296408 49384
1554296408 73514
1554296408 138403
1554296408 177739
1554296408 219397
1554296408 263407
1554296408 307006
1554296408 350248
1554296408 393964
1554296408 427609
1554296408 478316
1554296408 514843
1554296408 561052
1554296408 603159
1554296408 641181
1554296408 688928
1554296408 737005
1554296408 779973
1554296408 809943
1554296408 865563
1554296408 901774
1554296408 938717
1554296408 992297
1554296409 20299
1554296409 74320
1554296409 116802
1554296409 151306
1554296409 202581
1554296409 236714
1554296409 283801
1554296409 326427
1554296409 371964
1554296409 403655
1554296409 464191
1554296409 506683
1554296409 544781
1554296409 590391
1554296409 629967
1554296409 662346
1554296409 716797
1554296409 746131
1554296409 801498
1554296409 837549
1554296409 892751
1554296409 914220
1554296409 975656
1554296410 16133
1554296410 53610
1554296410 102081
1554296410 133650
1554296410 187291
1554296410 230953
1554296410 274913
1554296410 320550
1554296410 340114
1554296410 395146
1554296410 442399
1554296410 475257
1554296410 525359
1554296410 557784
1554296410 610950
1554296410 658853
1554296410 685995
1554296410 738776
1554296410 791462
1554296410 822142
1554296410 873324
1554296410 890934
1554296410 935378
1554296410 993723
1554296411 28302
1554296411 80523
1554296411 120252
1554296411 167478
1554296411 197623
1554296411 246592
1554296411 296373
1554296411 333042
1554296411 380708
1554296411 420783
1554296411 467047
1554296411 500979
1554296411 548183
1554296411 593667
1554296411 628451
1554296411 675727
1554296411 715160
1554296411 767331
1554296411 799530
1554296411 851078
1554296411 896894
1554296411 938996
1554296411 967237
1554296411 995597
1554296412 58729
1554296412 100858
1554296412 142617
1554296412 189479
1554296412 227505
1554296412 275225
1554296412 316992
1554296412 346088
1554296412 404531
1554296412 430443
1554296412 496006
1554296412 515621
1554296412 576214
1554296412 608013
1554296412 663309
1554296412 688545
1554296412 749624
1554296412 787412
1554296412 836615
1554296412 878676
1554296412 922876
1554296412 949720
1554296413 4386
1554296413 39479
1554296413 84581
1554296413 119513
1554296413 187310
1554296413 197814
1554296413 261155
1554296413 284555
1554296413 342484
1554296413 389803
1554296413 427108
1554296413 448778
1554296413 513812
1554296413 546102
1554296413 598578
1554296413 639337
1554296413 675479
1554296413 724531
1554296413 760293
1554296413 812817
1554296413 857403
1554296413 879940
1554296413 942676
1554296413 977321
1554296414 24850
1554296414 66163
1554296414 110782
1554296414 156663
1554296414 192758
1554296414 239293
1554296414 273644
1554296414 323616
1554296414 348365
1554296414 406995
1554296414 448705
1554296414 470821
1554296414 534264
1554296414 578079
1554296414 608073
1554296414 663501
1554296414 711688
1554296414 736489
1554296414 794248
1554296414 820278
1554296414 889390
1554296414 925539
1554296414 998045
1554296415 7203
1554296415 54481
1554296415 105069
1554296415 147317
1554296415 175293
1554296415 226596
1554296415 273534
1554296415 289577
1554296415 341788
1554296415 396805
1554296415 441307
1554296415 478392
1554296415 521374
1554296415 574100
1554296415 606119
1554296415 655103
1554296415 697398
1554296415 720704
1554296415 786004
1554296415 824356
1554296415 870771
1554296415 905439
1554296415 950811
1554296415 996131
1554296416 26603
1554296416 81297
1554296416 110287
1554296416 167130
1554296416 208041
1554296416 248945
1554296416 296937
1554296416 339435
1554296416 368252
1554296416 422538
1554296416 464863
1554296416 511213
1554296416 552352
1554296416 594908
1554296416 633529
1554296416 680501
1554296416 737116
