1554296373 937740
1554296373 973263
1554296374 9093
1554296374 55348
1554296374 82215
1554296374 145164
1554296374 187732
1554296374 224614
1554296374 263468
1554296374 313803
1554296374 354519
1554296374 400354
1554296374 439116
1554296374 480352
1554296374 530854
1554296374 554955
1554296374 612335
1554296374 645368
1554296374 696716
1554296374 750022
1554296374 778396
1554296374 827770
1554296374 859782
1554296374 914802
1554296374 940390
1554296374 995204
1554296375 38501
1554296375 69067
1554296375 123225
1554296375 158477
1554296375 207391
1554296375 252879
1554296375 294336
1554296375 338473
1554296375 374496
1554296375 424349
1554296375 453763
1554296375 506785
1554296375 550078
1554296375 587399
1554296375 632703
1554296375 674424
1554296375 721298
1554296375 756179
1554296375 800074
1554296375 859193
1554296375 878077
1554296375 940142
1554296375 963743
1554296376 18458
1554296376 49264
1554296376 101251
1554296376 139521
1554296376 188393
1554296376 212215
1554296376 274483
1554296376 316332
1554296376 339761
1554296376 386040
1554296376 445790
1554296376 482207
1554296376 529763
1554296376 570694
1554296376 611204
1554296376 657338
1554296376 696303
1554296376 731600
1554296376 786197
1554296376 807770
1554296376 875439
1554296376 892793
1554296376 959724
1554296376 990275
1554296377 47383
1554296377 80672
1554296377 133199
1554296377 162044
1554296377 215470
1554296377 257241
1554296377 297596
1554296377 339323
1554296377 387422
1554296377 417312
1554296377 472882
1554296377 508704
1554296377 560136
1554296377 598481
1554296377 637401
1554296377 688038
1554296377 716988
1554296377 774221
1554296377 790568
1554296377 861360
1554296377 887329
1554296377 947106
1554296377 978409
1554296378 32733
1554296378 78534
1554296378 107337
1554296378 158672
1554296378 197627
1554296378 233550
1554296378 281391
1554296378 318641
1554296378 358360
1554296378 409396
1554296378 451808
1554296378 476188
1554296378 538212
1554296378 562512
1554296378 620782
1554296378 653124
1554296378 709147
1554296378 749616
1554296378 790692
1554296378 839274
1554296378 861537
1554296378 924806
1554296378 959106
1554296379 11116
1554296379 55323
1554296379 95735
1554296379 139000
1554296379 181427
1554296379 214471
1554296379 263701
1554296379 298149
1554296379 349984
1554296379 393415
1554296379 416262
1554296379 479323
1554296379 508021
1554296379 564398
1554296379 590062
1554296379 647458
1554296379 691427
1554296379 736076
1554296379 769584
1554296379 820783
1554296379 861767
1554296379 909105
1554296379 956447
1554296379 978559
1554296380 45409
1554296380 72788
1554296380 135332
1554296380 156812
1554296380 214776
1554296380 255246
1554296380 300130
1554296380 343169
1554296380 365733
1554296380 430605
1554296380 470362
1554296380 516861
1554296380 557782
1554296380 592969
1554296380 642643
1554296380 682091
1554296380 724062
1554296380 754811
1554296380 815189
1554296380 861343
1554296380 883107
1554296380 933745
1554296380 982506
1554296381 15392
1554296381 73811
1554296381 118664
1554296381 150425
1554296381 202662
1554296381 236697
1554296381 286473
1554296381 311767
1554296381 370188
1554296381 412026
1554296381 452489
1554296381 497804
1554296381 526245
1554296381 585621
1554296381 631193
1554296381 669690
1554296381 713637
1554296381 759318
1554296381 806852
1554296381 837742
1554296381 895079
1554296381 924364
1554296381 980016
1554296382 26151
1554296382 57784
1554296382 85588
1554296382 150874
1554296382 178454
1554296382 238354
1554296382 287110
1554296382 320706
1554296382 373392
1554296382 412297
1554296382 456299
1554296382 503038
1554296382 528428
1554296382 583553
1554296382 629720
1554296382 664806
1554296382 714752
1554296382 745050
1554296382 799246
1554296382 841488
1554296382 886776
1554296382 925433
1554296382 964800
1554296383 16000
1554296383 56761
1554296383 99969
1554296383 146128
1554296383 176967
1554296383 225390
1554296383 267412
1554296383 306733
1554296383 339787
1554296383 395554
1554296383 420065
1554296383 483638
1554296383 518785
1554296383 560454
1554296383 607573
1554296383 648795
1554296383 690992
1554296383 740743
1554296383 760605
1554296383 820077
1554296383 850877
1554296383 914076
1554296383 934821
1554296383 991531
1554296384 33111
1554296384 65246
1554296384 117423
1554296384 147103
1554296384 205445
1554296384 234716
1554296384 282160
1554296384 331577
1554296384 353306
1554296384 418625
1554296384 455639
1554296384 512245
1554296384 540263
1554296384 585292
1554296384 634019
1554296384 667012
1554296384 717009
1554296384 758213
1554296384 805440
1554296384 825509
1554296384 895270
1554296384 919529
1554296384 973271
1554296385 19648
1554296385 58695
1554296385 104660
1554296385 140032
1554296385 187532
1554296385 233208
1554296385 276778
1554296385 300265
1554296385 362779
1554296385 402679
1554296385 442756
1554296385 477499
1554296385 533440
1554296385 571575
1554296385 594549
1554296385 668271
1554296385 697573
1554296385 760615
1554296385 784545
1554296385 847404
1554296385 887376
1554296385 922873
1554296385 972502
1554296386 15991
1554296386 48462
1554296386 96109
1554296386 147667
1554296386 170744
1554296386 226070
1554296386 261629
1554296386 316416
1554296386 355449
1554296386 399321
1554296386 437212
1554296386 483558
1554296386 526424
1554296386 563362
1554296386 609234
1554296386 650482
1554296386 681356
1554296386 740492
1554296386 777145
1554296386 807323
1554296386 869004
1554296386 888290
1554296386 954695
1554296386 976453
1554296387 33759
1554296387 76065
1554296387 102027
1554296387 167306
1554296387 208661
1554296387 242292
1554296387 292561
1554296387 324884
1554296387 380545
1554296387 414507
1554296387 466456
1554296387 513574
1554296387 550528
1554296387 598355
1554296387 636275
1554296387 676705
1554296387 710496
1554296387 769154
1554296387 788044
1554296387 849505
1554296387 884451
1554296387 938312
1554296387 960120
1554296388 23723
1554296388 66088
1554296388 108737
1554296388 154028
1554296388 195641
1554296388 234586
1554296388 279055
1554296388 317087
1554296388 366428
1554296388 407445
1554296388 436187
1554296388 493809
1554296388 528536
1554296388 580704
1554296388 604350
1554296388 664186
1554296388 693502
1554296388 756387
1554296388 785390
1554296388 840413
1554296388 874930
1554296388 926500
1554296388 969600
1554296389 5995
1554296389 54835
1554296389 89387
1554296389 135337
1554296389 170720
1554296389 219550
1554296389 249766
1554296389 302506
1554296389 347641
1554296389 386685
1554296389 428909
1554296389 459620
1554296389 516317
1554296389 551594
1554296389 599971
1554296389 636279
1554296389 684502
1554296389 727540
1554296389 776691
1554296389 797362
1554296389 864168
1554296389 901501
1554296389 943591
1554296389 987714
1554296390 28745
1554296390 57773
1554296390 117807
1554296390 175279
1554296390 210146
1554296390 251436
1554296390 299292
1554296390 339470
1554296390 379099
1554296390 425033
1554296390 460564
1554296390 529456
1554296390 555977
1554296390 609780
1554296390 640411
1554296390 682800
1554296390 733422
1554296390 774633
1554296390 800072
1554296390 867422
1554296390 902758
1554296390 952787
1554296390 974488
1554296391 28490
1554296391 59957
1554296391 118057
1554296391 159064
1554296391 191713
1554296391 250236
1554296391 277047
1554296391 331484
1554296391 369718
1554296391 413269
1554296391 432844
1554296391 499311
1554296391 534861
1554296391 579255
1554296391 628534
1554296391 660717
1554296391 712744
1554296391 764673
1554296391 796627
1554296391 844826
1554296391 871660
1554296391 929221
1554296391 972095
1554296391 992095
1554296392 57514
1554296392 91427
1554296392 149814
1554296392 176855
1554296392 222660
1554296392 272115
1554296392 302472
1554296392 358548
1554296392 387542
1554296392 443455
1554296392 474191
1554296392 529395
1554296392 559523
1554296392 614247
1554296392 655581
1554296392 698347
1554296392 740725
1554296392 790691
1554296392 824807
1554296392 873602
1554296392 908708
1554296392 962392
1554296392 993119
1554296393 44130
1554296393 70376
1554296393 129584
1554296393 149931
1554296393 211708
1554296393 256429
1554296393 292855
1554296393 342161
1554296393 381543
1554296393 422623
1554296393 468142
1554296393 509978
1554296393 553234
1554296393 593675
1554296393 634196
1554296393 686192
1554296393 720001
1554296393 773121
1554296393 793615
1554296393 864736
1554296393 883052
1554296393 932818
1554296393 976904
1554296394 22167
1554296394 57646
1554296394 110206
1554296394 152628
1554296394 198237
1554296394 238388
1554296394 280660
1554296394 310096
1554296394 360242
1554296394 412472
1554296394 440123
1554296394 481355
1554296394 547516
1554296394 563026
1554296394 622556
1554296394 666800
1554296394 690661
1554296394 753384
1554296394 775773
1554296394 843473
1554296394 873593
1554296394 932133
1554296394 954086
1554296395 11709
1554296395 58815
1554296395 84661
1554296395 144466
1554296395 177538
1554296395 229565
1554296395 254689
1554296395 311113
1554296395 351518
1554296395 390974
1554296395 435771
1554296395 472403
1554296395 523553
1554296395 553084
1554296395 611415
1554296395 653451
1554296395 693148
1554296395 730559
1554296395 786164
1554296395 813172
1554296395 863474
1554296395 912210
1554296395 933082
1554296395 988169
1554296396 33384
1554296396 71362
1554296396 122344
1554296396 152234
1554296396 205194
1554296396 250532
1554296396 293413
1554296396 325589
1554296396 377524
1554296396 406869
1554296396 458777
1554296396 482649
1554296396 554104
1554296396 581341
1554296396 634320
1554296396 676334
1554296396 705802
1554296396 768629
1554296396 795642
1554296396 850920
1554296396 893373
1554296396 931675
1554296396 973346
1554296397 27572
1554296397 60255
1554296397 104089
1554296397 125787
1554296397 187462
1554296397 233497
1554296397 260271
1554296397 316727
1554296397 344316
1554296397 404087
1554296397 446837
1554296397 476294
1554296397 535481
1554296397 561058
1554296397 606360
1554296397 661443
1554296397 701054
1554296397 753488
1554296397 784632
1554296397 834107
1554296397 858792
1554296397 921350
1554296397 945782
1554296398 3116
1554296398 34466
1554296398 93384
1554296398 137563
1554296398 176313
1554296398 213486
1554296398 258771
1554296398 297993
1554296398 343448
1554296398 387243
1554296398 413024
1554296398 490362
1554296398 538869
1554296398 573059
1554296398 613811
1554296398 660913
1554296398 714026
1554296398 778062
1554296398 802873
1554296398 853195
1554296398 895435
1554296398 931396
1554296398 985148
1554296399 18594
1554296399 67313
1554296399 109769
1554296399 152187
1554296399 194233
1554296399 235098
1554296399 275965
1554296399 327290
1554296399 363045
1554296399 413189
1554296399 450414
1554296399 498538
1554296399 535507
1554296399 579232
1554296399 607814
1554296399 665336
1554296399 703049
1554296399 755708
1554296399 786177
1554296399 835981
1554296399 857692
1554296399 919510
1554296399 939716
1554296399 999586
1554296400 24752
1554296400 86147
1554296400 134810
1554296400 172095
1554296400 218379
1554296400 258734
1554296400 297060
1554296400 339714
1554296400 376410
1554296400 434202
1554296400 456152
1554296400 517349
1554296400 567404
1554296400 597587
1554296400 649475
1554296400 695234
1554296400 736507
1554296400 779272
1554296400 817230
1554296400 862534
1554296400 891748
1554296400 953429
1554296400 982694
1554296401 35415
1554296401 75534
1554296401 107445
1554296401 169100
1554296401 197123
1554296401 249692
1554296401 286422
1554296401 332056
1554296401 373659
1554296401 415008
1554296401 458537
1554296401 503168
1554296401 542907
1554296401 589418
1554296401 633988
1554296401 667080
1554296401 716180
1554296401 776246
1554296401 804306
1554296401 850201
1554296401 892564
1554296401 933422
1554296401 967572
1554296402 19422
1554296402 59286
1554296402 99148
1554296402 130830
1554296402 174266
1554296402 231154
1554296402 275141
1554296402 302761
1554296402 360611
1554296402 397631
1554296402 449225
1554296402 469428
1554296402 532856
1554296402 560702
1554296402 617080
1554296402 646771
1554296402 706253
1554296402 749423
1554296402 783444
1554296402 830689
1554296402 878658
1554296402 916644
1554296402 957268
1554296402 998161
1554296403 38644
1554296403 87405
1554296403 118508
1554296403 177528
1554296403 196111
1554296403 259226
1554296403 297326
1554296403 341270
1554296403 373630
1554296403 427984
1554296403 458664
1554296403 510789
1554296403 553551
1554296403 583740
1554296403 646922
1554296403 686254
1554296403 718938
1554296403 775357
1554296403 801199
1554296403 859253
1554296403 900147
1554296403 939673
1554296403 982334
1554296404 26761
1554296404 67424
1554296404 97124
1554296404 160098
1554296404 179562
1554296404 239216
1554296404 277063
1554296404 327464
1554296404 369810
1554296404 408057
1554296404 454736
1554296404 491484
1554296404 538216
1554296404 570748
1554296404 628600
1554296404 652220
1554296404 711293
1554296404 769151
1554296404 792107
1554296404 842768
1554296404 892815
1554296404 913704
1554296404 978580
1554296404 995987
1554296405 58223
1554296405 101338
1554296405 131191
1554296405 190204
1554296405 229294
1554296405 274140
1554296405 314338
1554296405 358135
1554296405 394355
1554296405 440179
1554296405 481511
1554296405 520994
1554296405 570576
1554296405 612029
1554296405 652158
1554296405 696831
1554296405 727599
1554296405 783698
1554296405 810143
1554296405 866958
1554296405 894942
1554296405 958512
1554296405 989694
1554296406 38602
1554296406 77569
1554296406 115998
1554296406 146759
1554296406 210614
1554296406 231475
1554296406 299620
1554296406 333800
1554296406 380017
1554296406 423313
1554296406 468448
1554296406 511683
1554296406 551693
1554296406 594529
1554296406 636136
1554296406 680197
1554296406 722001
1554296406 749954
1554296406 809789
1554296406 843577
1554296406 908744
1554296406 943790
1554296406 974102
1554296407 28192
1554296407 69262
1554296407 110138
1554296407 156737
1554296407 192377
1554296407 238503
1554296407 270077
1554296407 323572
1554296407 363996
1554296407 391724
1554296407 455063
1554296407 488561
1554296407 543082
1554296407 579979
1554296407 625186
1554296407 660732
1554296407 711193
1554296407 749257
1554296407 793782
1554296407 818455
1554296407 885329
1554296407 900669
1554296407 970374
1554296408 12150
1554296408 50774
1554296408 82321
1554296408 142247
1554296408 182662
1554296408 224357
1554296408 257241
1554296408 309250
1554296408 345484
1554296408 392433
1554296408 420728
1554296408 480482
1554296408 500276
1554296408 557064
1554296408 609776
1554296408 645144
1554296408 690362
1554296408 734457
1554296408 777348
1554296408 816277
1554296408 862724
1554296408 897242
1554296408 926191
1554296408 993665
1554296409 21426
1554296409 75760
1554296409 119492
1554296409 149251
1554296409 209424
1554296409 233960
1554296409 289072
1554296409 317810
1554296409 373451
1554296409 405998
1554296409 456718
1554296409 505271
1554296409 539420
1554296409 593345
1554296409 634166
1554296409 671057
1554296409 719205
1554296409 751344
1554296409 805507
1554296409 832157
1554296409 894320
1554296409 932356
1554296409 978841
1554296410 22056
1554296410 54477
1554296410 103590
1554296410 139011
1554296410 189094
1554296410 234951
1554296410 273331
1554296410 322873
1554296410 352348
1554296410 396642
1554296410 447190
1554296410 474129
1554296410 526773
1554296410 560271
1554296410 613764
1554296410 656644
1554296410 687065
1554296410 740418
1554296410 784477
1554296410 820329
1554296410 877368
1554296410 908035
1554296410 945523
1554296410 996690
1554296411 22165
1554296411 82633
1554296411 113629
1554296411 171586
1554296411 191988
1554296411 250653
1554296411 298320
1554296411 323753
1554296411 377700
1554296411 403015
1554296411 468559
1554296411 497564
1554296411 550547
1554296411 592424
1554296411 630756
1554296411 677367
1554296411 708304
1554296411 771195
1554296411 797445
1554296411 852407
1554296411 892936
1554296411 936081
1554296411 980707
1554296412 2538
1554296412 63625
1554296412 106061
1554296412 145787
1554296412 192025
1554296412 225112
1554296412 276724
1554296412 320304
1554296412 352910
1554296412 406053
1554296412 438569
1554296412 494547
1554296412 522545
1554296412 580678
1554296412 606914
1554296412 665294
1554296412 695812
1554296412 751697
1554296412 789340
1554296412 838259
1554296412 872532
1554296412 927606
1554296412 958210
1554296413 8520
1554296413 41154
1554296413 88045
1554296413 133298
1554296413 185651
1554296413 206691
1554296413 263056
1554296413 287529
1554296413 346614
1554296413 392979
1554296413 428676
1554296413 468041
1554296413 515613
1554296413 547286
1554296413 600184
1554296413 640828
1554296413 677252
1554296413 725973
1554296413 764741
1554296413 808270
1554296413 849526
1554296413 887374
1554296413 947367
1554296413 982055
1554296414 26488
1554296414 59968
1554296414 113688
1554296414 160310
1554296414 197483
1554296414 240794
1554296414 278304
1554296414 325500
1554296414 355549
1554296414 408449
1554296414 450415
1554296414 489003
1554296414 535427
1554296414 576463
1554296414 610232
1554296414 665521
1554296414 713700
1554296414 747788
1554296414 795591
1554296414 837039
1554296414 888160
1554296414 920721
1554296415 8559
1554296415 18335
1554296415 60682
1554296415 108131
1554296415 149274
1554296415 183191
1554296415 228128
1554296415 278054
1554296415 316239
1554296415 353568
1554296415 399970
1554296415 443717
1554296415 467787
1554296415 524222
1554296415 575364
1554296415 602123
1554296415 656608
1554296415 700518
1554296415 728861
1554296415 787517
1554296415 808574
1554296415 873175
1554296415 903733
1554296415 947622
1554296415 997632
1554296416 27658
1554296416 83502
1554296416 120761
1554296416 168542
1554296416 210615
1554296416 256247
1554296416 285363
1554296416 342453
1554296416 370453
1554296416 424295
1554296416 468747
1554296416 504442
1554296416 548774
1554296416 598196
1554296416 617264
1554296416 679074
1554296416 722647
