1554296373 946646
1554296373 972065
1554296374 11806
1554296374 60304
1554296374 93300
1554296374 138571
1554296374 185180
1554296374 210832
1554296374 266420
1554296374 307659
1554296374 340693
1554296374 402352
1554296374 440708
1554296374 478740
1554296374 534087
1554296374 564336
1554296374 617362
1554296374 646847
1554296374 699609
1554296374 746959
1554296374 785045
1554296374 834060
1554296374 870569
1554296374 919641
1554296374 946794
1554296374 999792
1554296375 42820
1554296375 69374
1554296375 133061
1554296375 157354
1554296375 208874
1554296375 256760
1554296375 291814
1554296375 339727
1554296375 377643
1554296375 428834
1554296375 455278
1554296375 510658
1554296375 554442
1554296375 594673
1554296375 636267
1554296375 676454
1554296375 731329
1554296375 750211
1554296375 806061
1554296375 858026
1554296375 886004
1554296375 938457
1554296375 970686
1554296376 21352
1554296376 55402
1554296376 106476
1554296376 126769
1554296376 191658
1554296376 219246
1554296376 278108
1554296376 317775
1554296376 351994
1554296376 387485
1554296376 449295
1554296376 478830
1554296376 531471
1554296376 574018
1554296376 612669
1554296376 660108
1554296376 701323
1554296376 746006
1554296376 789239
1554296376 827135
1554296376 878595
1554296376 915170
1554296376 961418
1554296376 989194
1554296377 49131
1554296377 68281
1554296377 137687
1554296377 166402
1554296377 218751
1554296377 253631
1554296377 300735
1554296377 342257
1554296377 390647
1554296377 427168
1554296377 477753
1554296377 499811
1554296377 562171
1554296377 600707
1554296377 642568
1554296377 689239
1554296377 712332
1554296377 771336
1554296377 800234
1554296377 860035
1554296377 880024
1554296377 950039
1554296377 968669
1554296378 27771
1554296378 75213
1554296378 90279
1554296378 162265
1554296378 194424
1554296378 238043
1554296378 283407
1554296378 320172
1554296378 356765
1554296378 413771
1554296378 457037
1554296378 484943
1554296378 541331
1554296378 569293
1554296378 623741
1554296378 658663
1554296378 712160
1554296378 756308
1554296378 779408
1554296378 842779
1554296378 873366
1554296378 930082
1554296378 949587
1554296379 12608
1554296379 52279
1554296379 92262
1554296379 126656
1554296379 186773
1554296379 213375
1554296379 271330
1554296379 290115
1554296379 354018
1554296379 398146
1554296379 424294
1554296379 482797
1554296379 509066
1554296379 566631
1554296379 597267
1554296379 652070
1554296379 687127
1554296379 743108
1554296379 773558
1554296379 824383
1554296379 860264
1554296379 914678
1554296379 962946
1554296379 992419
1554296380 49221
1554296380 85382
1554296380 134082
1554296380 172325
1554296380 213416
1554296380 253639
1554296380 286687
1554296380 348715
1554296380 381512
1554296380 433673
1554296380 473453
1554296380 518904
1554296380 562099
1554296380 594718
1554296380 648227
1554296380 680082
1554296380 735424
1554296380 760099
1554296380 813600
1554296380 864056
1554296380 904808
1554296380 944065
1554296380 985465
1554296381 25327
1554296381 76817
1554296381 120469
1554296381 148994
1554296381 207373
1554296381 223472
1554296381 290355
1554296381 315665
1554296381 373254
1554296381 416301
1554296381 455483
1554296381 501570
1554296381 539338
1554296381 581539
1554296381 632481
1554296381 662521
1554296381 701949
1554296381 743301
1554296381 809166
1554296381 823667
1554296381 899638
1554296381 920388
1554296381 983029
1554296382 20636
1554296382 61730
1554296382 99725
1554296382 154499
1554296382 176589
1554296382 242174
1554296382 291582
1554296382 313398
1554296382 376860
1554296382 418060
1554296382 460054
1554296382 509742
1554296382 537529
1554296382 590501
1554296382 632308
1554296382 672274
1554296382 718755
1554296382 758505
1554296382 803609
1554296382 845442
1554296382 880853
1554296382 934343
1554296382 960902
1554296383 14357
1554296383 60146
1554296383 95815
1554296383 150985
1554296383 178549
1554296383 230696
1554296383 273529
1554296383 312229
1554296383 346716
1554296383 400993
1554296383 434495
1554296383 486889
1554296383 524648
1554296383 570443
1554296383 600615
1554296383 653434
1554296383 688786
1554296383 753018
1554296383 756294
1554296383 823541
1554296383 848270
1554296383 917424
1554296383 926896
1554296383 985390
1554296384 31610
1554296384 67814
1554296384 122313
1554296384 151810
1554296384 208621
1554296384 236553
1554296384 287607
1554296384 334468
1554296384 371208
1554296384 420892
1554296384 457266
1554296384 514840
1554296384 534252
1554296384 588168
1554296384 637510
1554296384 668430
1554296384 720615
1554296384 753502
1554296384 808753
1554296384 828582
1554296384 889500
1554296384 924769
1554296384 976954
1554296385 22193
1554296385 46279
1554296385 108074
1554296385 144701
1554296385 193654
1554296385 231913
1554296385 280034
1554296385 314450
1554296385 367812
1554296385 406364
1554296385 449093
1554296385 489698
1554296385 536373
1554296385 574757
1554296385 618566
1554296385 674668
1554296385 708023
1554296385 764513
1554296385 792387
1554296385 843181
1554296385 891319
1554296385 915235
1554296385 970667
1554296386 21206
1554296386 37720
1554296386 94421
1554296386 144249
1554296386 179171
1554296386 228752
1554296386 259305
1554296386 312728
1554296386 358806
1554296386 402148
1554296386 441273
1554296386 486718
1554296386 530054
1554296386 569225
1554296386 598286
1554296386 655571
1554296386 685230
1554296386 741969
1554296386 779623
1554296386 816143
1554296386 874285
1554296386 902344
1554296386 959496
1554296386 979679
1554296387 30171
1554296387 83014
1554296387 118164
1554296387 170751
1554296387 210649
1554296387 247528
1554296387 296276
1554296387 317381
1554296387 383735
1554296387 417207
1554296387 473794
1554296387 515591
1554296387 554296
1554296387 596850
1554296387 637695
1554296387 680044
1554296387 718703
1554296387 773571
1554296387 803605
1554296387 853709
1554296387 890267
1554296387 942059
1554296387 966166
1554296388 27494
1554296388 69096
1554296388 104156
1554296388 155284
1554296388 197272
1554296388 237456
1554296388 287418
1554296388 318189
1554296388 369804
1554296388 413689
1554296388 448263
1554296388 499750
1554296388 533794
1554296388 585015
1554296388 620095
1554296388 668400
1554296388 696276
1554296388 759229
1554296388 780050
1554296388 845694
1554296388 869738
1554296388 928626
1554296388 968191
1554296388 999284
1554296389 56163
1554296389 78168
1554296389 143194
1554296389 169571
1554296389 222712
1554296389 248582
1554296389 307252
1554296389 342507
1554296389 381129
1554296389 431784
1554296389 468473
1554296389 520038
1554296389 548549
1554296389 607642
1554296389 637964
1554296389 688150
1554296389 732629
1554296389 780024
1554296389 808593
1554296389 868420
1554296389 899174
1554296389 946146
1554296389 990691
1554296390 34969
1554296390 69594
1554296390 120841
1554296390 176567
1554296390 212854
1554296390 255533
1554296390 301764
1554296390 336431
1554296390 377421
1554296390 429196
1554296390 463441
1554296390 531413
1554296390 558031
1554296390 613425
1554296390 646616
1554296390 689471
1554296390 730585
1554296390 776316
1554296390 809295
1554296390 871216
1554296390 900411
1554296390 958218
1554296390 979029
1554296391 37327
1554296391 63115
1554296391 122306
1554296391 167204
1554296391 199171
1554296391 253531
1554296391 282148
1554296391 335575
1554296391 372777
1554296391 415025
1554296391 453383
1554296391 500718
1554296391 539679
1554296391 571219
1554296391 632211
1554296391 656571
1554296391 718537
1554296391 766003
1554296391 788425
1554296391 846571
1554296391 868465
1554296391 932494
1554296391 975080
1554296392 12276
1554296392 63214
1554296392 99705
1554296392 152859
1554296392 179362
1554296392 226066
1554296392 273266
1554296392 309721
1554296392 361396
1554296392 390991
1554296392 451055
1554296392 477522
1554296392 532626
1554296392 570430
1554296392 612610
1554296392 652529
1554296392 696703
1554296392 737508
1554296392 787750
1554296392 808086
1554296392 879015
1554296392 912555
1554296392 964029
1554296392 987430
1554296393 47200
1554296393 74626
1554296393 133263
1554296393 159968
1554296393 215524
1554296393 258520
1554296393 294646
1554296393 344546
1554296393 384782
1554296393 413295
1554296393 471197
1554296393 495601
1554296393 551746
1554296393 591083
1554296393 627777
1554296393 690162
1554296393 721299
1554296393 777428
1554296393 810203
1554296393 884625
1554296393 891220
1554296393 936856
1554296393 982061
1554296394 27192
1554296394 64188
1554296394 113331
1554296394 145580
1554296394 199381
1554296394 234460
1554296394 287450
1554296394 315294
1554296394 366607
1554296394 417325
1554296394 453543
1554296394 493534
1554296394 552816
1554296394 574742
1554296394 626096
1554296394 670614
1554296394 700602
1554296394 759261
1554296394 791945
1554296394 848618
1554296394 882083
1554296394 935382
1554296394 967043
1554296395 15547
1554296395 63454
1554296395 83579
1554296395 149613
1554296395 161398
1554296395 232610
1554296395 258536
1554296395 314146
1554296395 349699
1554296395 386844
1554296395 441163
1554296395 462184
1554296395 529370
1554296395 543596
1554296395 614561
1554296395 650982
1554296395 694663
1554296395 732803
1554296395 784557
1554296395 814332
1554296395 865256
1554296395 908541
1554296395 938876
1554296395 993428
1554296396 36357
1554296396 72770
1554296396 129570
1554296396 142325
1554296396 211186
1554296396 252095
1554296396 295054
1554296396 331500
1554296396 381455
1554296396 404369
1554296396 463714
1554296396 493416
1554296396 557236
1554296396 588094
1554296396 640087
1554296396 681961
1554296396 713396
1554296396 771782
1554296396 792377
1554296396 852562
1554296396 891997
1554296396 929585
1554296396 964429
1554296397 26201
1554296397 56512
1554296397 107215
1554296397 135997
1554296397 189379
1554296397 234615
1554296397 266844
1554296397 322423
1554296397 351556
1554296397 407052
1554296397 450672
1554296397 487567
1554296397 536897
1554296397 573181
1554296397 609144
1554296397 663092
1554296397 692293
1554296397 748574
1554296397 783101
1554296397 837156
1554296397 869500
1554296397 924758
1554296397 960997
1554296398 6782
1554296398 40955
1554296398 94837
1554296398 132742
1554296398 173265
1554296398 196883
1554296398 263337
1554296398 292391
1554296398 348637
1554296398 391317
1554296398 427762
1554296398 494336
1554296398 541997
1554296398 574648
1554296398 615477
1554296398 656676
1554296398 716708
1554296398 776477
1554296398 796609
1554296398 858067
1554296398 891249
1554296398 933498
1554296398 986673
1554296399 11242
1554296399 68786
1554296399 112182
1554296399 133350
1554296399 195621
1554296399 238178
1554296399 267717
1554296399 331401
1554296399 356003
1554296399 416468
1554296399 444043
1554296399 500439
1554296399 517452
1554296399 581075
1554296399 610121
1554296399 663586
1554296399 694035
1554296399 753713
1554296399 784586
1554296399 838793
1554296399 872308
1554296399 923441
1554296399 954211
1554296400 9102
1554296400 37491
1554296400 92157
1554296400 136265
1554296400 157020
1554296400 225633
1554296400 256270
1554296400 294589
1554296400 345028
1554296400 388204
1554296400 436052
1554296400 466507
1554296400 523669
1554296400 571309
1554296400 589480
1554296400 654063
1554296400 688692
1554296400 732891
1554296400 758744
1554296400 821526
1554296400 867562
1554296400 902887
1554296400 956482
1554296400 987601
1554296401 33647
1554296401 78524
1554296401 108587
1554296401 176854
1554296401 192551
1554296401 255591
1554296401 288772
1554296401 335741
1554296401 376757
1554296401 416672
1554296401 448703
1554296401 509372
1554296401 533680
1554296401 593379
1554296401 637299
1554296401 665605
1554296401 719667
1554296401 770617
1554296401 788545
1554296401 854218
1554296401 879102
1554296401 939374
1554296401 959656
1554296402 25123
1554296402 63440
1554296402 100645
1554296402 141278
1554296402 175751
1554296402 232707
1554296402 276660
1554296402 313187
1554296402 364740
1554296402 400575
1554296402 453643
1554296402 466086
1554296402 541601
1554296402 568492
1554296402 620164
1554296402 659741
1554296402 707403
1554296402 751443
1554296402 781278
1554296402 834357
1554296402 877579
1554296402 918791
1554296402 960206
1554296402 999329
1554296403 28684
1554296403 91035
1554296403 117420
1554296403 182224
1554296403 208323
1554296403 262646
1554296403 301502
1554296403 343607
1554296403 380639
1554296403 432501
1554296403 466503
1554296403 518403
1554296403 560413
1554296403 595390
1554296403 639523
1554296403 687569
1554296403 710710
1554296403 777539
1554296403 797511
1554296403 862439
1554296403 895338
1554296403 934459
1554296403 980765
1554296404 25122
1554296404 65768
1554296404 100593
1554296404 161268
1554296404 176347
1554296404 245473
1554296404 278557
1554296404 330482
1554296404 374666
1554296404 411064
1554296404 456878
1554296404 495686
1554296404 543282
1554296404 572253
1554296404 633431
1554296404 656762
1554296404 714388
1554296404 775314
1554296404 794485
1554296404 848548
1554296404 896958
1554296404 923253
1554296404 981609
1554296405 8695
1554296405 62123
1554296405 105008
1554296405 138294
1554296405 193479
1554296405 215181
1554296405 275776
1554296405 318533
1554296405 355682
1554296405 393000
1554296405 443738
1554296405 483433
1554296405 513724
1554296405 574759
1554296405 615810
1554296405 659301
1554296405 701675
1554296405 740132
1554296405 785744
1554296405 816672
1554296405 873728
1554296405 889644
1554296405 961209
1554296405 983738
1554296406 40092
1554296406 81237
1554296406 122058
1554296406 167700
1554296406 213696
1554296406 249385
1554296406 301336
1554296406 330438
1554296406 383212
1554296406 418823
1554296406 464364
1554296406 510288
1554296406 549102
1554296406 598617
1554296406 632451
1554296406 683435
1554296406 727467
1554296406 767735
1554296406 812805
1554296406 836171
1554296406 902283
1554296406 940533
1554296406 977685
1554296407 31321
1554296407 70400
1554296407 111629
1554296407 158423
1554296407 194011
1554296407 242489
1554296407 276222
1554296407 328785
1554296407 376225
1554296407 411515
1554296407 459596
1554296407 493426
1554296407 546658
1554296407 572016
1554296407 627067
1554296407 654247
1554296407 712734
1554296407 747087
1554296407 795403
1554296407 834639
1554296407 890386
1554296407 922620
1554296407 974719
1554296408 5244
1554296408 53613
1554296408 91398
1554296408 140618
1554296408 179753
1554296408 222687
1554296408 245622
1554296408 312627
1554296408 340569
1554296408 396608
1554296408 433144
1554296408 483962
1554296408 515992
1554296408 562757
1554296408 612494
1554296408 637554
1554296408 694124
1554296408 738501
1554296408 781490
1554296408 818707
1554296408 868893
1554296408 903470
1554296408 944258
1554296408 997398
1554296409 29578
1554296409 80061
1554296409 123284
1554296409 161188
1554296409 212193
1554296409 239629
1554296409 291945
1554296409 321943
1554296409 376795
1554296409 400476
1554296409 462371
1554296409 500801
1554296409 543212
1554296409 588835
1554296409 627457
1554296409 672712
1554296409 723027
1554296409 757535
1554296409 810820
1554296409 841300
1554296409 898646
1554296409 922309
1554296409 982554
1554296410 20102
1554296410 44403
1554296410 110242
1554296410 143283
1554296410 192635
1554296410 228719
1554296410 271735
1554296410 318825
1554296410 350943
1554296410 400954
1554296410 451252
1554296410 472885
1554296410 531483
1554296410 566059
1554296410 616170
1554296410 660461
1554296410 695216
1554296410 746031
1554296410 788248
1554296410 825364
1554296410 880064
1554296410 914809
1554296410 954500
1554296411 803
1554296411 34157
1554296411 85791
1554296411 102665
1554296411 175349
1554296411 198818
1554296411 253193
1554296411 300151
1554296411 322871
1554296411 382645
1554296411 406110
1554296411 472227
1554296411 499756
1554296411 553491
1554296411 590955
1554296411 634558
1554296411 681253
1554296411 718297
1554296411 773790
1554296411 794480
1554296411 855318
1554296411 899648
1554296411 941304
1554296411 982556
1554296412 5434
1554296412 65180
1554296412 102474
1554296412 140643
1554296412 195142
1554296412 226286
1554296412 280173
1554296412 324542
1554296412 357505
1554296412 411677
1554296412 448322
1554296412 488991
1554296412 533221
1554296412 582835
1554296412 618241
1554296412 669193
1554296412 700613
1554296412 759117
1554296412 783414
1554296412 842454
1554296412 868739
1554296412 925198
1554296412 966299
1554296413 7201
1554296413 47484
1554296413 86459
1554296413 128748
1554296413 178896
1554296413 203970
1554296413 267168
1554296413 297344
1554296413 349689
1554296413 391227
1554296413 425382
1554296413 466466
1554296413 518735
1554296413 544813
1554296413 607334
1554296413 645147
1554296413 673005
1554296413 733140
1554296413 774121
1554296413 804392
1554296413 855588
1554296413 898964
1554296413 944474
1554296413 979078
1554296414 29525
1554296414 67792
1554296414 116825
1554296414 154742
1554296414 194355
1554296414 246168
1554296414 264728
1554296414 333515
1554296414 360782
1554296414 413664
1554296414 454281
1554296414 479555
1554296414 536690
1554296414 573691
1554296414 606992
1554296414 668692
1554296414 706858
1554296414 745695
1554296414 798697
1554296414 834789
1554296414 890783
1554296414 904374
1554296414 986555
1554296414 996501
1554296415 58430
1554296415 100629
1554296415 143496
1554296415 176418
1554296415 231336
1554296415 276626
1554296415 313582
1554296415 350661
1554296415 401447
1554296415 448455
1554296415 475760
1554296415 530698
1554296415 578351
1554296415 607211
1554296415 662356
1554296415 702815
1554296415 735103
1554296415 790688
1554296415 817357
1554296415 877468
1554296415 896846
1554296415 949294
1554296416 1246
1554296416 34960
1554296416 89385
1554296416 117960
1554296416 174968
1554296416 209334
1554296416 250349
1554296416 278186
1554296416 344282
1554296416 369359
1554296416 427673
1554296416 470245
1554296416 506423
1554296416 540437
1554296416 601430
1554296416 628420
1554296416 685413
1554296416 779767
