1554292618 317958
1554292618 360009
1554292618 403274
1554292618 443918
1554292618 485982
1554292618 527920
1554292618 570415
1554292618 611976
1554292618 653897
1554292618 695918
1554292618 737924
1554292618 779889
1554292618 822257
1554292618 863999
1554292618 906000
1554292618 947929
1554292618 989898
1554292619 32048
1554292619 73917
1554292619 115930
1554292619 157885
1554292619 199897
1554292619 243791
1554292619 285968
1554292619 327947
1554292619 369899
1554292619 412477
1554292619 453963
1554292619 496027
1554292619 537908
1554292619 579938
1554292619 621885
1554292619 664782
1554292619 705927
1554292619 747895
1554292619 789878
1554292619 832038
1554292619 873957
1554292619 916429
1554292619 957924
1554292619 999905
1554292620 41882
1554292620 85974
1554292620 127990
1554292620 169932
1554292620 212030
1554292620 253966
1554292620 295934
1554292620 337917
1554292620 379915
1554292620 421906
1554292620 464265
1554292620 506013
1554292620 547931
1554292620 589901
1554292620 631908
1554292620 673960
1554292620 715922
1554292620 757899
1554292620 799880
1554292620 841882
1554292620 884777
1554292620 925990
1554292620 968105
1554292621 9940
1554292621 52214
1554292621 94247
1554292621 136262
1554292621 177989
1554292621 219896
1554292621 261885
1554292621 304251
1554292621 345933
1554292621 387889
1554292621 429912
1554292621 472082
1554292621 513962
1554292621 555920
1554292621 597894
1554292621 640002
1554292621 681911
1554292621 725409
1554292621 765919
1554292621 807961
1554292621 850017
1554292621 893225
1554292621 933978
1554292621 975951
1554292622 17973
1554292622 59908
1554292622 101909
1554292622 143935
1554292622 186180
1554292622 227926
1554292622 269965
1554292622 311890
1554292622 353927
1554292622 395927
1554292622 437916
1554292622 479896
1554292622 521900
1554292622 566091
1554292622 607942
1554292622 649923
1554292622 691902
1554292622 733980
1554292622 775971
1554292622 817935
1554292622 859906
1554292622 901915
1554292622 944480
1554292622 986205
1554292623 27941
1554292623 69988
1554292623 111887
1554292623 153887
1554292623 195952
1554292623 237916
1554292623 279896
1554292623 321891
1554292623 363998
1554292623 406638
1554292623 447967
1554292623 489928
1554292623 531920
1554292623 574202
1554292623 615989
1554292623 658079
1554292623 699949
1554292623 741958
1554292623 783895
1554292623 826186
1554292623 868008
1554292623 909951
1554292623 951929
1554292623 993912
1554292624 35954
1554292624 77909
1554292624 119892
1554292624 161919
1554292624 203972
1554292624 247392
1554292624 287965
1554292624 329931
1554292624 371893
1554292624 414754
1554292624 455980
1554292624 497916
1554292624 539941
1554292624 581930
1554292624 623885
1554292624 665900
1554292624 708138
1554292624 749931
1554292624 791886
1554292624 833907
1554292624 875908
1554292624 917953
1554292624 959902
1554292625 1912
1554292625 43965
1554292625 87922
1554292625 129912
1554292625 171891
1554292625 213880
1554292625 255963
1554292625 297983
1554292625 339943
1554292625 381908
1554292625 423897
1554292625 465891
1554292625 508157
1554292625 549939
1554292625 591894
1554292625 633963
1554292625 675876
1554292625 717939
1554292625 759916
1554292625 801889
1554292625 843957
1554292625 885920
1554292625 928497
1554292625 969903
1554292626 11916
1554292626 53884
1554292626 95957
1554292626 137982
1554292626 179939
1554292626 221946
1554292626 264074
1554292626 305964
1554292626 348245
1554292626 389924
1554292626 431897
1554292626 473900
1554292626 515890
1554292626 557992
1554292626 599912
1554292626 641900
1554292626 683962
1554292626 725927
1554292626 769196
1554292626 809901
1554292626 851892
1554292626 893886
1554292626 936676
1554292626 978055
1554292627 19897
1554292627 61931
1554292627 103898
1554292627 145889
1554292627 188173
1554292627 230125
1554292627 271914
1554292627 313926
1554292627 355973
1554292627 397899
1554292627 439964
1554292627 481924
1554292627 524007
1554292627 566011
1554292627 609688
1554292627 651908
1554292627 693883
1554292627 736628
1554292627 778074
1554292627 819993
1554292627 861963
1554292627 903893
1554292627 945924
1554292627 987891
1554292628 30153
1554292628 72000
1554292628 113950
1554292628 155905
1554292628 197902
1554292628 239937
1554292628 281920
1554292628 323964
1554292628 365955
1554292628 407894
1554292628 450464
1554292628 491900
1554292628 533905
1554292628 575907
1554292628 618272
1554292628 659975
1554292628 701936
1554292628 743900
1554292628 785931
1554292628 827932
1554292628 870489
1554292628 911990
1554292628 953912
1554292628 995965
1554292629 37902
1554292629 79943
1554292629 121919
1554292629 163963
1554292629 205928
1554292629 247921
1554292629 290961
1554292629 331887
1554292629 373887
1554292629 415881
1554292629 458427
1554292629 500046
1554292629 541925
1554292629 583899
1554292629 625931
1554292629 667979
1554292629 710308
1554292629 751925
1554292629 793915
1554292629 835917
1554292629 877921
1554292629 920248
1554292629 963886
1554292630 5959
1554292630 47896
1554292630 91534
1554292630 133890
1554292630 175913
1554292630 217888
1554292630 259961
1554292630 301951
1554292630 343991
1554292630 385901
1554292630 427963
1554292630 469909
1554292630 512144
1554292630 553934
1554292630 596486
1554292630 637935
1554292630 679907
1554292630 721943
1554292630 763947
1554292630 806028
1554292630 848451
1554292630 889897
1554292630 933903
1554292630 975970
1554292631 17882
1554292631 59937
1554292631 101993
1554292631 143939
1554292631 185908
1554292631 227932
1554292631 269889
1554292631 312269
1554292631 353900
1554292631 395899
1554292631 437889
1554292631 479889
1554292631 521954
1554292631 563955
1554292631 605938
1554292631 647947
1554292631 689914
1554292631 732775
1554292631 773878
1554292631 815907
1554292631 857926
1554292631 900364
1554292631 941995
1554292631 984255
1554292632 25907
1554292632 67961
1554292632 110573
1554292632 152646
1554292632 193930
1554292632 235888
1554292632 277887
1554292632 319930
1554292632 361982
1554292632 403977
1554292632 445950
1554292632 487979
1554292632 529895
1554292632 573403
1554292632 613902
1554292632 655912
1554292632 697889
1554292632 740146
1554292632 781971
1554292632 823986
1554292632 865955
1554292632 907923
1554292632 949903
1554292632 991918
1554292633 34158
1554292633 75920
1554292633 117931
1554292633 159930
1554292633 201912
1554292633 243947
1554292633 286060
1554292633 327930
1554292633 369907
1554292633 414057
1554292633 455907
1554292633 497904
1554292633 539886
1554292633 582036
1554292633 623995
1554292633 665936
1554292633 707899
1554292633 749880
1554292633 791881
1554292633 834475
1554292633 875945
1554292633 917912
1554292633 959904
1554292634 1919
1554292634 44000
1554292634 86009
1554292634 127955
1554292634 169914
1554292634 211894
1554292634 254634
1554292634 295946
1554292634 337884
1554292634 379884
1554292634 422778
1554292634 463989
1554292634 506127
1554292634 547911
1554292634 589880
1554292634 631891
1554292634 674816
1554292634 715925
1554292634 757903
1554292634 799957
1554292634 841904
1554292634 883982
1554292634 926695
1554292634 967875
1554292635 9922
1554292635 51909
1554292635 95279
1554292635 135883
1554292635 177894
1554292635 219928
1554292635 262813
1554292635 304113
1554292635 345915
1554292635 387939
1554292635 430450
1554292635 471888
1554292635 513891
1554292635 556167
1554292635 597917
1554292635 639901
1554292635 681889
1554292635 724020
1554292635 765940
1554292635 807939
1554292635 849897
1554292635 891885
1554292635 936443
1554292635 977910
1554292636 19893
1554292636 61896
1554292636 104158
1554292636 146027
1554292636 188502
1554292636 229891
1554292636 271895
1554292636 313890
1554292636 356173
1554292636 397935
1554292636 440439
1554292636 481889
1554292636 523969
1554292636 566070
1554292636 607939
1554292636 649896
1554292636 691953
1554292636 733901
1554292636 776510
1554292636 817878
1554292636 859891
1554292636 901904
1554292636 945011
1554292636 985986
1554292637 27959
1554292637 69967
1554292637 111889
1554292637 153885
1554292637 196859
1554292637 237923
1554292637 279897
1554292637 321893
1554292637 363981
1554292637 406012
1554292637 448462
1554292637 489897
1554292637 531897
1554292637 573888
1554292637 617145
1554292637 657874
1554292637 699925
1554292637 741892
1554292637 784668
1554292637 825978
1554292637 867926
1554292637 909969
1554292637 951904
1554292637 993897
1554292638 36461
1554292638 77922
1554292638 119896
1554292638 161896
1554292638 204526
1554292638 245968
1554292638 288030
1554292638 329911
1554292638 371948
1554292638 413883
1554292638 458315
1554292638 499902
1554292638 541891
1554292638 583905
1554292638 625976
1554292638 668042
1554292638 710526
1554292638 751906
1554292638 793905
1554292638 835887
1554292638 878353
1554292638 919981
1554292638 961941
1554292639 3975
1554292639 45932
1554292639 87971
1554292639 129917
1554292639 171923
1554292639 213898
1554292639 255883
1554292639 298373
1554292639 339976
1554292639 381977
1554292639 423873
1554292639 466470
1554292639 507988
1554292639 549936
1554292639 591902
1554292639 633881
1554292639 675874
1554292639 718283
1554292639 759918
1554292639 801892
1554292639 843973
1554292639 885989
1554292639 927982
1554292639 975862
1554292640 18931
1554292640 59883
1554292640 101892
1554292640 143898
1554292640 186382
1554292640 227985
1554292640 270274
1554292640 311929
1554292640 353914
1554292640 395885
1554292640 438302
1554292640 479914
1554292640 521960
1554292640 563966
1554292640 605935
1554292640 647963
1554292640 690425
1554292640 731898
1554292640 773904
1554292640 815883
1554292640 859679
1554292640 901896
1554292640 943890
1554292640 985914
1554292641 27977
1554292641 70031
1554292641 111954
1554292641 153907
1554292641 195893
1554292641 237962
1554292641 280157
1554292641 321931
1554292641 364016
1554292641 405935
1554292641 448483
1554292641 489941
1554292641 531931
1554292641 573889
1554292641 615912
1554292641 657880
1554292641 701885
1554292641 743936
1554292641 785907
1554292641 828021
1554292641 870039
1554292641 911937
1554292641 953892
1554292641 995902
1554292642 37889
1554292642 80022
1554292642 121915
1554292642 165402
1554292642 205936
1554292642 247933
1554292642 289959
1554292642 331921
1554292642 373921
1554292642 415893
1554292642 457920
1554292642 500764
1554292642 541980
1554292642 583896
1554292642 625889
1554292642 668219
1554292642 709964
1554292642 752206
1554292642 793897
1554292642 835956
1554292642 877878
1554292642 920587
1554292642 961916
1554292643 3981
1554292643 45974
1554292643 87914
1554292643 129966
1554292643 171917
1554292643 213995
1554292643 255904
1554292643 297881
1554292643 341379
1554292643 381889
1554292643 423902
1554292643 465902
1554292643 509200
1554292643 549937
1554292643 591936
1554292643 633937
1554292643 675900
1554292643 717903
1554292643 759893
1554292643 802166
1554292643 844059
1554292643 886169
1554292643 928011
1554292643 970561
1554292644 11926
1554292644 53912
1554292644 95933
1554292644 137918
1554292644 182045
1554292644 223883
1554292644 265897
1554292644 307888
1554292644 349957
1554292644 391978
1554292644 433967
1554292644 475903
1554292644 517906
1554292644 559901
1554292644 602495
1554292644 644083
1554292644 686124
1554292644 727900
1554292644 769918
1554292644 811960
1554292644 853927
1554292644 895968
1554292644 937883
1554292644 979934
1554292645 22654
1554292645 63876
1554292645 105900
1554292645 147914
1554292645 190202
1554292645 232041
1554292645 274097
1554292645 315905
1554292645 357910
1554292645 399882
1554292645 442569
1554292645 483941
1554292645 526154
1554292645 567947
1554292645 609903
1554292645 651955
1554292645 693924
1554292645 735914
1554292645 777901
1554292645 819922
1554292645 863192
1554292645 903996
1554292645 945914
1554292645 987915
1554292646 30674
1554292646 71936
1554292646 113971
1554292646 155958
1554292646 197900
1554292646 240008
1554292646 281888
1554292646 324170
1554292646 365970
1554292646 407936
1554292646 449900
1554292646 492436
1554292646 533957
1554292646 575930
1554292646 617891
1554292646 659894
1554292646 703893
1554292646 745916
1554292646 787885
1554292646 829906
1554292646 871954
1554292646 913962
1554292646 955954
1554292646 997900
1554292647 39892
1554292647 81930
1554292647 124261
1554292647 165983
1554292647 207969
1554292647 249911
1554292647 291909
1554292647 334035
1554292647 375961
1554292647 417899
1554292647 459890
1554292647 501922
1554292647 544515
1554292647 585895
1554292647 627912
1554292647 669913
1554292647 712054
1554292647 753992
1554292647 795947
1554292647 837932
1554292647 879891
1554292647 921896
1554292647 964346
1554292648 5967
1554292648 48150
1554292648 89924
1554292648 131885
1554292648 173955
1554292648 215936
1554292648 257924
1554292648 299914
1554292648 341878
1554292648 385128
1554292648 425876
1554292648 467897
1554292648 509923
1554292648 552690
1554292648 593984
1554292648 635911
1554292648 677933
1554292648 719935
1554292648 761893
1554292648 804577
1554292648 846054
1554292648 888098
1554292648 929963
1554292648 971954
1554292649 13946
1554292649 55994
1554292649 97920
1554292649 139945
1554292649 181884
1554292649 225712
1554292649 267927
1554292649 309900
1554292649 351881
1554292649 393978
1554292649 435946
1554292649 477934
1554292649 519921
1554292649 561897
1554292649 603967
1554292649 646215
1554292649 687936
1554292649 729903
1554292649 771883
1554292649 813934
1554292649 855954
1554292649 897951
1554292649 939965
1554292649 981981
1554292650 23889
1554292650 66349
1554292650 108192
1554292650 149878
1554292650 191908
1554292650 234243
1554292650 275958
1554292650 317943
1554292650 359901
1554292650 401911
1554292650 443970
1554292650 486304
1554292650 527933
1554292650 570038
1554292650 611946
1554292650 653906
1554292650 695942
1554292650 737924
1554292650 779892
1554292650 821886
1554292650 863876
1554292650 906967
1554292650 947874
1554292650 989909
1554292651 31882
1554292651 74444
1554292651 115982
1554292651 157930
1554292651 199932
1554292651 241896
1554292651 284044
1554292651 326510
1554292651 367933
1554292651 409954
1554292651 451893
1554292651 493882
1554292651 535956
1554292651 577919
1554292651 619921
1554292651 661883
1554292651 703880
1554292651 747537
1554292651 789902
1554292651 831920
1554292651 873887
1554292651 915970
1554292651 958004
1554292652 12
1554292652 41897
1554292652 84178
1554292652 125939
1554292652 168180
1554292652 209920
1554292652 251897
1554292652 293958
1554292652 335885
1554292652 377957
1554292652 419916
1554292652 461893
1554292652 504120
1554292652 545884
1554292652 590154
1554292652 631906
1554292652 673893
1554292652 715953
1554292652 757964
1554292652 800491
1554292652 841896
1554292652 884083
1554292652 925934
1554292652 968693
1554292653 9930
1554292653 51908
1554292653 93904
1554292653 135903
1554292653 177950
1554292653 219953
1554292653 261896
1554292653 303924
1554292653 345889
1554292653 388847
1554292653 430039
1554292653 471888
1554292653 513884
1554292653 556404
1554292653 597963
1554292653 640273
1554292653 681952
1554292653 723967
1554292653 765964
1554292653 808169
1554292653 849951
1554292653 891952
1554292653 933976
1554292653 975979
1554292654 17942
1554292654 59918
1554292654 101993
1554292654 143905
1554292654 185933
1554292654 229510
1554292654 271894
1554292654 313913
1554292654 356093
1554292654 397969
1554292654 439960
1554292654 481939
1554292654 523967
1554292654 565938
1554292654 607922
1554292654 650164
1554292654 691941
1554292654 733895
1554292654 775962
1554292654 817907
1554292654 859925
1554292654 901914
1554292654 943894
1554292654 985976
1554292655 30015
1554292655 71974
1554292655 114009
1554292655 155886
1554292655 197980
1554292655 239972
1554292655 281956
1554292655 323976
1554292655 366084
1554292655 408119
1554292655 450392
1554292655 491917
1554292655 533897
1554292655 575955
1554292655 617884
1554292655 659965
1554292655 701941
1554292655 743892
1554292655 785894
1554292655 827876
1554292655 870658
1554292655 911876
1554292655 953892
1554292655 995891
1554292656 38104
1554292656 80017
1554292656 122074
1554292656 163987
1554292656 206140
1554292656 248000
1554292656 290195
1554292656 331973
1554292656 373903
1554292656 415916
1554292656 457875
1554292656 499976
1554292656 541915
1554292656 583905
1554292656 625904
1554292656 667894
1554292656 711253
1554292656 751880
1554292656 793895
1554292656 835895
1554292656 878806
1554292656 919958
1554292656 961953
1554292657 4004
1554292657 46192
1554292657 87991
1554292657 129918
1554292657 173014
1554292657 213917
1554292657 255930
1554292657 297904
1554292657 339919
1554292657 381930
1554292657 423925
1554292657 465899
1554292657 507959
1554292657 551928
1554292657 593926
1554292657 635906
1554292657 677893
1554292657 719961
1554292657 761967
1554292657 803971
1554292657 845982
1554292657 888073
1554292657 929914
1554292657 972733
1554292658 17974
1554292658 59974
1554292658 101950
1554292658 143933
1554292658 185905
1554292658 227886
1554292658 269882
1554292658 312439
1554292658 353900
1554292658 395924
1554292658 437879
1554292658 480060
1554292658 521995
1554292658 564117
1554292658 605944
1554292658 648032
1554292658 689899
1554292658 732231
1554292658 773921
1554292658 815901
1554292658 857915
1554292658 899998
1554292658 941973
1554292658 985900
1554292659 27956
1554292659 69896
1554292659 113031
1554292659 153881
1554292659 195880
1554292659 237892
1554292659 280637
1554292659 322151
1554292659 364415
1554292659 406080
1554292659 448007
1554292659 489915
1554292659 532450
1554292659 573935
1554292659 615892
1554292659 657928
1554292659 699891
1554292659 742131
1554292659 783926
1554292659 825921
1554292659 867895
1554292659 909900
1554292659 953610
1554292659 995901
1554292660 37879
1554292660 80670
1554292660 122087
1554292660 164017
1554292660 205997
1554292660 247964
1554292660 289900
1554292660 331892
