1554292618 318681
1554292618 360513
1554292618 403688
1554292618 444338
1554292618 486526
1554292618 528464
1554292618 571016
1554292618 612423
1554292618 654668
1554292618 696359
1554292618 738437
1554292618 780324
1554292618 822819
1554292618 864532
1554292618 906420
1554292618 948366
1554292618 990329
1554292619 32486
1554292619 74321
1554292619 116347
1554292619 158313
1554292619 200294
1554292619 244306
1554292619 286516
1554292619 328481
1554292619 371267
1554292619 412931
1554292619 454402
1554292619 496470
1554292619 538353
1554292619 580369
1554292619 622606
1554292619 665259
1554292619 706360
1554292619 748318
1554292619 790312
1554292619 832466
1554292619 874392
1554292619 916846
1554292619 958332
1554292620 325
1554292620 44883
1554292620 86503
1554292620 128500
1554292620 170430
1554292620 212470
1554292620 254401
1554292620 296382
1554292620 338606
1554292620 380412
1554292620 422329
1554292620 464728
1554292620 506471
1554292620 548394
1554292620 590330
1554292620 632337
1554292620 674385
1554292620 716411
1554292620 758302
1554292620 800282
1554292620 844754
1554292620 885310
1554292620 926417
1554292620 968533
1554292621 10522
1554292621 52658
1554292621 94681
1554292621 136712
1554292621 178411
1554292621 220322
1554292621 262315
1554292621 304830
1554292621 346369
1554292621 388326
1554292621 430346
1554292621 472512
1554292621 514391
1554292621 556320
1554292621 598305
1554292621 640574
1554292621 682631
1554292621 726025
1554292621 766333
1554292621 808494
1554292621 850535
1554292621 893674
1554292621 934447
1554292621 976383
1554292622 18411
1554292622 60343
1554292622 102373
1554292622 145481
1554292622 186621
1554292622 228361
1554292622 270399
1554292622 312488
1554292622 354350
1554292622 396977
1554292622 438857
1554292622 480295
1554292622 522632
1554292622 566719
1554292622 608462
1554292622 650435
1554292622 692320
1554292622 734415
1554292622 776412
1554292622 818380
1554292622 860336
1554292622 902351
1554292622 945725
1554292622 986670
1554292623 28473
1554292623 70421
1554292623 112313
1554292623 154314
1554292623 197051
1554292623 238323
1554292623 280291
1554292623 322931
1554292623 366899
1554292623 407216
1554292623 448381
1554292623 490461
1554292623 532382
1554292623 574641
1554292623 616429
1554292623 658583
1554292623 700383
1554292623 742399
1554292623 784371
1554292623 826828
1554292623 868459
1554292623 910407
1554292623 952427
1554292623 994339
1554292624 36388
1554292624 78316
1554292624 120294
1554292624 162627
1554292624 204511
1554292624 247806
1554292624 288373
1554292624 330495
1554292624 372300
1554292624 415223
1554292624 456415
1554292624 498750
1554292624 540399
1554292624 582445
1554292624 624375
1554292624 666643
1554292624 708873
1554292624 750359
1554292624 792314
1554292624 834340
1554292624 876329
1554292624 918380
1554292624 962682
1554292625 2619
1554292625 44517
1554292625 88541
1554292625 130328
1554292625 172298
1554292625 214511
1554292625 256435
1554292625 298419
1554292625 340406
1554292625 382430
1554292625 424373
1554292625 466321
1554292625 509099
1554292625 550370
1554292625 592321
1554292625 634388
1554292625 676306
1554292625 718374
1554292625 760322
1554292625 802597
1554292625 844493
1554292625 888715
1554292625 928915
1554292625 970308
1554292626 12482
1554292626 54310
1554292626 96722
1554292626 138424
1554292626 180409
1554292626 222383
1554292626 264580
1554292626 306401
1554292626 348809
1554292626 390365
1554292626 432337
1554292626 474338
1554292626 516314
1554292626 558425
1554292626 600321
1554292626 642625
1554292626 684523
1554292626 726465
1554292626 769709
1554292626 810329
1554292626 852299
1554292626 894292
1554292626 937119
1554292626 978489
1554292627 20692
1554292627 62376
1554292627 104477
1554292627 146342
1554292627 188618
1554292627 230865
1554292627 272352
1554292627 314352
1554292627 356397
1554292627 398333
1554292627 440396
1554292627 482666
1554292627 524540
1554292627 566547
1554292627 610211
1554292627 652314
1554292627 694290
1554292627 738053
1554292627 778513
1554292627 820448
1554292627 862494
1554292627 904371
1554292627 946402
1554292627 988305
1554292628 31100
1554292628 72432
1554292628 114374
1554292628 156337
1554292628 198334
1554292628 240366
1554292628 282625
1554292628 324517
1554292628 366552
1554292628 410513
1554292628 450947
1554292628 492305
1554292628 534310
1554292628 576352
1554292628 618774
1554292628 660408
1554292628 702384
1554292628 744392
1554292628 786411
1554292628 828364
1554292628 871020
1554292628 912431
1554292628 954340
1554292628 996518
1554292629 38336
1554292629 80378
1554292629 122635
1554292629 164530
1554292629 206466
1554292629 248372
1554292629 291382
1554292629 332290
1554292629 374298
1554292629 416294
1554292629 458957
1554292629 500475
1554292629 542781
1554292629 584378
1554292629 626358
1554292629 668412
1554292629 710876
1554292629 752361
1554292629 794353
1554292629 836347
1554292629 878351
1554292629 920677
1554292629 964303
1554292630 6530
1554292630 48324
1554292630 92082
1554292630 134323
1554292630 176321
1554292630 219744
1554292630 260400
1554292630 307575
1554292630 344486
1554292630 386335
1554292630 428395
1554292630 470656
1554292630 513097
1554292630 554370
1554292630 596970
1554292630 638364
1554292630 680581
1554292630 722714
1554292630 764489
1554292630 806535
1554292630 849001
1554292630 892472
1554292630 934310
1554292630 976506
1554292631 18315
1554292631 60377
1554292631 102434
1554292631 144444
1554292631 186341
1554292631 228398
1554292631 270324
1554292631 313261
1554292631 354330
1554292631 396395
1554292631 438323
1554292631 480320
1554292631 523212
1554292631 564504
1554292631 606379
1554292631 648477
1554292631 690349
1554292631 733218
1554292631 774288
1554292631 816319
1554292631 858356
1554292631 900879
1554292631 942430
1554292631 984705
1554292632 26343
1554292632 68401
1554292632 111056
1554292632 153722
1554292632 194471
1554292632 236325
1554292632 278317
1554292632 320359
1554292632 363667
1554292632 404584
1554292632 446484
1554292632 488489
1554292632 530305
1554292632 573883
1554292632 614321
1554292632 656319
1554292632 698284
1554292632 741290
1554292632 782417
1554292632 824823
1554292632 866405
1554292632 908440
1554292632 950357
1554292632 992823
1554292633 35115
1554292633 76353
1554292633 118626
1554292633 160364
1554292633 202672
1554292633 244615
1554292633 286591
1554292633 328459
1554292633 370318
1554292633 414612
1554292633 456319
1554292633 498372
1554292633 540317
1554292633 582472
1554292633 624484
1554292633 666380
1554292633 708337
1554292633 750334
1554292633 792307
1554292633 834922
1554292633 876386
1554292633 918368
1554292633 962555
1554292634 2676
1554292634 45020
1554292634 86736
1554292634 128520
1554292634 170863
1554292634 212305
1554292634 255078
1554292634 296350
1554292634 338296
1554292634 380330
1554292634 423398
1554292634 464474
1554292634 506611
1554292634 548399
1554292634 590337
1554292634 632332
1554292634 675269
1554292634 716362
1554292634 758396
1554292634 800451
1554292634 842834
1554292634 884555
1554292634 927152
1554292634 968454
1554292635 10400
1554292635 52329
1554292635 95794
1554292635 136292
1554292635 178885
1554292635 220374
1554292635 263261
1554292635 304547
1554292635 346718
1554292635 388384
1554292635 430893
1554292635 472317
1554292635 514627
1554292635 557115
1554292635 598352
1554292635 640335
1554292635 682652
1554292635 724572
1554292635 766510
1554292635 808515
1554292635 850307
1554292635 892288
1554292635 936895
1554292635 978318
1554292636 20326
1554292636 62506
1554292636 104602
1554292636 146462
1554292636 188976
1554292636 230359
1554292636 272325
1554292636 319644
1554292636 357128
1554292636 398368
1554292636 440888
1554292636 482644
1554292636 524545
1554292636 566642
1554292636 608514
1554292636 650307
1554292636 692906
1554292636 736604
1554292636 777017
1554292636 818289
1554292636 860305
1554292636 902346
1554292636 945462
1554292636 986422
1554292637 28406
1554292637 70586
1554292637 112345
1554292637 154324
1554292637 197445
1554292637 238358
1554292637 280340
1554292637 322657
1554292637 364558
1554292637 406746
1554292637 449047
1554292637 490308
1554292637 532299
1554292637 574291
1554292637 617563
1554292637 658292
1554292637 700876
1554292637 742300
1554292637 785109
1554292637 826417
1554292637 868786
1554292637 910496
1554292637 952920
1554292637 994317
1554292638 36923
1554292638 78353
1554292638 120297
1554292638 162664
1554292638 205138
1554292638 246538
1554292638 288983
1554292638 330314
1554292638 372354
1554292638 414286
1554292638 458786
1554292638 500317
1554292638 542306
1554292638 585307
1554292638 626428
1554292638 668480
1554292638 710975
1554292638 752348
1554292638 794339
1554292638 836302
1554292638 878815
1554292638 920416
1554292638 962793
1554292639 4585
1554292639 46498
1554292639 88684
1554292639 130592
1554292639 172322
1554292639 214996
1554292639 258652
1554292639 298864
1554292639 340390
1554292639 382588
1554292639 424363
1554292639 466921
1554292639 508430
1554292639 550397
1554292639 592346
1554292639 634312
1554292639 676310
1554292639 719297
1554292639 760353
1554292639 802662
1554292639 844555
1554292639 886586
1554292639 928728
1554292639 983012
1554292640 19368
1554292640 60303
1554292640 102301
1554292640 144348
1554292640 187368
1554292640 228427
1554292640 270792
1554292640 312367
1554292640 354360
1554292640 396319
1554292640 439415
1554292640 480352
1554292640 522724
1554292640 564540
1554292640 606501
1554292640 648564
1554292640 690840
1554292640 732299
1554292640 774308
1554292640 816313
1554292640 860489
1554292640 902305
1554292640 944331
1554292640 987285
1554292641 28421
1554292641 70462
1554292641 112412
1554292641 154357
1554292641 196887
1554292641 238699
1554292641 280621
1554292641 322700
1554292641 364573
1554292641 406497
1554292641 448931
1554292641 490384
1554292641 532351
1554292641 574290
1554292641 616339
1554292641 660585
1554292641 702293
1554292641 744387
1554292641 786332
1554292641 828488
1554292641 870477
1554292641 912385
1554292641 954339
1554292641 996340
1554292642 38329
1554292642 80793
1554292642 122702
1554292642 165899
1554292642 206378
1554292642 248486
1554292642 290396
1554292642 332489
1554292642 374325
1554292642 416298
1554292642 458321
1554292642 501183
1554292642 542385
1554292642 584348
1554292642 626320
1554292642 668660
1554292642 710417
1554292642 752660
1554292642 794336
1554292642 836388
1554292642 878308
1554292642 921237
1554292642 962701
1554292643 4594
1554292643 46576
1554292643 88344
1554292643 130395
1554292643 172310
1554292643 214396
1554292643 256324
1554292643 298284
1554292643 341956
1554292643 382377
1554292643 424356
1554292643 466307
1554292643 509654
1554292643 550383
1554292643 592370
1554292643 634377
1554292643 676332
1554292643 718340
1554292643 760668
1554292643 802937
1554292643 844620
1554292643 886692
1554292643 928568
1554292643 971099
1554292644 12353
1554292644 54320
1554292644 96338
1554292644 138378
1554292644 182561
1554292644 224334
1554292644 266302
1554292644 308309
1554292644 350394
1554292644 392420
1554292644 434484
1554292644 476336
1554292644 518435
1554292644 560358
1554292644 602947
1554292644 644660
1554292644 686624
1554292644 728360
1554292644 770347
1554292644 812443
1554292644 854349
1554292644 896396
1554292644 938288
1554292644 983097
1554292645 23063
1554292645 64334
1554292645 106313
1554292645 148351
1554292645 190647
1554292645 232470
1554292645 274543
1554292645 316385
1554292645 358360
1554292645 400307
1554292645 443029
1554292645 484390
1554292645 526651
1554292645 568381
1554292645 610327
1554292645 652381
1554292645 694348
1554292645 736315
1554292645 778304
1554292645 820319
1554292645 863614
1554292645 904444
1554292645 946329
1554292645 995353
1554292646 31129
1554292646 72384
1554292646 114809
1554292646 156599
1554292646 198436
1554292646 240432
1554292646 282928
1554292646 325202
1554292646 366593
1554292646 408511
1554292646 450332
1554292646 492884
1554292646 534388
1554292646 576400
1554292646 618293
1554292646 660302
1554292646 704445
1554292646 746344
1554292646 788293
1554292646 831627
1554292646 872398
1554292646 914401
1554292646 956464
1554292646 998882
1554292647 40319
1554292647 83013
1554292647 125332
1554292647 166763
1554292647 208561
1554292647 250352
1554292647 292345
1554292647 334471
1554292647 376470
1554292647 418321
1554292647 460288
1554292647 505720
1554292647 544938
1554292647 586334
1554292647 628315
1554292647 670369
1554292647 712495
1554292647 754430
1554292647 796417
1554292647 838363
1554292647 880322
1554292647 922675
1554292647 965383
1554292648 6535
1554292648 48584
1554292648 90348
1554292648 132478
1554292648 174389
1554292648 216338
1554292648 258325
1554292648 300338
1554292648 342278
1554292648 385550
1554292648 426290
1554292648 468309
1554292648 510334
1554292648 553133
1554292648 594416
1554292648 636785
1554292648 678382
1554292648 720363
1554292648 762695
1554292648 805348
1554292648 846478
1554292648 888560
1554292648 930518
1554292648 972517
1554292649 14372
1554292649 56451
1554292649 98343
1554292649 140352
1554292649 182289
1554292649 226227
1554292649 268950
1554292649 310310
1554292649 353366
1554292649 394458
1554292649 436387
1554292649 478384
1554292649 520354
1554292649 562684
1554292649 604858
1554292649 647326
1554292649 688495
1554292649 730340
1554292649 772306
1554292649 814359
1554292649 856395
1554292649 898420
1554292649 940387
1554292649 982382
1554292650 27032
1554292650 66806
1554292650 108596
1554292650 150282
1554292650 192339
1554292650 234683
1554292650 276399
1554292650 318396
1554292650 360354
1554292650 402695
1554292650 444547
1554292650 486899
1554292650 528588
1554292650 570528
1554292650 612503
1554292650 654338
1554292650 696379
1554292650 738368
1554292650 780296
1554292650 822290
1554292650 864321
1554292650 907429
1554292650 948281
1554292650 990384
1554292651 32291
1554292651 74890
1554292651 116423
1554292651 158727
1554292651 200379
1554292651 242676
1554292651 284605
1554292651 327070
1554292651 368493
1554292651 410560
1554292651 452325
1554292651 494308
1554292651 536393
1554292651 578323
1554292651 620348
1554292651 662308
1554292651 704345
1554292651 748080
1554292651 790898
1554292651 832328
1554292651 875264
1554292651 916418
1554292651 958437
1554292652 5315
1554292652 42680
1554292652 84652
1554292652 126825
1554292652 169302
1554292652 210358
1554292652 252330
1554292652 294389
1554292652 336317
1554292652 378390
1554292652 420507
1554292652 462294
1554292652 504522
1554292652 549279
1554292652 590557
1554292652 632319
1554292652 674324
1554292652 716392
1554292652 758409
1554292652 800945
1554292652 842669
1554292652 884699
1554292652 926502
1554292652 969295
1554292653 10383
1554292653 52339
1554292653 94335
1554292653 137961
1554292653 178382
1554292653 220356
1554292653 262302
1554292653 304433
1554292653 346286
1554292653 389324
1554292653 430440
1554292653 472295
1554292653 514289
1554292653 556851
1554292653 598415
1554292653 640731
1554292653 682726
1554292653 724550
1554292653 766542
1554292653 808727
1554292653 850394
1554292653 892407
1554292653 934403
1554292653 976442
1554292654 18372
1554292654 60329
1554292654 102398
1554292654 144350
1554292654 186335
1554292654 230090
1554292654 272305
1554292654 314320
1554292654 357281
1554292654 398417
1554292654 440927
1554292654 482736
1554292654 524544
1554292654 566518
1554292654 608822
1554292654 651150
1554292654 692368
1554292654 734321
1554292654 776395
1554292654 818344
1554292654 860360
1554292654 902314
1554292654 944337
1554292654 986377
1554292655 30481
1554292655 72380
1554292655 114417
1554292655 156308
1554292655 198420
1554292655 240436
1554292655 282745
1554292655 324575
1554292655 366556
1554292655 408649
1554292655 451351
1554292655 492358
1554292655 534322
1554292655 576384
1554292655 618318
1554292655 660399
1554292655 702337
1554292655 744343
1554292655 786303
1554292655 828286
1554292655 871078
1554292655 912283
1554292655 954341
1554292655 996321
1554292656 38543
1554292656 80454
1554292656 122876
1554292656 164470
1554292656 206660
1554292656 248434
1554292656 290797
1554292656 332409
1554292656 374332
1554292656 416348
1554292656 458304
1554292656 500402
1554292656 542331
1554292656 584355
1554292656 626309
1554292656 668572
1554292656 711665
1554292656 752289
1554292656 794306
1554292656 836295
1554292656 879253
1554292656 920390
1554292656 963067
1554292657 4581
1554292657 46747
1554292657 88566
1554292657 130679
1554292657 173676
1554292657 214354
1554292657 256381
1554292657 298405
1554292657 340380
1554292657 382445
1554292657 425179
1554292657 466307
1554292657 508365
1554292657 552385
1554292657 594337
1554292657 636321
1554292657 678515
1554292657 720402
1554292657 762755
1554292657 804552
1554292657 846613
1554292657 888537
1554292657 930385
1554292657 973180
1554292658 18433
1554292658 60397
1554292658 102375
1554292658 144419
1554292658 186311
1554292658 228296
1554292658 272451
1554292658 312859
1554292658 354309
1554292658 396329
1554292658 438315
1554292658 480490
1554292658 522782
1554292658 564589
1554292658 606440
1554292658 648704
1554292658 690360
1554292658 732788
1554292658 774365
1554292658 816349
1554292658 858345
1554292658 900499
1554292658 942407
1554292658 986308
1554292659 28357
1554292659 70294
1554292659 113453
1554292659 154294
1554292659 196291
1554292659 238301
1554292659 281081
1554292659 322927
1554292659 364948
1554292659 406670
1554292659 448550
1554292659 490338
1554292659 533003
1554292659 574357
1554292659 616320
1554292659 658357
1554292659 700292
1554292659 743095
1554292659 784397
1554292659 826328
1554292659 868301
1554292659 910307
1554292659 954238
1554292659 996326
1554292660 38289
1554292660 82105
1554292660 122886
1554292660 164598
1554292660 206568
1554292660 248509
1554292660 290320
1554292660 332334
