1554281497 894506
1554281497 937197
1554281497 982955
1554281498 24272
1554281498 66394
1554281498 107613
1554281498 149584
1554281498 193648
1554281498 236442
1554281498 277756
1554281498 320479
1554281498 363442
1554281498 405493
1554281498 447641
1554281498 489681
1554281498 532932
1554281498 576702
1554281498 619418
1554281498 662094
1554281498 705372
1554281498 746905
1554281498 788989
1554281498 835355
1554281498 876844
1554281498 920231
1554281498 973083
1554281499 14671
1554281499 72600
1554281499 109406
1554281499 154006
1554281499 197518
1554281499 240716
1554281499 284843
1554281499 326284
1554281499 367705
1554281499 413143
1554281499 454872
1554281499 496668
1554281499 539482
1554281499 588904
1554281499 637171
1554281499 679712
1554281499 723536
1554281499 765801
1554281499 808017
1554281499 850530
1554281499 895318
1554281499 937308
1554281499 980191
1554281500 23704
1554281500 66997
1554281500 108109
1554281500 152592
1554281500 195303
1554281500 237683
1554281500 278976
1554281500 323696
1554281500 366327
1554281500 408054
1554281500 449488
1554281500 495732
1554281500 536810
1554281500 579683
1554281500 620964
1554281500 663791
1554281500 706809
1554281500 748781
1554281500 791045
1554281500 838108
1554281500 880446
1554281500 922926
1554281500 970961
1554281501 17502
1554281501 59158
1554281501 100712
1554281501 144123
1554281501 186791
1554281501 228560
1554281501 269263
1554281501 312156
1554281501 355151
1554281501 397815
1554281501 439546
1554281501 482489
1554281501 526207
1554281501 567576
1554281501 609597
1554281501 650877
1554281501 696844
1554281501 741801
1554281501 781637
1554281501 835143
1554281501 882589
1554281501 927014
1554281501 969564
1554281502 11741
1554281502 61515
1554281502 106783
1554281502 149278
1554281502 191415
1554281502 232852
1554281502 275633
1554281502 318518
1554281502 359451
1554281502 401002
1554281502 446628
1554281502 488300
1554281502 530330
1554281502 571676
1554281502 616810
1554281502 658869
1554281502 700827
1554281502 750627
1554281502 792938
1554281502 839276
1554281502 882118
1554281502 924615
1554281502 972460
1554281503 16844
1554281503 58634
1554281503 100750
1554281503 142863
1554281503 186893
1554281503 228170
1554281503 270630
1554281503 311551
1554281503 352927
1554281503 397546
1554281503 440042
1554281503 481784
1554281503 524929
1554281503 567677
1554281503 610040
1554281503 658042
1554281503 697316
1554281503 738961
1554281503 780680
1554281503 822779
1554281503 865544
1554281503 909360
1554281503 950236
1554281503 991321
1554281504 32874
1554281504 78408
1554281504 122490
1554281504 162308
1554281504 204979
1554281504 248217
1554281504 289742
1554281504 331565
1554281504 377366
1554281504 418848
1554281504 460754
1554281504 502743
1554281504 553980
1554281504 597248
1554281504 639322
1554281504 681201
1554281504 722875
1554281504 768229
1554281504 810645
1554281504 852550
1554281504 894498
1554281504 938723
1554281504 980698
1554281505 22635
1554281505 72955
1554281505 115063
1554281505 159761
1554281505 201234
1554281505 244086
1554281505 288524
1554281505 330327
1554281505 371653
1554281505 414573
1554281505 459577
1554281505 500540
1554281505 542818
1554281505 591994
1554281505 637075
1554281505 679416
1554281505 721442
1554281505 763639
1554281505 813314
1554281505 861376
1554281505 901813
1554281505 942486
1554281505 984428
1554281506 27782
1554281506 70829
1554281506 112609
1554281506 153528
1554281506 195030
1554281506 239656
1554281506 282142
1554281506 324791
1554281506 367105
1554281506 409722
1554281506 451687
1554281506 494895
1554281506 539517
1554281506 581233
1554281506 622574
1554281506 665097
1554281506 715459
1554281506 763175
1554281506 806869
1554281506 850387
1554281506 892332
1554281506 936050
1554281506 980618
1554281507 22648
1554281507 65062
1554281507 116586
1554281507 164684
1554281507 207720
1554281507 250612
1554281507 292274
1554281507 335316
1554281507 381163
1554281507 422500
1554281507 464877
1554281507 515068
1554281507 557761
1554281507 599180
1554281507 641676
1554281507 683379
1554281507 725218
1554281507 769718
1554281507 812564
1554281507 855255
1554281507 899401
1554281507 942753
1554281507 984706
1554281508 34146
1554281508 76988
1554281508 123360
1554281508 164103
1554281508 206594
1554281508 255735
1554281508 300811
1554281508 343168
1554281508 384553
1554281508 434255
1554281508 476931
1554281508 521758
1554281508 563438
1554281508 605469
1554281508 651016
1554281508 693581
1554281508 735630
1554281508 776758
1554281508 821332
1554281508 863680
1554281508 905002
1554281508 946964
1554281508 989744
1554281509 32645
1554281509 74855
1554281509 116986
1554281509 162092
1554281509 204017
1554281509 245362
1554281509 289813
1554281509 331476
1554281509 375396
1554281509 416798
1554281509 461209
1554281509 503229
1554281509 545182
1554281509 587189
1554281509 632176
1554281509 674949
1554281509 718174
1554281509 761373
1554281509 804692
1554281509 846977
1554281509 894332
1554281509 936760
1554281509 984455
1554281510 27133
1554281510 77046
1554281510 121414
1554281510 163641
1554281510 205553
1554281510 247182
1554281510 292362
1554281510 336486
1554281510 378285
1554281510 422408
1554281510 465261
1554281510 506667
1554281510 555586
1554281510 598816
1554281510 643462
1554281510 686008
1554281510 728481
1554281510 771509
1554281510 816121
1554281510 858608
1554281510 902753
1554281510 945531
1554281510 987425
1554281511 36163
1554281511 81313
1554281511 126183
1554281511 166667
1554281511 208890
1554281511 251407
1554281511 295703
1554281511 338334
1554281511 383105
1554281511 424334
1554281511 467255
1554281511 508495
1554281511 551586
1554281511 595292
1554281511 636450
1554281511 679321
1554281511 724032
1554281511 766105
1554281511 808781
1554281511 851417
1554281511 895990
1554281511 937741
1554281511 982757
1554281512 25159
1554281512 67343
1554281512 109223
1554281512 151721
1554281512 194182
1554281512 236534
1554281512 277964
1554281512 319134
1554281512 363744
1554281512 408041
1554281512 447789
1554281512 490931
1554281512 535575
1554281512 577375
1554281512 619183
1554281512 665211
1554281512 706900
1554281512 750115
1554281512 799321
1554281512 841019
1554281512 888151
1554281512 931001
1554281512 980171
1554281513 24363
1554281513 66995
1554281513 109797
1554281513 159272
1554281513 201269
1554281513 245521
1554281513 288147
1554281513 329238
1554281513 373405
1554281513 416339
1554281513 458757
1554281513 500155
1554281513 545336
1554281513 588554
1554281513 638070
1554281513 684821
1554281513 726053
1554281513 767998
1554281513 809797
1554281513 852816
1554281513 896300
1554281513 938585
1554281513 986733
1554281514 29712
1554281514 70210
1554281514 114315
1554281514 157032
1554281514 199358
1554281514 241069
1554281514 285997
1554281514 328435
1554281514 370078
1554281514 413056
1554281514 455583
1554281514 497659
1554281514 539210
1554281514 584986
1554281514 627234
1554281514 668715
1554281514 711067
1554281514 753630
1554281514 796554
1554281514 840556
1554281514 890439
1554281514 932836
1554281514 985397
1554281515 27221
1554281515 68697
1554281515 111184
1554281515 161012
1554281515 212497
1554281515 259197
1554281515 301027
1554281515 347190
1554281515 388707
1554281515 430704
1554281515 479761
1554281515 523574
1554281515 569982
1554281515 612644
1554281515 655659
1554281515 698558
1554281515 746404
1554281515 785305
1554281515 828894
1554281515 870794
1554281515 920273
1554281515 967447
1554281516 11656
1554281516 55558
1554281516 99782
1554281516 145704
1554281516 186763
1554281516 228691
1554281516 271284
1554281516 320626
1554281516 367513
1554281516 411580
1554281516 451608
1554281516 495730
1554281516 538639
1554281516 578966
1554281516 621313
1554281516 667585
1554281516 709651
1554281516 750991
1554281516 793081
1554281516 838258
1554281516 878476
1554281516 920399
1554281516 961427
1554281517 3959
1554281517 48042
1554281517 90347
1554281517 134530
1554281517 188031
1554281517 228524
1554281517 270893
1554281517 312788
1554281517 357408
1554281517 398468
1554281517 441401
1554281517 481428
1554281517 523233
1554281517 567780
1554281517 610476
1554281517 652756
1554281517 701406
1554281517 743232
1554281517 788627
1554281517 830472
1554281517 874047
1554281517 923037
1554281517 968021
1554281518 9761
1554281518 52411
1554281518 102342
1554281518 146887
1554281518 188979
1554281518 231697
1554281518 273678
1554281518 323056
1554281518 365521
1554281518 408584
1554281518 450600
1554281518 493370
1554281518 537528
1554281518 579529
1554281518 621762
1554281518 668447
1554281518 708949
1554281518 750836
1554281518 792611
1554281518 842418
1554281518 890301
1554281518 932952
1554281518 972003
1554281519 22187
1554281519 62794
1554281519 104611
1554281519 148736
1554281519 191609
1554281519 232674
1554281519 276951
1554281519 319340
1554281519 360315
1554281519 402231
1554281519 445469
1554281519 490407
1554281519 532407
1554281519 575503
1554281519 619572
1554281519 661713
1554281519 703669
1554281519 750942
1554281519 792724
1554281519 837595
1554281519 877639
1554281519 920750
1554281519 962884
1554281520 3351
1554281520 45308
1554281520 90514
1554281520 134305
1554281520 175649
1554281520 219805
1554281520 261553
1554281520 303476
1554281520 345325
1554281520 390235
1554281520 431275
1554281520 472788
1554281520 515099
1554281520 565301
1554281520 610817
1554281520 651986
1554281520 695676
1554281520 739699
1554281520 781340
1554281520 824675
1554281520 866328
1554281520 910605
1554281520 952656
1554281520 995645
1554281521 46082
1554281521 89650
1554281521 133973
1554281521 175356
1554281521 220838
1554281521 262016
1554281521 305082
1554281521 350486
1554281521 392727
1554281521 436423
1554281521 484052
1554281521 528489
1554281521 571806
1554281521 615268
1554281521 659718
1554281521 702359
1554281521 750079
1554281521 786558
1554281521 830822
1554281521 873383
1554281521 914886
1554281521 956580
1554281522 868
1554281522 42377
1554281522 85301
1554281522 127721
1554281522 172022
1554281522 216201
1554281522 258747
1554281522 302140
1554281522 343555
1554281522 385417
1554281522 432011
1554281522 472920
1554281522 514923
1554281522 557302
1554281522 599627
1554281522 642432
1554281522 684829
1554281522 726148
1554281522 768808
1554281522 812688
1554281522 858324
1554281522 907166
1554281522 953237
1554281522 994891
1554281523 36907
1554281523 87769
1554281523 138000
1554281523 181085
1554281523 223401
1554281523 265357
1554281523 306973
1554281523 352623
1554281523 395252
1554281523 437113
1554281523 484934
1554281523 530736
1554281523 573550
1554281523 615683
1554281523 659152
1554281523 704565
1554281523 747333
1554281523 785537
1554281523 828392
1554281523 876685
1554281523 914684
1554281523 956574
1554281524 7730
1554281524 55578
1554281524 96937
1554281524 142446
1554281524 183337
1554281524 226005
1554281524 268219
1554281524 312532
1554281524 355321
1554281524 397319
1554281524 446440
1554281524 492125
1554281524 536467
1554281524 577390
1554281524 625748
1554281524 666970
1554281524 708571
1554281524 753094
1554281524 794719
1554281524 840725
1554281524 889620
1554281524 940859
1554281524 983162
1554281525 25678
1554281525 67362
1554281525 108629
1554281525 153154
1554281525 196391
1554281525 239450
1554281525 281600
1554281525 325493
1554281525 367463
1554281525 407601
1554281525 449594
1554281525 494393
1554281525 536325
1554281525 578834
1554281525 621367
1554281525 664138
1554281525 705550
1554281525 753707
1554281525 788939
1554281525 835203
1554281525 875309
1554281525 916819
1554281525 958998
1554281526 13035
1554281526 63185
1554281526 106119
1554281526 147681
1554281526 190298
1554281526 235416
1554281526 276725
1554281526 318554
1554281526 367731
1554281526 409295
1554281526 452650
1554281526 495443
1554281526 537418
1554281526 580692
1554281526 623386
1554281526 666143
1554281526 707715
1554281526 755425
1554281526 796575
1554281526 842210
1554281526 889405
1554281526 932921
1554281526 980783
1554281527 24777
1554281527 66318
1554281527 109150
1554281527 154668
1554281527 196780
1554281527 242239
1554281527 292546
1554281527 341304
1554281527 386153
1554281527 427542
1554281527 470025
1554281527 510763
1554281527 554728
1554281527 596594
1554281527 639419
1554281527 680460
1554281527 723677
1554281527 767003
1554281527 808593
1554281527 849696
1554281527 893020
1554281527 942978
1554281527 990674
1554281528 35367
1554281528 76705
1554281528 118573
1554281528 160763
1554281528 204653
1554281528 246867
1554281528 289309
1554281528 329526
1554281528 371651
1554281528 421272
1554281528 466526
1554281528 507997
1554281528 549310
1554281528 590946
1554281528 636683
1554281528 680537
1554281528 721793
1554281528 773298
1554281528 823275
1554281528 866598
1554281528 910712
1554281528 951120
1554281528 996555
1554281529 38588
1554281529 81789
1554281529 132151
1554281529 176059
1554281529 218005
1554281529 260304
1554281529 303302
1554281529 346429
1554281529 387574
1554281529 429693
1554281529 471471
1554281529 516025
1554281529 556698
1554281529 598756
1554281529 640765
1554281529 691537
1554281529 739407
1554281529 780937
1554281529 825771
1554281529 867742
1554281529 911454
1554281529 951583
1554281529 996603
1554281530 38646
1554281530 80533
1554281530 122352
1554281530 167413
1554281530 208767
1554281530 250417
1554281530 291628
1554281530 335346
1554281530 378212
1554281530 419771
1554281530 461313
1554281530 504625
1554281530 547438
1554281530 589618
1554281530 632118
1554281530 672634
1554281530 716679
1554281530 758803
1554281530 800345
1554281530 842769
1554281530 886649
1554281530 928492
1554281530 970794
1554281531 12962
1554281531 55161
1554281531 98948
1554281531 142859
1554281531 182746
1554281531 224744
1554281531 267465
1554281531 310084
1554281531 352104
1554281531 392713
1554281531 436892
1554281531 478870
1554281531 520636
1554281531 562532
1554281531 612225
1554281531 654841
1554281531 697295
1554281531 740051
1554281531 782178
1554281531 824689
1554281531 867428
1554281531 910395
1554281531 958141
1554281531 999343
1554281532 41356
1554281532 83801
1554281532 128459
1554281532 170601
1554281532 212412
1554281532 256980
1554281532 299490
1554281532 342487
1554281532 382987
1554281532 425579
1554281532 470545
1554281532 512453
1554281532 553311
1554281532 594673
1554281532 638566
1554281532 680768
1554281532 722996
1554281532 764540
1554281532 808812
1554281532 850613
1554281532 892831
1554281532 935715
1554281532 983583
1554281533 26851
1554281533 69116
1554281533 111692
1554281533 153283
1554281533 198092
1554281533 238529
1554281533 280459
1554281533 322691
1554281533 365084
1554281533 408902
1554281533 451423
1554281533 493597
1554281533 535695
1554281533 579224
1554281533 622107
1554281533 664226
1554281533 706232
1554281533 748768
1554281533 791486
1554281533 835328
1554281533 879275
1554281533 922052
1554281533 962505
1554281534 5110
1554281534 55507
1554281534 100812
1554281534 144259
1554281534 185336
1554281534 229753
1554281534 271798
1554281534 314702
1554281534 356348
1554281534 400720
1554281534 442921
1554281534 485784
1554281534 534406
1554281534 576874
1554281534 619767
1554281534 661520
1554281534 703631
1554281534 747635
1554281534 788974
1554281534 833643
1554281534 873460
1554281534 916624
1554281534 961214
1554281535 3313
1554281535 46220
1554281535 90342
1554281535 132870
1554281535 176081
1554281535 218485
1554281535 261440
1554281535 303249
1554281535 345651
1554281535 389222
1554281535 432516
1554281535 473460
1554281535 516613
1554281535 561656
1554281535 602590
1554281535 645524
1554281535 687181
1554281535 729767
1554281535 773315
1554281535 814364
1554281535 857485
1554281535 905088
1554281535 946741
1554281535 985176
1554281536 28535
1554281536 71118
1554281536 114281
1554281536 156003
1554281536 200710
1554281536 242473
1554281536 284949
1554281536 327147
1554281536 370776
1554281536 412688
1554281536 456430
1554281536 497440
1554281536 541600
1554281536 584218
1554281536 626035
1554281536 668574
1554281536 710718
1554281536 753991
1554281536 795538
1554281536 842027
1554281536 882691
1554281536 924900
1554281536 967312
1554281537 17800
1554281537 61694
1554281537 103615
1554281537 148549
1554281537 201392
1554281537 242548
1554281537 285104
1554281537 326958
1554281537 376657
1554281537 418997
1554281537 461390
1554281537 503464
1554281537 545474
1554281537 586893
1554281537 632876
1554281537 674165
1554281537 715711
1554281537 772924
1554281537 802790
1554281537 845815
1554281537 888130
1554281537 937574
1554281537 979409
1554281538 24242
1554281538 66412
1554281538 114229
1554281538 155683
1554281538 197235
1554281538 243084
1554281538 285981
1554281538 328207
1554281538 368598
1554281538 412260
1554281538 456588
1554281538 497607
1554281538 539509
1554281538 583267
1554281538 626070
1554281538 667580
1554281538 712449
1554281538 754110
1554281538 797567
1554281538 839062
1554281538 884736
1554281538 926840
1554281538 969383
1554281539 12089
1554281539 54413
1554281539 96396
1554281539 139598
1554281539 184693
1554281539 226024
1554281539 267149
1554281539 310731
1554281539 352547
1554281539 396279
1554281539 438378
1554281539 482624
1554281539 524797
1554281539 566848
1554281539 609572
1554281539 657592
1554281539 699301
1554281539 741414
1554281539 783563
1554281539 825780
1554281539 870900
1554281539 922926
1554281539 964641
1554281540 6869
1554281540 50307
1554281540 98909
1554281540 149476
1554281540 188938
1554281540 234683
1554281540 275401
1554281540 317997
1554281540 358826
1554281540 404920
1554281540 447567
1554281540 489241
1554281540 538694
1554281540 580893
1554281540 626533
1554281540 667603
1554281540 709363
1554281540 759398
1554281540 795598
1554281540 840680
1554281540 885036
1554281540 926863
1554281540 970457
1554281541 22292
1554281541 65613
1554281541 108097
1554281541 152615
1554281541 200735
1554281541 245636
