1554281487 737338
1554281497 931961
1554281497 973899
1554281498 15905
1554281498 57893
1554281498 100113
1554281498 141975
1554281498 185905
1554281498 227895
1554281498 269895
1554281498 313934
1554281498 355914
1554281498 397909
1554281498 439895
1554281498 481944
1554281498 523992
1554281498 567960
1554281498 612176
1554281498 654011
1554281498 695899
1554281498 738445
1554281498 781986
1554281498 825899
1554281498 867912
1554281498 909900
1554281498 963920
1554281499 6081
1554281499 59042
1554281499 102000
1554281499 146303
1554281499 189912
1554281499 233929
1554281499 275900
1554281499 317912
1554281499 360036
1554281499 403932
1554281499 446099
1554281499 488057
1554281499 529903
1554281499 581974
1554281499 629928
1554281499 672189
1554281499 715896
1554281499 757881
1554281499 799892
1554281499 843916
1554281499 886172
1554281499 928554
1554281499 973171
1554281500 15886
1554281500 57883
1554281500 100653
1554281500 144817
1554281500 187894
1554281500 229917
1554281500 272425
1554281500 315902
1554281500 357880
1554281500 399891
1554281500 442103
1554281500 485971
1554281500 528109
1554281500 569993
1554281500 614218
1554281500 655887
1554281500 697894
1554281500 740235
1554281500 783966
1554281500 827913
1554281500 869961
1554281500 911919
1554281500 963932
1554281501 7975
1554281501 50014
1554281501 94012
1554281501 135913
1554281501 177909
1554281501 219901
1554281501 261961
1554281501 303975
1554281501 347904
1554281501 389895
1554281501 431979
1554281501 475934
1554281501 517900
1554281501 559908
1554281501 601937
1554281501 643950
1554281501 687990
1554281501 730068
1554281501 771891
1554281501 824246
1554281501 875971
1554281501 918457
1554281501 961878
1554281502 3960
1554281502 54695
1554281502 97929
1554281502 140069
1554281502 183984
1554281502 226049
1554281502 267901
1554281502 309896
1554281502 351902
1554281502 394202
1554281502 437924
1554281502 479921
1554281502 521881
1554281502 563949
1554281502 607946
1554281502 650015
1554281502 691897
1554281502 742740
1554281502 785954
1554281502 829926
1554281502 871888
1554281502 914841
1554281502 966026
1554281503 8168
1554281503 50015
1554281503 91921
1554281503 135461
1554281503 177900
1554281503 219900
1554281503 262083
1554281503 304114
1554281503 345965
1554281503 389928
1554281503 431879
1554281503 473905
1554281503 517929
1554281503 559890
1554281503 601887
1554281503 643923
1554281503 687952
1554281503 730052
1554281503 771939
1554281503 815977
1554281503 857900
1554281503 899914
1554281503 941916
1554281503 984155
1554281504 25969
1554281504 69907
1554281504 111898
1554281504 153898
1554281504 197940
1554281504 239955
1554281504 281881
1554281504 323890
1554281504 367950
1554281504 409919
1554281504 451978
1554281504 493950
1554281504 545995
1554281504 589904
1554281504 631890
1554281504 673895
1554281504 716363
1554281504 759924
1554281504 801905
1554281504 843896
1554281504 887951
1554281504 930064
1554281504 971988
1554281505 13897
1554281505 66024
1554281505 108206
1554281505 151921
1554281505 193874
1554281505 236190
1554281505 279910
1554281505 321891
1554281505 363873
1554281505 407948
1554281505 450276
1554281505 491978
1554281505 533909
1554281505 584768
1554281505 627925
1554281505 671891
1554281505 713888
1554281505 756411
1554281505 805980
1554281505 849944
1554281505 892016
1554281505 933890
1554281505 977533
1554281506 19903
1554281506 61937
1554281506 103911
1554281506 146082
1554281506 187951
1554281506 231901
1554281506 274029
1554281506 315917
1554281506 359932
1554281506 401986
1554281506 443906
1554281506 487982
1554281506 530153
1554281506 571899
1554281506 613895
1554281506 658402
1554281506 708094
1554281506 755897
1554281506 799947
1554281506 842153
1554281506 883924
1554281506 927999
1554281506 971904
1554281507 13902
1554281507 55907
1554281507 108172
1554281507 155941
1554281507 199932
1554281507 241899
1554281507 283888
1554281507 328003
1554281507 371902
1554281507 413883
1554281507 455913
1554281507 507981
1554281507 549990
1554281507 591886
1554281507 633933
1554281507 675879
1554281507 718273
1554281507 761892
1554281507 803893
1554281507 847981
1554281507 890296
1554281507 933883
1554281507 975911
1554281508 26465
1554281508 69911
1554281508 113890
1554281508 155884
1554281508 198248
1554281508 248266
1554281508 291925
1554281508 333916
1554281508 375900
1554281508 426785
1554281508 469908
1554281508 513927
1554281508 555886
1554281508 597914
1554281508 642409
1554281508 685967
1554281508 728099
1554281508 769922
1554281508 811941
1554281508 853913
1554281508 895878
1554281508 939715
1554281508 981898
1554281509 23923
1554281509 66051
1554281509 109933
1554281509 153903
1554281509 195884
1554281509 237875
1554281509 281935
1554281509 323902
1554281509 367941
1554281509 409960
1554281509 452053
1554281509 493962
1554281509 536390
1554281509 580214
1554281509 623880
1554281509 666048
1554281509 709942
1554281509 753911
1554281509 795881
1554281509 837892
1554281509 886101
1554281509 928136
1554281509 975900
1554281510 17895
1554281510 70071
1554281510 112485
1554281510 155885
1554281510 197879
1554281510 240147
1554281510 283904
1554281510 327944
1554281510 371914
1554281510 413902
1554281510 455880
1554281510 497885
1554281510 548451
1554281510 592243
1554281510 635899
1554281510 677889
1554281510 720277
1554281510 763912
1554281510 808053
1554281510 851927
1554281510 893976
1554281510 935883
1554281510 978413
1554281511 28914
1554281511 73947
1554281511 115902
1554281511 158429
1554281511 201923
1554281511 243885
1554281511 287931
1554281511 330140
1554281511 373925
1554281511 415896
1554281511 457883
1554281511 501655
1554281511 543921
1554281511 585994
1554281511 627918
1554281511 671948
1554281511 715902
1554281511 757881
1554281511 799883
1554281511 843903
1554281511 887971
1554281511 930064
1554281511 973919
1554281512 15896
1554281512 58418
1554281512 102118
1554281512 143901
1554281512 185903
1554281512 227884
1554281512 269940
1554281512 311964
1554281512 355893
1554281512 397877
1554281512 439912
1554281512 483946
1554281512 527964
1554281512 569896
1554281512 611978
1554281512 655906
1554281512 697901
1554281512 739900
1554281512 792079
1554281512 834416
1554281512 877898
1554281512 919906
1554281512 973913
1554281513 15915
1554281513 57877
1554281513 99890
1554281513 152076
1554281513 194277
1554281513 237882
1554281513 279887
1554281513 322298
1554281513 365968
1554281513 408243
1554281513 451961
1554281513 493920
1554281513 536423
1554281513 579881
1554281513 630782
1554281513 676019
1554281513 718030
1554281513 759891
1554281513 802517
1554281513 845994
1554281513 888140
1554281513 930166
1554281513 977996
1554281514 19889
1554281514 63517
1554281514 105894
1554281514 148413
1554281514 191976
1554281514 233949
1554281514 277895
1554281514 319916
1554281514 361889
1554281514 406169
1554281514 448222
1554281514 490032
1554281514 531920
1554281514 575019
1554281514 617893
1554281514 659911
1554281514 704091
1554281514 745913
1554281514 787892
1554281514 830258
1554281514 879885
1554281514 921956
1554281514 975920
1554281515 17983
1554281515 59882
1554281515 101895
1554281515 154066
1554281515 204541
1554281515 251891
1554281515 293957
1554281515 337912
1554281515 379915
1554281515 421892
1554281515 472340
1554281515 515937
1554281515 561785
1554281515 605940
1554281515 648103
1554281515 690053
1554281515 732062
1554281515 776425
1554281515 819914
1554281515 861885
1554281515 912864
1554281515 959909
1554281516 2576
1554281516 48149
1554281516 91889
1554281516 136109
1554281516 177898
1554281516 219904
1554281516 261884
1554281516 312801
1554281516 359892
1554281516 401886
1554281516 444961
1554281516 488115
1554281516 530145
1554281516 571929
1554281516 614087
1554281516 657968
1554281516 699894
1554281516 741981
1554281516 785556
1554281516 827896
1554281516 869885
1554281516 911892
1554281516 953979
1554281516 995945
1554281517 39896
1554281517 81887
1554281517 123881
1554281517 177926
1554281517 219905
1554281517 262007
1554281517 305988
1554281517 347912
1554281517 389901
1554281517 431916
1554281517 473950
1554281517 515978
1554281517 559912
1554281517 601896
1554281517 643879
1554281517 693918
1554281517 736119
1554281517 779897
1554281517 821897
1554281517 863932
1554281517 915976
1554281517 959924
1554281518 1967
1554281518 43988
1554281518 93902
1554281518 137930
1554281518 179929
1554281518 221887
1554281518 263906
1554281518 315984
1554281518 358002
1554281518 399930
1554281518 442534
1554281518 486234
1554281518 529936
1554281518 571929
1554281518 613932
1554281518 657928
1554281518 699920
1554281518 741934
1554281518 783887
1554281518 834412
1554281518 877922
1554281518 921903
1554281518 963962
1554281519 13901
1554281519 55947
1554281519 97944
1554281519 139911
1554281519 181922
1554281519 223885
1554281519 267882
1554281519 309906
1554281519 351904
1554281519 394857
1554281519 437937
1554281519 481910
1554281519 523910
1554281519 568230
1554281519 611950
1554281519 653921
1554281519 695932
1554281519 740411
1554281519 783913
1554281519 827891
1554281519 869927
1554281519 911943
1554281519 953891
1554281519 995941
1554281520 37963
1554281520 81896
1554281520 123912
1554281520 168218
1554281520 211952
1554281520 253885
1554281520 295912
1554281520 338009
1554281520 379918
1554281520 422059
1554281520 463901
1554281520 505885
1554281520 558027
1554281520 601905
1554281520 643927
1554281520 688328
1554281520 731913
1554281520 773885
1554281520 815901
1554281520 859915
1554281520 901922
1554281520 943888
1554281520 985900
1554281521 38513
1554281521 81907
1554281521 123883
1554281521 168231
1554281521 211908
1554281521 254421
1554281521 297953
1554281521 341903
1554281521 383881
1554281521 425919
1554281521 476526
1554281521 520216
1554281521 563892
1554281521 608393
1554281521 651923
1554281521 693960
1554281521 735929
1554281521 779917
1554281521 821911
1554281521 863887
1554281521 905900
1554281521 949425
1554281521 991917
1554281522 33886
1554281522 76907
1554281522 119952
1554281522 163906
1554281522 207943
1554281522 251931
1554281522 293985
1554281522 335907
1554281522 377905
1554281522 420005
1554281522 463914
1554281522 505887
1554281522 549806
1554281522 591923
1554281522 633896
1554281522 675880
1554281522 718001
1554281522 759970
1554281522 803901
1554281522 847936
1554281522 899965
1554281522 943901
1554281522 985928
1554281523 27885
1554281523 80061
1554281523 130610
1554281523 173902
1554281523 215889
1554281523 257945
1554281523 300034
1554281523 343908
1554281523 385893
1554281523 428061
1554281523 475937
1554281523 522573
1554281523 566047
1554281523 608154
1554281523 651917
1554281523 693933
1554281523 735964
1554281523 777978
1554281523 821925
1554281523 864092
1554281523 905892
1554281523 947887
1554281524 101
1554281524 47935
1554281524 90374
1554281524 133947
1554281524 175893
1554281524 217889
1554281524 261909
1554281524 303893
1554281524 345948
1554281524 388393
1554281524 438739
1554281524 483937
1554281524 527941
1554281524 570377
1554281524 617906
1554281524 659966
1554281524 702032
1554281524 743877
1554281524 785906
1554281524 828065
1554281524 882043
1554281524 933000
1554281524 975985
1554281525 17897
1554281525 59931
1554281525 101914
1554281525 144544
1554281525 187902
1554281525 231925
1554281525 273946
1554281525 315959
1554281525 357882
1554281525 399989
1554281525 441999
1554281525 485977
1554281525 528167
1554281525 572181
1554281525 613941
1554281525 655983
1554281525 697905
1554281525 739900
1554281525 781936
1554281525 823929
1554281525 865898
1554281525 907930
1554281525 949880
1554281526 2961
1554281526 55888
1554281526 97888
1554281526 139892
1554281526 183941
1554281526 225912
1554281526 267926
1554281526 309904
1554281526 360162
1554281526 401998
1554281526 443983
1554281526 487944
1554281526 529914
1554281526 573922
1554281526 615964
1554281526 657891
1554281526 699887
1554281526 745878
1554281526 787908
1554281526 830275
1554281526 882009
1554281526 924588
1554281526 973912
1554281527 15893
1554281527 58522
1554281527 101987
1554281527 145914
1554281527 187889
1554281527 229900
1554281527 284037
1554281527 334161
1554281527 377889
1554281527 419881
1554281527 461921
1554281527 503919
1554281527 545997
1554281527 587890
1554281527 629952
1554281527 673625
1554281527 715907
1554281527 757879
1554281527 799914
1554281527 842000
1554281527 883938
1554281527 931924
1554281527 983919
1554281528 26026
1554281528 67908
1554281528 109879
1554281528 153993
1554281528 195913
1554281528 237885
1554281528 279887
1554281528 321951
1554281528 363961
1554281528 414177
1554281528 457909
1554281528 500147
1554281528 541902
1554281528 584069
1554281528 627914
1554281528 669960
1554281528 711882
1554281528 766172
1554281528 815990
1554281528 858612
1554281528 901898
1554281528 943963
1554281528 987907
1554281529 29879
1554281529 72032
1554281529 124671
1554281529 167979
1554281529 210071
1554281529 251922
1554281529 295919
1554281529 338031
1554281529 379904
1554281529 421882
1554281529 463942
1554281529 506057
1554281529 547914
1554281529 589910
1554281529 631884
1554281529 682999
1554281529 731908
1554281529 774260
1554281529 817928
1554281529 859928
1554281529 901897
1554281529 944240
1554281529 987894
1554281530 29877
1554281530 71916
1554281530 115437
1554281530 157961
1554281530 199887
1554281530 242078
1554281530 284099
1554281530 327987
1554281530 370041
1554281530 411902
1554281530 453900
1554281530 497937
1554281530 539940
1554281530 581887
1554281530 623909
1554281530 665915
1554281530 707942
1554281530 749940
1554281530 791879
1554281530 836001
1554281530 877906
1554281530 919894
1554281530 961905
1554281531 4042
1554281531 47975
1554281531 90083
1554281531 132529
1554281531 176154
1554281531 217944
1554281531 259999
1554281531 301919
1554281531 344169
1554281531 385944
1554281531 427987
1554281531 469912
1554281531 511919
1554281531 553876
1554281531 604659
1554281531 648055
1554281531 690035
1554281531 731946
1554281531 773903
1554281531 817894
1554281531 859944
1554281531 901920
1554281531 944185
1554281531 990087
1554281532 32603
1554281532 76842
1554281532 119889
1554281532 161910
1554281532 204726
1554281532 248390
1554281532 291917
1554281532 333922
1554281532 375976
1554281532 418146
1554281532 461904
1554281532 503895
1554281532 545913
1554281532 587949
1554281532 629922
1554281532 671973
1554281532 713898
1554281532 757373
1554281532 799882
1554281532 841886
1554281532 885555
1554281532 928140
1554281532 976310
1554281533 19939
1554281533 61969
1554281533 103884
1554281533 145913
1554281533 187924
1554281533 229946
1554281533 271893
1554281533 313902
1554281533 357806
1554281533 399897
1554281533 442408
1554281533 486011
1554281533 528186
1554281533 571900
1554281533 613888
1554281533 655886
1554281533 699008
1554281533 741905
1554281533 783930
1554281533 826095
1554281533 869937
1554281533 911890
1554281533 953883
1554281533 995953
1554281534 48024
1554281534 91905
1554281534 134221
1554281534 178246
1554281534 221912
1554281534 263885
1554281534 305945
1554281534 349924
1554281534 391902
1554281534 433886
1554281534 475903
1554281534 526640
1554281534 570061
1554281534 612062
1554281534 653899
1554281534 695973
1554281534 739932
1554281534 781934
1554281534 823968
1554281534 866037
1554281534 909947
1554281534 951970
1554281534 994395
1554281535 39067
1554281535 81886
1554281535 123881
1554281535 168006
1554281535 210960
1554281535 253914
1554281535 295900
1554281535 338634
1554281535 381908
1554281535 423955
1554281535 465903
1554281535 509919
1554281535 551885
1554281535 593898
1554281535 635887
1554281535 680161
1554281535 721900
1554281535 763881
1554281535 806304
1554281535 849985
1554281535 893901
1554281535 935929
1554281535 977902
1554281536 21937
1554281536 63959
1554281536 105896
1554281536 148630
1554281536 191920
1554281536 233904
1554281536 275878
1554281536 320086
1554281536 361923
1554281536 403911
1554281536 446095
1554281536 490010
1554281536 533905
1554281536 575886
1554281536 617902
1554281536 661917
1554281536 703899
1554281536 745956
1554281536 787952
1554281536 830311
1554281536 873909
1554281536 915882
1554281536 957906
1554281537 10041
1554281537 53911
1554281537 95972
1554281537 137895
1554281537 191940
1554281537 233902
1554281537 275879
1554281537 317887
1554281537 368730
1554281537 412128
1554281537 453897
1554281537 495928
1554281537 537908
1554281537 580168
1554281537 623911
1554281537 665889
1554281537 707891
1554281537 751887
1554281537 793899
1554281537 835896
1554281537 878457
1554281537 930097
1554281537 972434
1554281538 15921
1554281538 58513
1554281538 105904
1554281538 147919
1554281538 189961
1554281538 233904
1554281538 275941
1554281538 317905
1554281538 361499
1554281538 403944
1554281538 446095
1554281538 488303
1554281538 531951
1554281538 575919
1554281538 617904
1554281538 659886
1554281538 703930
1554281538 746483
1554281538 789895
1554281538 832277
1554281538 875898
1554281538 917883
1554281538 961971
1554281539 3904
1554281539 46076
1554281539 88056
1554281539 131980
1554281539 175895
1554281539 217898
1554281539 259885
1554281539 303943
1554281539 345901
1554281539 387893
1554281539 430594
1554281539 473921
1554281539 515887
1554281539 557902
1554281539 599885
1554281539 650104
1554281539 691996
1554281539 733957
1554281539 775981
1554281539 817892
1554281539 859940
1554281539 914022
1554281539 955899
1554281539 997898
1554281540 39883
1554281540 91961
1554281540 139143
1554281540 182158
1554281540 225909
1554281540 267889
1554281540 309884
1554281540 351922
1554281540 395905
1554281540 437911
1554281540 479897
1554281540 530776
1554281540 573909
1554281540 617899
1554281540 659910
1554281540 702302
1554281540 745921
1554281540 787894
1554281540 830437
1554281540 875897
1554281540 917911
1554281540 959908
1554281541 13952
1554281541 57937
1554281541 99880
1554281541 141891
1554281541 193916
1554281541 236539
