1554282827 852333
1554282827 906449
1554282827 958822
1554282828 8660
1554282828 58434
1554282828 108360
1554282828 161164
1554282828 211683
1554282828 262012
1554282828 311387
1554282828 362688
1554282828 413703
1554282828 463010
1554282828 513113
1554282828 563433
1554282828 614751
1554282828 665642
1554282828 720968
1554282828 772212
1554282828 821797
1554282828 871704
1554282828 922544
1554282828 971791
1554282829 22049
1554282829 71802
1554282829 122743
1554282829 173486
1554282829 222865
1554282829 271700
1554282829 322757
1554282829 372754
1554282829 422102
1554282829 471797
1554282829 522613
1554282829 572651
1554282829 621549
1554282829 672419
1554282829 722598
1554282829 772338
1554282829 821577
1554282829 871587
1554282829 922440
1554282829 972983
1554282830 21389
1554282830 71318
1554282830 123097
1554282830 173633
1554282830 224069
1554282830 273119
1554282830 322407
1554282830 372961
1554282830 421516
1554282830 471643
1554282830 522867
1554282830 572879
1554282830 621536
1554282830 671655
1554282830 722501
1554282830 773230
1554282830 823733
1554282830 873697
1554282830 925281
1554282830 975393
1554282831 25681
1554282831 74695
1554282831 125161
1554282831 178427
1554282831 226696
1554282831 279226
1554282831 330489
1554282831 379663
1554282831 429549
1554282831 481533
1554282831 533218
1554282831 583368
1554282831 633163
1554282831 685000
1554282831 735545
1554282831 785683
1554282831 836607
1554282831 888574
1554282831 937332
1554282831 989374
1554282832 40634
1554282832 90768
1554282832 139349
1554282832 189679
1554282832 240862
1554282832 290931
1554282832 339480
1554282832 389530
1554282832 440960
1554282832 490671
1554282832 539647
1554282832 588657
1554282832 636697
1554282832 688129
1554282832 742813
1554282832 791785
1554282832 842729
1554282832 892915
1554282832 946553
1554282832 995556
1554282833 47436
1554282833 97360
1554282833 146856
1554282833 195693
1554282833 247570
1554282833 298166
1554282833 346871
1554282833 395365
1554282833 447240
1554282833 497415
1554282833 547659
1554282833 596778
1554282833 647400
1554282833 697446
1554282833 747414
1554282833 796721
1554282833 847371
1554282833 897748
1554282833 949240
1554282833 998336
1554282834 50039
1554282834 98822
1554282834 148689
1554282834 201688
1554282834 252831
1554282834 301373
1554282834 351114
1554282834 402380
1554282834 453096
1554282834 503707
1554282834 553461
1554282834 604672
1554282834 654787
1554282834 704404
1554282834 754590
1554282834 804846
1554282834 856112
1554282834 909322
1554282834 958802
1554282835 13233
1554282835 64418
1554282835 114197
1554282835 165131
1554282835 216707
1554282835 266347
1554282835 316232
1554282835 366921
1554282835 416422
1554282835 466501
1554282835 515608
1554282835 567512
1554282835 617012
1554282835 668183
1554282835 718152
1554282835 769164
1554282835 818914
1554282835 870359
1554282835 919011
1554282835 969501
1554282836 19811
1554282836 70045
1554282836 119179
1554282836 169270
1554282836 219992
1554282836 269711
1554282836 318795
1554282836 369795
1554282836 418907
1554282836 468096
1554282836 519427
1554282836 570195
1554282836 621646
1554282836 670859
1554282836 726127
1554282836 776609
1554282836 825527
1554282836 876271
1554282836 926777
1554282836 977245
1554282837 27721
1554282837 78145
1554282837 129477
1554282837 181732
1554282837 231606
1554282837 280481
1554282837 332375
1554282837 380922
1554282837 428982
1554282837 479191
1554282837 530503
1554282837 580999
1554282837 630627
1554282837 680425
1554282837 730407
1554282837 780926
1554282837 830806
1554282837 885673
1554282837 936490
1554282837 985459
1554282838 35001
1554282838 87333
1554282838 138927
1554282838 190015
1554282838 239152
1554282838 290962
1554282838 341514
1554282838 392100
1554282838 440900
1554282838 491113
1554282838 543092
1554282838 592893
1554282838 645481
1554282838 696548
1554282838 748371
1554282838 797542
1554282838 848745
1554282838 898623
1554282838 950310
1554282839 158
1554282839 51151
1554282839 101652
1554282839 150905
1554282839 199413
1554282839 252260
1554282839 301652
1554282839 350926
1554282839 400298
1554282839 451148
1554282839 501037
1554282839 551000
1554282839 601134
1554282839 653539
1554282839 702930
1554282839 752517
1554282839 801108
1554282839 852234
1554282839 905206
1554282839 957584
1554282840 8716
1554282840 59717
1554282840 112092
1554282840 160984
1554282840 212606
1554282840 264626
1554282840 312698
1554282840 362404
1554282840 416631
1554282840 465504
1554282840 514799
1554282840 566964
1554282840 616041
1554282840 665967
1554282840 714830
1554282840 766979
1554282840 816069
1554282840 865618
1554282840 918246
1554282840 968789
1554282841 18493
1554282841 70129
1554282841 119576
1554282841 171454
1554282841 221475
1554282841 272060
1554282841 322054
1554282841 373040
1554282841 423019
1554282841 473264
1554282841 523576
1554282841 576562
1554282841 625179
1554282841 674656
1554282841 727110
1554282841 776316
1554282841 825799
1554282841 874802
1554282841 927140
1554282841 975529
1554282842 26548
1554282842 74499
1554282842 127170
1554282842 178851
1554282842 227766
1554282842 277294
1554282842 329325
1554282842 380548
1554282842 429239
1554282842 479776
1554282842 530630
1554282842 581044
1554282842 631513
1554282842 681642
1554282842 734821
1554282842 785152
1554282842 838353
1554282842 889170
1554282842 938624
1554282842 989561
1554282843 39771
1554282843 91421
1554282843 143430
1554282843 193812
1554282843 242721
1554282843 292995
1554282843 343032
1554282843 394025
1554282843 444718
1554282843 494578
1554282843 545673
1554282843 596021
1554282843 645049
1554282843 698442
1554282843 747214
1554282843 796618
1554282843 848367
1554282843 897782
1554282843 947515
1554282843 998803
1554282844 50892
1554282844 101076
1554282844 151533
1554282844 201659
1554282844 252793
1554282844 302665
1554282844 352234
1554282844 401622
1554282844 452605
1554282844 502501
1554282844 551538
1554282844 602333
1554282844 652816
1554282844 702600
1554282844 752210
1554282844 802391
1554282844 852849
1554282844 904189
1554282844 957674
1554282845 9551
1554282845 60848
1554282845 111806
1554282845 161703
1554282845 212717
1554282845 263692
1554282845 313158
1554282845 364379
1554282845 414797
1554282845 464294
1554282845 513219
1554282845 563421
1554282845 615776
1554282845 665342
1554282845 715326
1554282845 764994
1554282845 814907
1554282845 865325
1554282845 918702
1554282845 971104
1554282846 22677
1554282846 71510
1554282846 122096
1554282846 173016
1554282846 222187
1554282846 271422
1554282846 320616
1554282846 373639
1554282846 425040
1554282846 475809
1554282846 525246
1554282846 576787
1554282846 628065
1554282846 678094
1554282846 734141
1554282846 787697
1554282846 840249
1554282846 891054
1554282846 939695
1554282846 990476
1554282847 41569
1554282847 93687
1554282847 144847
1554282847 194357
1554282847 244406
1554282847 294726
1554282847 344418
1554282847 393638
1554282847 443544
1554282847 495299
1554282847 545590
1554282847 595754
1554282847 645509
1554282847 696577
1554282847 746844
1554282847 795596
1554282847 845769
1554282847 896806
1554282847 946994
1554282847 998035
1554282848 47068
1554282848 97782
1554282848 149263
1554282848 198766
1554282848 252068
1554282848 301599
1554282848 351364
1554282848 401721
1554282848 453070
1554282848 502897
1554282848 552100
1554282848 602486
1554282848 653109
1554282848 701724
1554282848 751252
1554282848 800788
1554282848 849220
1554282848 903293
1554282848 955698
1554282849 6703
1554282849 56803
1554282849 106689
1554282849 156189
1554282849 205767
1554282849 256682
1554282849 307619
1554282849 357016
1554282849 408360
1554282849 458824
1554282849 509019
1554282849 558859
1554282849 607492
1554282849 659551
1554282849 709418
1554282849 758889
1554282849 807620
1554282849 858879
1554282849 910345
1554282849 963454
1554282850 14811
1554282850 66485
1554282850 117718
1554282850 168659
1554282850 219119
1554282850 270087
1554282850 319008
1554282850 369012
1554282850 420085
1554282850 470937
1554282850 520505
1554282850 570528
1554282850 620614
1554282850 672641
1554282850 720734
1554282850 776271
1554282850 827042
1554282850 880063
1554282850 929513
1554282850 980097
1554282851 32577
1554282851 80576
1554282851 130892
1554282851 183776
1554282851 233529
1554282851 284467
1554282851 335247
1554282851 386546
1554282851 435751
1554282851 485015
1554282851 539353
1554282851 589241
1554282851 639587
1554282851 690266
1554282851 740542
1554282851 791212
1554282851 841385
1554282851 891138
1554282851 945207
1554282851 996046
1554282852 46590
1554282852 98558
1554282852 148587
1554282852 198712
1554282852 248379
1554282852 298588
1554282852 349477
1554282852 400079
1554282852 450580
1554282852 500972
1554282852 551979
1554282852 601798
1554282852 651452
1554282852 702113
1554282852 752200
1554282852 801028
1554282852 850986
1554282852 901233
1554282852 954575
1554282853 2729
1554282853 55542
1554282853 106198
1554282853 156337
1554282853 206980
1554282853 257458
1554282853 308393
1554282853 357788
1554282853 408378
1554282853 460236
1554282853 509738
1554282853 560036
1554282853 610103
1554282853 661322
1554282853 712183
1554282853 762274
1554282853 812147
1554282853 862689
1554282853 913461
1554282853 966749
1554282854 16795
1554282854 65573
1554282854 116906
1554282854 168813
1554282854 218872
1554282854 268391
1554282854 317539
1554282854 368551
1554282854 418823
1554282854 468659
1554282854 517526
1554282854 567706
1554282854 619028
1554282854 668651
1554282854 718118
1554282854 771643
1554282854 822763
1554282854 874193
1554282854 928581
1554282854 979697
1554282855 30437
1554282855 80315
1554282855 130342
1554282855 180683
1554282855 231132
1554282855 280340
1554282855 329750
1554282855 381012
1554282855 431647
1554282855 482275
1554282855 532279
1554282855 582677
1554282855 633016
1554282855 683508
1554282855 746455
1554282855 794799
1554282855 845597
1554282855 897248
1554282855 948788
1554282855 998301
1554282856 47494
1554282856 98824
1554282856 150360
1554282856 199724
1554282856 250353
1554282856 300563
1554282856 352149
1554282856 401479
1554282856 451694
1554282856 504096
1554282856 552992
1554282856 601450
1554282856 651731
1554282856 702456
1554282856 753011
1554282856 803342
1554282856 853241
1554282856 906935
1554282856 955014
1554282857 6595
1554282857 55362
1554282857 107731
1554282857 157410
1554282857 207182
1554282857 259717
1554282857 310542
1554282857 359725
1554282857 410055
1554282857 460850
1554282857 511594
1554282857 561370
1554282857 612026
1554282857 662618
1554282857 713316
1554282857 765420
1554282857 814947
1554282857 865001
1554282857 915568
1554282857 965211
1554282858 15717
1554282858 67793
1554282858 117690
1554282858 170237
1554282858 220724
1554282858 270819
1554282858 319383
1554282858 370530
1554282858 423025
1554282858 473511
1554282858 523594
1554282858 573738
1554282858 625649
1554282858 675043
1554282858 725545
1554282858 774844
1554282858 824757
1554282858 875027
1554282858 927290
1554282858 980651
1554282859 30304
1554282859 79705
1554282859 131140
1554282859 180942
1554282859 230411
1554282859 279429
1554282859 330266
1554282859 381249
1554282859 432355
1554282859 481306
1554282859 532441
1554282859 583459
1554282859 635387
1554282859 686276
1554282859 735815
1554282859 786528
1554282859 839799
1554282859 890445
1554282859 942672
1554282859 992440
1554282860 41198
1554282860 91658
1554282860 143320
1554282860 194413
1554282860 243338
1554282860 293600
1554282860 344573
1554282860 394855
1554282860 443414
1554282860 493661
1554282860 544994
1554282860 595127
1554282860 645356
1554282860 695699
1554282860 747067
1554282860 798047
1554282860 847489
1554282860 897133
1554282860 947528
1554282860 997292
1554282861 48125
1554282861 97180
1554282861 147410
1554282861 198806
1554282861 248894
1554282861 301733
1554282861 352207
1554282861 401162
1554282861 452197
1554282861 502590
1554282861 554675
1554282861 603478
1554282861 653978
1554282861 704749
1554282861 754245
1554282861 803510
1554282861 853691
1554282861 904660
1554282861 955540
1554282862 5743
1554282862 55480
1554282862 106534
1554282862 156499
1554282862 206424
1554282862 255690
1554282862 307742
1554282862 358112
1554282862 408071
1554282862 458144
1554282862 508709
1554282862 567455
1554282862 617454
1554282862 668683
1554282862 719482
1554282862 769536
1554282862 819572
1554282862 871687
1554282862 921497
1554282862 975971
1554282863 26714
1554282863 76712
1554282863 128337
1554282863 178456
1554282863 228901
1554282863 279513
1554282863 329772
1554282863 378956
1554282863 429803
1554282863 479339
1554282863 529816
1554282863 578867
1554282863 629122
1554282863 678977
1554282863 729463
1554282863 779672
1554282863 830286
1554282863 880706
1554282863 930941
1554282863 980358
1554282864 31633
1554282864 82410
1554282864 132425
1554282864 184931
1554282864 236344
1554282864 286143
1554282864 336530
1554282864 386949
1554282864 437760
1554282864 488272
1554282864 537810
1554282864 590188
1554282864 640919
1554282864 690779
1554282864 751021
1554282864 806508
1554282864 856073
1554282864 907371
1554282864 958510
1554282865 8284
1554282865 57404
1554282865 108701
1554282865 159022
1554282865 208418
1554282865 257467
1554282865 309121
1554282865 359352
1554282865 410753
1554282865 459553
1554282865 510655
1554282865 561035
1554282865 611773
1554282865 660914
1554282865 714235
1554282865 762856
1554282865 812560
1554282865 860773
1554282865 910955
1554282865 961250
1554282866 12314
1554282866 60729
1554282866 110871
1554282866 160906
1554282866 210882
1554282866 259615
1554282866 311176
1554282866 361319
1554282866 411980
1554282866 460986
1554282866 511267
1554282866 560912
1554282866 610922
1554282866 660791
1554282866 710925
1554282866 761173
1554282866 811644
1554282866 861574
1554282866 911734
1554282866 960972
1554282867 10533
1554282867 59578
1554282867 110593
1554282867 161093
1554282867 212016
1554282867 261756
1554282867 312186
1554282867 362876
1554282867 412928
1554282867 462411
1554282867 513157
1554282867 563015
1554282867 612798
1554282867 662240
1554282867 712953
1554282867 763719
1554282867 813628
1554282867 862804
1554282867 915642
1554282867 965223
1554282868 16011
1554282868 68585
1554282868 118511
1554282868 169542
1554282868 219644
1554282868 271075
1554282868 321402
1554282868 372471
1554282868 421377
1554282868 472940
1554282868 523600
1554282868 573313
1554282868 622807
1554282868 675720
1554282868 725332
1554282868 774707
1554282868 827123
1554282868 876208
1554282868 928923
1554282868 977444
1554282869 28851
1554282869 78615
1554282869 130316
1554282869 179550
1554282869 230721
1554282869 280568
1554282869 330052
1554282869 380270
1554282869 430376
1554282869 480332
1554282869 530433
1554282869 579578
1554282869 630537
1554282869 681585
1554282869 732208
1554282869 782168
1554282869 835798
1554282869 885306
1554282869 940175
1554282869 990490
1554282870 40831
1554282870 90136
1554282870 140708
1554282870 190534
1554282870 240500
1554282870 290971
1554282870 338833
1554282870 390598
1554282870 440459
1554282870 489795
1554282870 539787
1554282870 590828
1554282870 640115
1554282870 690547
1554282870 744434
1554282870 800151
1554282870 860917
1554282870 913242
1554282870 963051
1554282871 14498
1554282871 63376
1554282871 115506
1554282871 166062
1554282871 215726
1554282871 264942
1554282871 314740
1554282871 365346
1554282871 416009
1554282871 464913
1554282871 515777
1554282871 565290
1554282871 616232
1554282871 668855
1554282871 717792
1554282871 768646
1554282871 816789
1554282871 868800
1554282871 917632
1554282871 966895
1554282872 16807
1554282872 66501
1554282872 118190
1554282872 168665
1554282872 216742
1554282872 266645
1554282872 319676
1554282872 369596
1554282872 420822
1554282872 470891
1554282872 520349
1554282872 571650
1554282872 621808
1554282872 673424
1554282872 724320
1554282872 774447
1554282872 823761
1554282872 874963
1554282872 926079
1554282872 975574
1554282873 26570
1554282873 81021
1554282873 135738
1554282873 185716
1554282873 236640
1554282873 288444
1554282873 337756
1554282873 386852
1554282873 439702
1554282873 489496
1554282873 538587
1554282873 586798
1554282873 636717
1554282873 687554
1554282873 746675
1554282873 800208
1554282873 852602
1554282873 902369
1554282873 952675
1554282874 3300
1554282874 53462
1554282874 103993
1554282874 154996
1554282874 205598
1554282874 256553
1554282874 305735
1554282874 356579
1554282874 408113
1554282874 457374
1554282874 510904
1554282874 559479
1554282874 609739
1554282874 658481
1554282874 707625
1554282874 757400
1554282874 808600
1554282874 858513
1554282874 911205
1554282874 962410
1554282875 12803
1554282875 61265
1554282875 112634
1554282875 163229
1554282875 214223
1554282875 264524
1554282875 314486
1554282875 364502
1554282875 414297
1554282875 463779
1554282875 514575
1554282875 565600
1554282875 615620
1554282875 665977
1554282875 718629
1554282875 770925
1554282875 820913
1554282875 872766
1554282875 922412
1554282875 971398
1554282876 20709
1554282876 72651
1554282876 122093
1554282876 172402
1554282876 220653
1554282876 269062
1554282876 319120
1554282876 370196
1554282876 419638
1554282876 468776
1554282876 518908
1554282876 570412
1554282876 620463
1554282876 668770
1554282876 719109
1554282876 769604
1554282876 819559
1554282876 869643
1554282876 922688
1554282876 974150
1554282877 22944
1554282877 74753
1554282877 125139
1554282877 175393
1554282877 226567
1554282877 276456
1554282877 327002
1554282877 376136
1554282877 426252
1554282877 476388
1554282877 526785
1554282877 575652
1554282877 626547
1554282877 676385
1554282877 727390
1554282877 778092
1554282877 827748
1554282877 879700
1554282877 929755
1554282877 979191
1554282878 29548
1554282878 80243
1554282878 130722
1554282878 179381
1554282878 229517
1554282878 280166
1554282878 332478
