1554282827 840366
1554282827 898373
1554282827 949951
1554282827 999955
1554282828 49918
1554282828 99960
1554282828 151883
1554282828 204267
1554282828 253949
1554282828 303887
1554282828 353896
1554282828 406002
1554282828 456225
1554282828 505955
1554282828 556526
1554282828 607983
1554282828 657926
1554282828 707902
1554282828 764369
1554282828 813985
1554282828 863915
1554282828 913901
1554282828 964710
1554282829 13886
1554282829 63922
1554282829 113892
1554282829 166209
1554282829 216177
1554282829 263920
1554282829 313904
1554282829 365383
1554282829 413895
1554282829 464031
1554282829 513883
1554282829 565050
1554282829 613900
1554282829 664049
1554282829 713898
1554282829 765157
1554282829 813922
1554282829 863897
1554282829 913902
1554282829 964386
1554282830 13911
1554282830 63893
1554282830 114421
1554282830 165983
1554282830 215912
1554282830 265936
1554282830 313879
1554282830 364171
1554282830 413923
1554282830 463952
1554282830 514511
1554282830 564300
1554282830 613935
1554282830 663970
1554282830 713903
1554282830 764195
1554282830 815897
1554282830 865896
1554282830 915901
1554282830 968046
1554282831 18239
1554282831 67993
1554282831 115891
1554282831 170057
1554282831 219943
1554282831 269918
1554282831 321886
1554282831 372031
1554282831 421950
1554282831 471897
1554282831 524193
1554282831 575885
1554282831 625922
1554282831 675882
1554282831 728060
1554282831 778836
1554282831 827957
1554282831 879986
1554282831 930571
1554282831 981959
1554282832 31908
1554282832 81884
1554282832 131960
1554282832 182105
1554282832 231983
1554282832 282411
1554282832 332070
1554282832 381947
1554282832 431898
1554282832 481887
1554282832 531941
1554282832 581928
1554282832 629926
1554282832 680264
1554282832 730073
1554282832 783900
1554282832 833941
1554282832 884217
1554282832 935906
1554282832 988084
1554282833 40419
1554282833 90122
1554282833 140216
1554282833 187898
1554282833 240020
1554282833 290077
1554282833 340239
1554282833 388031
1554282833 437913
1554282833 490014
1554282833 540192
1554282833 589945
1554282833 637893
1554282833 690087
1554282833 740492
1554282833 789984
1554282833 840440
1554282833 890130
1554282833 942433
1554282833 992002
1554282834 41893
1554282834 91975
1554282834 141914
1554282834 191930
1554282834 244275
1554282834 293915
1554282834 343899
1554282834 393899
1554282834 444212
1554282834 495890
1554282834 545911
1554282834 595911
1554282834 646122
1554282834 695891
1554282834 745902
1554282834 795894
1554282834 848581
1554282834 897991
1554282834 952470
1554282835 4204
1554282835 55927
1554282835 105982
1554282835 155958
1554282835 208944
1554282835 257944
1554282835 307906
1554282835 357982
1554282835 408353
1554282835 457980
1554282835 507930
1554282835 557884
1554282835 609973
1554282835 659895
1554282835 710469
1554282835 761899
1554282835 811942
1554282835 862436
1554282835 911992
1554282835 962003
1554282836 12134
1554282836 62192
1554282836 111972
1554282836 162161
1554282836 212062
1554282836 262175
1554282836 311951
1554282836 359876
1554282836 411989
1554282836 459900
1554282836 509946
1554282836 562468
1554282836 614494
1554282836 663928
1554282836 715872
1554282836 768125
1554282836 817900
1554282836 867908
1554282836 918038
1554282836 968039
1554282837 19898
1554282837 69901
1554282837 119914
1554282837 174183
1554282837 223916
1554282837 274128
1554282837 324182
1554282837 374234
1554282837 422188
1554282837 471950
1554282837 523179
1554282837 573902
1554282837 623916
1554282837 673916
1554282837 723358
1554282837 773907
1554282837 823908
1554282837 876431
1554282837 927995
1554282837 977967
1554282838 27895
1554282838 77895
1554282838 130142
1554282838 181889
1554282838 231882
1554282838 283670
1554282838 334097
1554282838 385017
1554282838 434053
1554282838 484211
1554282838 535953
1554282838 585940
1554282838 636437
1554282838 687931
1554282838 737902
1554282838 789885
1554282838 839923
1554282838 889911
1554282838 939959
1554282838 991878
1554282839 41880
1554282839 93990
1554282839 144278
1554282839 191888
1554282839 241882
1554282839 293991
1554282839 344295
1554282839 392429
1554282839 441918
1554282839 493968
1554282839 544310
1554282839 593950
1554282839 645043
1554282839 696055
1554282839 745930
1554282839 793941
1554282839 845193
1554282839 896205
1554282839 949932
1554282839 999953
1554282840 52375
1554282840 102007
1554282840 154048
1554282840 205454
1554282840 255942
1554282840 305932
1554282840 355935
1554282840 407958
1554282840 457946
1554282840 507885
1554282840 557893
1554282840 608084
1554282840 658490
1554282840 707932
1554282840 757044
1554282840 808090
1554282840 858060
1554282840 910736
1554282840 959886
1554282841 10061
1554282841 61906
1554282841 111906
1554282841 161917
1554282841 213950
1554282841 263891
1554282841 313882
1554282841 366317
1554282841 415981
1554282841 466188
1554282841 516041
1554282841 567957
1554282841 618013
1554282841 667937
1554282841 716023
1554282841 767947
1554282841 817964
1554282841 868099
1554282841 917956
1554282841 967935
1554282842 17937
1554282842 67918
1554282842 117938
1554282842 169941
1554282842 220076
1554282842 269888
1554282842 319894
1554282842 371902
1554282842 421897
1554282842 471918
1554282842 521879
1554282842 572114
1554282842 623890
1554282842 673887
1554282842 724220
1554282842 778217
1554282842 827916
1554282842 879990
1554282842 930109
1554282842 981903
1554282843 32039
1554282843 81893
1554282843 135801
1554282843 186410
1554282843 235952
1554282843 284326
1554282843 335442
1554282843 385917
1554282843 435959
1554282843 487687
1554282843 537934
1554282843 588141
1554282843 637955
1554282843 689932
1554282843 739996
1554282843 789935
1554282843 837994
1554282843 890018
1554282843 940032
1554282843 991902
1554282844 41893
1554282844 91894
1554282844 143941
1554282844 193891
1554282844 244183
1554282844 293898
1554282844 343889
1554282844 393973
1554282844 444193
1554282844 493896
1554282844 543931
1554282844 593886
1554282844 644178
1554282844 693925
1554282844 744578
1554282844 793945
1554282844 844189
1554282844 896438
1554282844 945919
1554282845 94
1554282845 52070
1554282845 101911
1554282845 153903
1554282845 204186
1554282845 256245
1554282845 305894
1554282845 355885
1554282845 406013
1554282845 456639
1554282845 505932
1554282845 555888
1554282845 605961
1554282845 658027
1554282845 708309
1554282845 757947
1554282845 806082
1554282845 857111
1554282845 908670
1554282845 961927
1554282846 13905
1554282846 63895
1554282846 114462
1554282846 164214
1554282846 213897
1554282846 263901
1554282846 313905
1554282846 364210
1554282846 415966
1554282846 467928
1554282846 517916
1554282846 569929
1554282846 619970
1554282846 670448
1554282846 721951
1554282846 780165
1554282846 830328
1554282846 882033
1554282846 931989
1554282846 982165
1554282847 33924
1554282847 84178
1554282847 135891
1554282847 185969
1554282847 235891
1554282847 286029
1554282847 335895
1554282847 386074
1554282847 435911
1554282847 485985
1554282847 538073
1554282847 588066
1554282847 637924
1554282847 687927
1554282847 738981
1554282847 787879
1554282847 837900
1554282847 887944
1554282847 939967
1554282847 990165
1554282848 39967
1554282848 91008
1554282848 142225
1554282848 191929
1554282848 241917
1554282848 293885
1554282848 343984
1554282848 393897
1554282848 444210
1554282848 493997
1554282848 544097
1554282848 593915
1554282848 644216
1554282848 693890
1554282848 743994
1554282848 794100
1554282848 841930
1554282848 893909
1554282848 945905
1554282848 997885
1554282849 48111
1554282849 97880
1554282849 148417
1554282849 197896
1554282849 247964
1554282849 300028
1554282849 349883
1554282849 399889
1554282849 452036
1554282849 501967
1554282849 552198
1554282849 599883
1554282849 649921
1554282849 702053
1554282849 752267
1554282849 799903
1554282849 849900
1554282849 902058
1554282849 955937
1554282850 6076
1554282850 57927
1554282850 108010
1554282850 160518
1554282850 210071
1554282850 262100
1554282850 312290
1554282850 361947
1554282850 409973
1554282850 464218
1554282850 513923
1554282850 564245
1554282850 613908
1554282850 664823
1554282850 713928
1554282850 764212
1554282850 818059
1554282850 869900
1554282850 922020
1554282850 973133
1554282851 23930
1554282851 73925
1554282851 124277
1554282851 175899
1554282851 225946
1554282851 275895
1554282851 326088
1554282851 377882
1554282851 427905
1554282851 477895
1554282851 527944
1554282851 581926
1554282851 631887
1554282851 681921
1554282851 733663
1554282851 783943
1554282851 834183
1554282851 884258
1554282851 935916
1554282851 987916
1554282852 37987
1554282852 89940
1554282852 139891
1554282852 190452
1554282852 240061
1554282852 289962
1554282852 341949
1554282852 391880
1554282852 442453
1554282852 491906
1554282852 544138
1554282852 594243
1554282852 644252
1554282852 694938
1554282852 743972
1554282852 794254
1554282852 844276
1554282852 894554
1554282852 944496
1554282852 996012
1554282853 45974
1554282853 97892
1554282853 147900
1554282853 197890
1554282853 248170
1554282853 299880
1554282853 349890
1554282853 399883
1554282853 449917
1554282853 502366
1554282853 551888
1554282853 601917
1554282853 651900
1554282853 704060
1554282853 754441
1554282853 804281
1554282853 855420
1554282853 905901
1554282853 957919
1554282854 8076
1554282854 57917
1554282854 107942
1554282854 159898
1554282854 210052
1554282854 259896
1554282854 309929
1554282854 359894
1554282854 410033
1554282854 459961
1554282854 509900
1554282854 559994
1554282854 609968
1554282854 659886
1554282854 709999
1554282854 764235
1554282854 816001
1554282854 865963
1554282854 920002
1554282854 970090
1554282855 21897
1554282855 71996
1554282855 121914
1554282855 171994
1554282855 222059
1554282855 271900
1554282855 321904
1554282855 372446
1554282855 423963
1554282855 473894
1554282855 524296
1554282855 573878
1554282855 625965
1554282855 676254
1554282855 727885
1554282855 788010
1554282855 837952
1554282855 888169
1554282855 939888
1554282855 990471
1554282856 39888
1554282856 89932
1554282856 141986
1554282856 192005
1554282856 242433
1554282856 291905
1554282856 342053
1554282856 393970
1554282856 444225
1554282856 494417
1554282856 545976
1554282856 593897
1554282856 644207
1554282856 693905
1554282856 745194
1554282856 796429
1554282856 846255
1554282856 897696
1554282856 947949
1554282856 998155
1554282857 48047
1554282857 99903
1554282857 149938
1554282857 199941
1554282857 250028
1554282857 301964
1554282857 351960
1554282857 401972
1554282857 451906
1554282857 502081
1554282857 553884
1554282857 604245
1554282857 653887
1554282857 704126
1554282857 755882
1554282857 808026
1554282857 855941
1554282857 908087
1554282857 958181
1554282858 8012
1554282858 59927
1554282858 110006
1554282858 162007
1554282858 211918
1554282858 262435
1554282858 311925
1554282858 361899
1554282858 413892
1554282858 466050
1554282858 515905
1554282858 566087
1554282858 615873
1554282858 668017
1554282858 718309
1554282858 767973
1554282858 815875
1554282858 868062
1554282858 918754
1554282858 971897
1554282859 22069
1554282859 71992
1554282859 121953
1554282859 172068
1554282859 221957
1554282859 272015
1554282859 321921
1554282859 371914
1554282859 423905
1554282859 473896
1554282859 524237
1554282859 573910
1554282859 626131
1554282859 677902
1554282859 728087
1554282859 779636
1554282859 829968
1554282859 882247
1554282859 933917
1554282859 983922
1554282860 33897
1554282860 84218
1554282860 133913
1554282860 185896
1554282860 235901
1554282860 285964
1554282860 335901
1554282860 385888
1554282860 435907
1554282860 485973
1554282860 536421
1554282860 585898
1554282860 637876
1554282860 688066
1554282860 737891
1554282860 790665
1554282860 840422
1554282860 890011
1554282860 940554
1554282860 989990
1554282861 40236
1554282861 89988
1554282861 140696
1554282861 191947
1554282861 241927
1554282861 291917
1554282861 343892
1554282861 393901
1554282861 444227
1554282861 493905
1554282861 543982
1554282861 595942
1554282861 646166
1554282861 695928
1554282861 745952
1554282861 795920
1554282861 845984
1554282861 895892
1554282861 946086
1554282861 997948
1554282862 47962
1554282862 97882
1554282862 148895
1554282862 197883
1554282862 247945
1554282862 297896
1554282862 350284
1554282862 399939
1554282862 449982
1554282862 501671
1554282862 558622
1554282862 609930
1554282862 661758
1554282862 711960
1554282862 762188
1554282862 811946
1554282862 863910
1554282862 913944
1554282862 968015
1554282863 18045
1554282863 67901
1554282863 118004
1554282863 170025
1554282863 219891
1554282863 272102
1554282863 322221
1554282863 371960
1554282863 419878
1554282863 472088
1554282863 522217
1554282863 571951
1554282863 619873
1554282863 672047
1554282863 722273
1554282863 771962
1554282863 823180
1554282863 873961
1554282863 924307
1554282863 973929
1554282864 23885
1554282864 74076
1554282864 124200
1554282864 176004
1554282864 227901
1554282864 277989
1554282864 328453
1554282864 377905
1554282864 427883
1554282864 479891
1554282864 529911
1554282864 580471
1554282864 634040
1554282864 682317
1554282864 733903
1554282864 796484
1554282864 848089
1554282864 897927
1554282864 950762
1554282864 999879
1554282865 49917
1554282865 99890
1554282865 150197
1554282865 199910
1554282865 249916
1554282865 300441
1554282865 352120
1554282865 401890
1554282865 451924
1554282865 503857
1554282865 554064
1554282865 604457
1554282865 653939
1554282865 705927
1554282865 755968
1554282865 804450
1554282865 853959
1554282865 901891
1554282865 954005
1554282866 4491
1554282866 53973
1554282866 104344
1554282866 153965
1554282866 201901
1554282866 251904
1554282866 301887
1554282866 354170
1554282866 404517
1554282866 453946
1554282866 504697
1554282866 553979
1554282866 601945
1554282866 653950
1554282866 701903
1554282866 754118
1554282866 804576
1554282866 854004
1554282866 904958
1554282866 953988
1554282867 2453
1554282867 51970
1554282867 101888
1554282867 153979
1554282867 204510
1554282867 254577
1554282867 305241
1554282867 355907
1554282867 405977
1554282867 455919
1554282867 505373
1554282867 555913
1554282867 605958
1554282867 655914
1554282867 705685
1554282867 755927
1554282867 806184
1554282867 855934
1554282867 908003
1554282867 958041
1554282868 8031
1554282868 57929
1554282868 109899
1554282868 161889
1554282868 211903
1554282868 262447
1554282868 313961
1554282868 364197
1554282868 413904
1554282868 466198
1554282868 515968
1554282868 566345
1554282868 615988
1554282868 667895
1554282868 717935
1554282868 767920
1554282868 817916
1554282868 867906
1554282868 917948
1554282868 969965
1554282869 19904
1554282869 69929
1554282869 119910
1554282869 171933
1554282869 221990
1554282869 271979
1554282869 321912
1554282869 371906
1554282869 421888
1554282869 471883
1554282869 522459
1554282869 571987
1554282869 621901
1554282869 674320
1554282869 724234
1554282869 773885
1554282869 823991
1554282869 877899
1554282869 931972
1554282869 981899
1554282870 31941
1554282870 81918
1554282870 131942
1554282870 181892
1554282870 231919
1554282870 282469
1554282870 332000
1554282870 381927
1554282870 431898
1554282870 481894
1554282870 531925
1554282870 581978
1554282870 631906
1554282870 681922
1554282870 732107
1554282870 789910
1554282870 841962
1554282870 903893
1554282870 955956
1554282871 6065
1554282871 55911
1554282871 108004
1554282871 157978
1554282871 208257
1554282871 257940
1554282871 308183
1554282871 357971
1554282871 408337
1554282871 457987
1554282871 505887
1554282871 557981
1554282871 608332
1554282871 657948
1554282871 709884
1554282871 760067
1554282871 809959
1554282871 859924
1554282871 909892
1554282871 959943
1554282872 9932
1554282872 59924
1554282872 109957
1554282872 160722
1554282872 209938
1554282872 259938
1554282872 311907
1554282872 361910
1554282872 412430
1554282872 461915
1554282872 511950
1554282872 564241
1554282872 613890
1554282872 663903
1554282872 716557
1554282872 766000
1554282872 815943
1554282872 866033
1554282872 918034
1554282872 968233
1554282873 17933
1554282873 72096
1554282873 124243
1554282873 177983
1554282873 229557
1554282873 279962
1554282873 330165
1554282873 379913
1554282873 431919
1554282873 481950
1554282873 531907
1554282873 579924
1554282873 629906
1554282873 679993
1554282873 730357
1554282873 791913
1554282873 844257
1554282873 894030
1554282873 943895
1554282873 993907
1554282874 45971
1554282874 95897
1554282874 146434
1554282874 195879
1554282874 248024
1554282874 297909
1554282874 347878
1554282874 400324
1554282874 450274
1554282874 500103
1554282874 551885
1554282874 602002
1554282874 651894
1554282874 700096
1554282874 750753
1554282874 800125
1554282874 850641
1554282874 902452
1554282874 953896
1554282875 4461
1554282875 53896
1554282875 103911
1554282875 154465
1554282875 205984
1554282875 255905
1554282875 305893
1554282875 355879
1554282875 406520
1554282875 455902
1554282875 505942
1554282875 555891
1554282875 607940
1554282875 658422
1554282875 707892
1554282875 761913
1554282875 813888
1554282875 863921
1554282875 913934
1554282875 964250
1554282876 13940
1554282876 63921
1554282876 113904
1554282876 164263
1554282876 213948
1554282876 262023
1554282876 312484
1554282876 361963
1554282876 412149
1554282876 461973
1554282876 512045
1554282876 562062
1554282876 613179
1554282876 661940
1554282876 712336
1554282876 761975
1554282876 812194
1554282876 861954
1554282876 913917
1554282876 965967
1554282877 15935
1554282877 65949
1554282877 116428
1554282877 167939
1554282877 217900
1554282877 267939
1554282877 317893
1554282877 368694
1554282877 417965
1554282877 467890
1554282877 517936
1554282877 568094
1554282877 617884
1554282877 667879
1554282877 718154
1554282877 769941
1554282877 819911
1554282877 869911
1554282877 922044
1554282877 972225
1554282878 21919
1554282878 73163
1554282878 122172
1554282878 172255
1554282878 221931
1554282878 273314
1554282878 324625
