1554296141 423961
1554296141 466185
1554296141 507885
1554296141 551922
1554296141 593908
1554296141 636416
1554296141 679942
1554296141 721949
1554296141 764075
1554296141 806049
1554296141 847962
1554296141 900146
1554296141 947929
1554296141 990249
1554296142 33916
1554296142 75894
1554296142 117889
1554296142 160120
1554296142 203967
1554296142 246378
1554296142 291244
1554296142 333890
1554296142 375898
1554296142 419131
1554296142 461930
1554296142 505926
1554296142 547916
1554296142 590173
1554296142 633942
1554296142 675908
1554296142 717884
1554296142 759902
1554296142 802061
1554296142 845966
1554296142 887901
1554296142 931715
1554296142 973997
1554296143 16442
1554296143 59977
1554296143 101940
1554296143 145915
1554296143 187890
1554296143 229879
1554296143 273947
1554296143 315900
1554296143 357888
1554296143 400154
1554296143 444069
1554296143 486156
1554296143 528044
1554296143 572570
1554296143 615890
1554296143 657879
1554296143 700088
1554296143 741962
1554296143 785913
1554296143 827955
1554296143 869879
1554296143 924480
1554296143 967911
1554296144 9909
1554296144 62052
1554296144 105902
1554296144 147997
1554296144 189884
1554296144 232278
1554296144 275924
1554296144 317886
1554296144 359904
1554296144 403987
1554296144 446355
1554296144 489910
1554296144 540275
1554296144 584276
1554296144 627904
1554296144 669913
1554296144 712166
1554296144 755918
1554296144 797948
1554296144 839883
1554296144 882242
1554296144 925989
1554296144 968814
1554296145 13282
1554296145 55939
1554296145 97935
1554296145 141091
1554296145 183942
1554296145 227898
1554296145 269959
1554296145 311906
1554296145 355965
1554296145 397963
1554296145 439914
1554296145 481988
1554296145 525980
1554296145 568057
1554296145 609899
1554296145 653734
1554296145 695906
1554296145 737884
1554296145 779889
1554296145 822012
1554296145 863946
1554296145 907894
1554296145 950003
1554296145 991882
1554296146 35934
1554296146 77891
1554296146 119912
1554296146 161972
1554296146 204235
1554296146 247923
1554296146 289891
1554296146 331887
1554296146 384105
1554296146 431876
1554296146 475926
1554296146 517987
1554296146 559939
1554296146 601945
1554296146 644158
1554296146 691887
1554296146 742340
1554296146 785942
1554296146 827920
1554296146 870051
1554296146 911880
1554296146 964076
1554296147 7957
1554296147 49913
1554296147 91918
1554296147 144000
1554296147 186156
1554296147 227964
1554296147 269930
1554296147 311884
1554296147 354303
1554296147 397894
1554296147 439886
1554296147 482044
1554296147 525946
1554296147 568526
1554296147 611921
1554296147 662669
1554296147 705933
1554296147 749911
1554296147 791882
1554296147 834902
1554296147 881988
1554296147 924327
1554296147 968062
1554296148 9942
1554296148 51881
1554296148 95520
1554296148 137924
1554296148 180416
1554296148 223967
1554296148 265938
1554296148 309892
1554296148 351923
1554296148 393895
1554296148 437948
1554296148 479930
1554296148 521955
1554296148 564106
1554296148 606162
1554296148 649896
1554296148 691912
1554296148 736076
1554296148 777907
1554296148 819897
1554296148 862000
1554296148 905975
1554296148 949931
1554296148 991920
1554296149 33882
1554296149 76178
1554296149 117928
1554296149 159910
1554296149 201939
1554296149 244171
1554296149 287914
1554296149 329993
1554296149 372519
1554296149 416548
1554296149 459898
1554296149 501946
1554296149 546005
1554296149 588670
1554296149 631897
1554296149 673951
1554296149 718100
1554296149 760055
1554296149 802042
1554296149 844227
1554296149 887931
1554296149 929929
1554296149 971908
1554296150 13929
1554296150 64538
1554296150 110037
1554296150 151904
1554296150 193888
1554296150 236925
1554296150 279899
1554296150 321950
1554296150 364220
1554296150 407919
1554296150 449915
1554296150 491989
1554296150 533921
1554296150 585319
1554296150 633907
1554296150 676209
1554296150 719901
1554296150 761983
1554296150 804090
1554296150 846169
1554296150 889946
1554296150 931908
1554296150 973949
1554296151 17669
1554296151 59895
1554296151 101995
1554296151 143906
1554296151 186023
1554296151 227946
1554296151 271898
1554296151 313881
1554296151 355902
1554296151 399916
1554296151 441981
1554296151 484092
1554296151 526066
1554296151 568307
1554296151 611893
1554296151 653918
1554296151 695937
1554296151 748065
1554296151 795892
1554296151 838297
1554296151 882001
1554296151 924265
1554296151 970204
1554296152 11900
1554296152 53888
1554296152 95876
1554296152 149960
1554296152 195951
1554296152 239915
1554296152 281970
1554296152 324161
1554296152 366145
1554296152 409912
1554296152 452058
1554296152 493891
1554296152 535880
1554296152 584115
1554296152 634142
1554296152 676855
1554296152 721960
1554296152 764205
1554296152 807953
1554296152 849918
1554296152 891899
1554296152 934044
1554296152 976404
1554296153 26648
1554296153 71968
1554296153 113924
1554296153 156527
1554296153 204091
1554296153 246058
1554296153 289910
1554296153 331915
1554296153 373904
1554296153 415897
1554296153 459537
1554296153 501891
1554296153 544039
1554296153 585914
1554296153 627975
1554296153 669990
1554296153 713894
1554296153 755890
1554296153 797936
1554296153 841991
1554296153 884104
1554296153 926100
1554296153 968114
1554296154 9946
1554296154 51993
1554296154 93939
1554296154 135891
1554296154 180109
1554296154 221911
1554296154 263880
1554296154 305887
1554296154 348011
1554296154 390137
1554296154 437913
1554296154 481985
1554296154 524104
1554296154 566081
1554296154 607916
1554296154 650054
1554296154 693907
1554296154 735885
1554296154 777894
1554296154 832331
1554296154 880227
1554296154 929972
1554296154 973909
1554296155 15887
1554296155 57878
1554296155 108285
1554296155 156034
1554296155 197891
1554296155 240180
1554296155 288051
1554296155 331937
1554296155 373898
1554296155 415976
1554296155 457885
1554296155 508682
1554296155 555967
1554296155 597880
1554296155 640476
1554296155 684164
1554296155 726090
1554296155 767927
1554296155 811937
1554296155 853931
1554296155 896034
1554296155 937906
1554296155 986030
1554296156 29151
1554296156 71922
1554296156 115914
1554296156 157892
1554296156 199932
1554296156 247920
1554296156 289906
1554296156 331912
1554296156 373947
1554296156 415888
1554296156 457902
1554296156 501735
1554296156 544460
1554296156 587899
1554296156 631941
1554296156 675911
1554296156 717894
1554296156 759882
1554296156 811953
1554296156 853961
1554296156 895902
1554296156 937886
1554296156 979891
1554296157 32050
1554296157 79878
1554296157 123071
1554296157 166025
1554296157 207899
1554296157 249892
1554296157 291938
1554296157 333917
1554296157 375905
1554296157 417887
1554296157 459912
1554296157 510189
1554296157 551983
1554296157 593941
1554296157 635895
1554296157 677887
1554296157 719916
1554296157 768000
1554296157 809894
1554296157 852080
1554296157 895909
1554296157 937891
1554296157 979910
1554296158 30563
1554296158 74234
1554296158 117894
1554296158 159904
1554296158 203064
1554296158 246020
1554296158 288017
1554296158 329888
1554296158 371960
1554296158 415902
1554296158 457915
1554296158 499982
1554296158 547987
1554296158 591776
1554296158 634777
1554296158 677936
1554296158 719877
1554296158 762466
1554296158 811967
1554296158 853939
1554296158 895951
1554296158 937919
1554296158 979912
1554296159 23605
1554296159 66427
1554296159 109879
1554296159 153951
1554296159 197905
1554296159 239980
1554296159 281969
1554296159 325970
1554296159 368124
1554296159 409926
1554296159 451887
1554296159 493938
1554296159 536424
1554296159 579894
1554296159 624148
1554296159 666003
1554296159 707920
1554296159 749959
1554296159 793979
1554296159 837925
1554296159 879973
1554296159 921965
1554296159 975936
1554296160 17918
1554296160 59896
1554296160 101888
1554296160 156069
1554296160 201082
1554296160 244312
1554296160 287931
1554296160 329894
1554296160 371911
1554296160 415953
1554296160 457903
1554296160 499928
1554296160 541914
1554296160 594388
1554296160 637996
1554296160 680010
1554296160 722061
1554296160 765931
1554296160 808039
1554296160 850149
1554296160 891952
1554296160 934029
1554296160 977979
1554296161 19936
1554296161 61903
1554296161 112694
1554296161 155908
1554296161 199907
1554296161 241960
1554296161 284554
1554296161 327999
1554296161 369896
1554296161 412428
1554296161 455951
1554296161 497899
1554296161 539912
1554296161 581883
1554296161 647947
1554296161 689993
1554296161 731913
1554296161 773960
1554296161 815958
1554296161 857946
1554296161 899913
1554296161 941929
1554296161 985870
1554296162 27899
1554296162 69913
1554296162 111923
1554296162 155982
1554296162 203972
1554296162 247942
1554296162 289909
1554296162 331894
1554296162 373898
1554296162 415940
1554296162 458529
1554296162 501926
1554296162 543883
1554296162 596031
1554296162 639899
1554296162 682066
1554296162 724095
1554296162 767941
1554296162 809946
1554296162 852066
1554296162 894051
1554296162 937936
1554296162 979938
1554296163 21955
1554296163 63904
1554296163 116095
1554296163 158026
1554296163 201973
1554296163 244110
1554296163 287941
1554296163 329922
1554296163 371884
1554296163 413901
1554296163 455960
1554296163 499926
1554296163 541989
1554296163 583937
1554296163 634739
1554296163 681967
1554296163 723941
1554296163 766425
1554296163 809893
1554296163 851988
1554296163 894036
1554296163 936212
1554296163 979910
1554296164 21987
1554296164 63886
1554296164 117403
1554296164 167900
1554296164 209894
1554296164 252104
1554296164 294039
1554296164 336432
1554296164 380020
1554296164 421888
1554296164 463888
1554296164 507681
1554296164 549893
1554296164 591888
1554296164 633881
1554296164 675986
1554296164 717948
1554296164 761983
1554296164 804630
1554296164 848428
1554296164 892019
1554296164 933899
1554296164 975917
1554296165 19936
1554296165 61921
1554296165 103958
1554296165 145893
1554296165 200603
1554296165 246009
1554296165 289918
1554296165 331899
1554296165 373939
1554296165 416499
1554296165 459917
1554296165 501942
1554296165 543906
1554296165 585917
1554296165 636465
1554296165 679936
1554296165 721968
1554296165 764108
1554296165 806045
1554296165 850047
1554296165 891949
1554296165 933921
1554296165 975917
1554296166 19906
1554296166 61895
1554296166 103933
1554296166 145909
1554296166 193944
1554296166 241998
1554296166 284107
1554296166 326111
1554296166 368197
1554296166 411899
1554296166 453950
1554296166 496484
1554296166 539991
1554296166 581926
1554296166 624098
1554296166 665919
1554296166 716874
1554296166 764428
1554296166 808448
1554296166 856477
1554296166 899924
1554296166 941950
1554296166 983894
1554296167 25900
1554296167 69607
1554296167 111926
1554296167 153930
1554296167 195877
1554296167 238068
1554296167 279957
1554296167 328025
1554296167 371934
1554296167 413922
1554296167 455904
1554296167 498030
1554296167 541932
1554296167 584086
1554296167 626049
1554296167 670037
1554296167 714041
1554296167 755986
1554296167 800012
1554296167 850477
1554296167 893957
1554296167 935958
1554296167 977890
1554296168 21945
1554296168 63942
1554296168 105892
1554296168 147881
1554296168 199054
1554296168 246116
1554296168 287956
1554296168 331917
1554296168 373897
1554296168 415945
1554296168 457884
1554296168 501920
1554296168 544075
1554296168 586491
1554296168 630792
1554296168 673906
1554296168 715915
1554296168 758386
1554296168 802270
1554296168 845942
1554296168 887930
1554296168 930644
1554296168 981925
1554296169 23971
1554296169 65906
1554296169 107910
1554296169 155971
1554296169 198505
1554296169 241981
1554296169 285941
1554296169 327893
1554296169 370429
1554296169 413897
1554296169 456102
1554296169 497889
1554296169 539970
1554296169 583920
1554296169 625914
1554296169 668790
1554296169 722098
1554296169 765937
1554296169 808055
1554296169 849914
1554296169 901933
1554296169 943921
1554296169 985911
1554296170 28436
1554296170 80021
1554296170 122014
1554296170 169914
1554296170 213930
1554296170 255899
1554296170 297913
1554296170 339972
1554296170 381944
1554296170 424458
1554296170 467917
1554296170 509879
1554296170 562042
1554296170 605973
1554296170 648009
1554296170 689897
1554296170 733936
1554296170 775920
1554296170 817897
1554296170 859931
1554296170 903928
1554296170 945900
1554296170 987961
1554296171 29880
1554296171 84047
1554296171 126066
1554296171 168346
1554296171 212264
1554296171 255911
1554296171 297893
1554296171 339899
1554296171 383927
1554296171 425907
1554296171 467909
1554296171 509906
1554296171 560914
1554296171 607911
1554296171 649937
1554296171 692234
1554296171 735912
1554296171 778052
1554296171 820017
1554296171 863935
1554296171 906449
1554296171 949883
1554296172 679
1554296172 52379
1554296172 99888
1554296172 141961
1554296172 185903
1554296172 227993
1554296172 270398
1554296172 320800
1554296172 365967
1554296172 407933
1554296172 450428
1554296172 494191
1554296172 536162
1554296172 577965
1554296172 619911
1554296172 661903
1554296172 703979
1554296172 746023
1554296172 787933
1554296172 830221
1554296172 873953
1554296172 915923
1554296172 957909
1554296172 999901
1554296173 42018
1554296173 84171
1554296173 127915
1554296173 170454
1554296173 214189
1554296173 255934
1554296173 297883
1554296173 339890
1554296173 381986
1554296173 423951
1554296173 465924
1554296173 507892
1554296173 549907
1554296173 591983
1554296173 646121
1554296173 688035
1554296173 729917
1554296173 772012
1554296173 815912
1554296173 857971
1554296173 899986
1554296173 941911
1554296173 985927
1554296174 27969
1554296174 70404
1554296174 114842
1554296174 157935
1554296174 199894
1554296174 242617
1554296174 286861
1554296174 329920
1554296174 371945
1554296174 414404
1554296174 457888
1554296174 499903
1554296174 541892
1554296174 587861
1554296174 629964
1554296174 671901
1554296174 719963
1554296174 762166
1554296174 803959
1554296174 846182
1554296174 889993
1554296174 931910
1554296174 973909
1554296175 25925
1554296175 68019
1554296175 109892
1554296175 152419
1554296175 202964
1554296175 246209
1554296175 289939
1554296175 332418
1554296175 376169
1554296175 423896
1554296175 465930
1554296175 507943
1554296175 550063
1554296175 591890
1554296175 635935
1554296175 677915
1554296175 719889
1554296175 761935
1554296175 804122
1554296175 846142
1554296175 893891
1554296175 945971
1554296175 989907
1554296176 31883
1554296176 73893
1554296176 126028
1554296176 169907
1554296176 211921
1554296176 253885
1554296176 297955
1554296176 340465
1554296176 383894
1554296176 427919
1554296176 469911
1554296176 511882
1554296176 553917
1554296176 606014
1554296176 648134
1554296176 690028
1554296176 731900
1554296176 773915
1554296176 817906
1554296176 860154
1554296176 901915
1554296176 943903
1554296176 987938
1554296177 29899
1554296177 71895
1554296177 113947
1554296177 165051
1554296177 208425
1554296177 251899
1554296177 293899
1554296177 336370
1554296177 383891
1554296177 427918
1554296177 469961
1554296177 511886
1554296177 554029
1554296177 604746
1554296177 648254
1554296177 691920
1554296177 733886
1554296177 775919
1554296177 819893
1554296177 861952
1554296177 903894
1554296177 945984
1554296177 987959
1554296178 29912
1554296178 71902
1554296178 113885
1554296178 157790
1554296178 199930
1554296178 241936
1554296178 284077
1554296178 328007
1554296178 371908
1554296178 413934
1554296178 455881
1554296178 499924
1554296178 542429
1554296178 585932
1554296178 627959
1554296178 669930
1554296178 711893
1554296178 753917
1554296178 795906
1554296178 848055
1554296178 891916
1554296178 933889
1554296178 976473
1554296179 23892
1554296179 65888
1554296179 109913
1554296179 151899
1554296179 194406
1554296179 238605
1554296179 281939
1554296179 324120
1554296179 368025
1554296179 410932
1554296179 453940
1554296179 495880
1554296179 538204
1554296179 581922
1554296179 623879
1554296179 665890
1554296179 709928
1554296179 751896
1554296179 793879
1554296179 835957
1554296179 888083
1554296179 929925
1554296179 973892
1554296180 16042
1554296180 58943
1554296180 101894
1554296180 143889
1554296180 186240
1554296180 230009
1554296180 272008
1554296180 314002
1554296180 356026
1554296180 406951
1554296180 449956
1554296180 493903
1554296180 535887
1554296180 577903
1554296180 621942
1554296180 663913
1554296180 705894
1554296180 747973
1554296180 789918
1554296180 832212
1554296180 873894
1554296180 915888
1554296180 959858
1554296181 1922
1554296181 44104
1554296181 86049
1554296181 130040
1554296181 173900
1554296181 216514
1554296181 260164
1554296181 303898
1554296181 345906
1554296181 387928
1554296181 430109
1554296181 473892
1554296181 515900
1554296181 557878
1554296181 607976
1554296181 649957
1554296181 693935
1554296181 735907
1554296181 777877
1554296181 821920
1554296181 864595
1554296181 907945
1554296181 949952
1554296181 993892
1554296182 36041
1554296182 77878
1554296182 129976
1554296182 172078
1554296182 213913
1554296182 256070
1554296182 298463
1554296182 343912
1554296182 385910
1554296182 427938
1554296182 469962
1554296182 513913
1554296182 555887
1554296182 598056
1554296182 653924
1554296182 695970
1554296182 738117
1554296182 780310
1554296182 823899
1554296182 865928
1554296182 907963
1554296182 950212
1554296182 997877
1554296183 41437
1554296183 83989
1554296183 126049
1554296183 168184
1554296183 209968
1554296183 251944
1554296183 295895
1554296183 338054
1554296183 379884
1554296183 423936
1554296183 465907
1554296183 507885
1554296183 549887
1554296183 592093
1554296183 635900
1554296183 677965
1554296183 722212
1554296183 764092
1554296183 806043
1554296183 847910
1554296183 890058
1554296183 931975
1554296183 975908
1554296184 18085
1554296184 61204
1554296184 107916
1554296184 149905
1554296184 191972
1554296184 233952
1554296184 275937
1554296184 318432
1554296184 362698
1554296184 406096
1554296184 448065
1554296184 492005
1554296184 539915
1554296184 583918
1554296184 625997
1554296184 667921
1554296184 709890
1554296184 751960
