1554296141 431454
1554296141 473437
1554296141 515094
1554296141 558493
1554296141 600934
1554296141 644667
1554296141 686848
1554296141 728232
1554296141 772710
1554296141 814664
1554296141 857591
1554296141 907249
1554296141 958064
1554296141 997933
1554296142 41346
1554296142 83544
1554296142 125974
1554296142 167527
1554296142 212645
1554296142 255554
1554296142 298555
1554296142 342577
1554296142 384266
1554296142 426249
1554296142 468813
1554296142 514596
1554296142 558530
1554296142 597050
1554296142 640461
1554296142 683401
1554296142 725435
1554296142 768152
1554296142 808731
1554296142 854772
1554296142 896194
1554296142 938437
1554296142 983406
1554296143 24639
1554296143 67158
1554296143 108764
1554296143 155994
1554296143 195156
1554296143 238494
1554296143 280718
1554296143 322916
1554296143 365526
1554296143 408266
1554296143 454039
1554296143 495257
1554296143 536410
1554296143 579383
1554296143 624323
1554296143 666209
1554296143 708065
1554296143 749795
1554296143 793156
1554296143 837668
1554296143 879676
1554296143 933399
1554296143 976454
1554296144 19340
1554296144 68878
1554296144 114101
1554296144 157484
1554296144 197151
1554296144 238626
1554296144 284076
1554296144 326293
1554296144 367605
1554296144 410444
1554296144 455491
1554296144 498544
1554296144 547622
1554296144 590777
1554296144 635255
1554296144 677025
1554296144 718678
1554296144 764348
1554296144 805534
1554296144 847624
1554296144 888949
1554296144 934567
1554296144 978114
1554296145 20281
1554296145 64067
1554296145 106210
1554296145 148581
1554296145 191677
1554296145 235375
1554296145 277523
1554296145 320129
1554296145 363155
1554296145 406892
1554296145 447661
1554296145 490060
1554296145 534817
1554296145 576804
1554296145 618776
1554296145 662451
1554296145 703736
1554296145 746253
1554296145 788781
1554296145 829602
1554296145 871953
1554296145 917569
1554296145 958659
1554296145 999302
1554296146 42924
1554296146 85518
1554296146 128260
1554296146 169547
1554296146 211077
1554296146 256535
1554296146 298772
1554296146 340875
1554296146 391099
1554296146 439572
1554296146 482833
1554296146 526522
1554296146 576236
1554296146 609362
1554296146 651278
1554296146 700485
1554296146 749595
1554296146 792428
1554296146 837201
1554296146 879603
1554296146 922211
1554296146 971429
1554296147 16605
1554296147 58483
1554296147 101514
1554296147 151486
1554296147 192698
1554296147 235109
1554296147 277569
1554296147 319734
1554296147 360866
1554296147 406137
1554296147 448117
1554296147 489481
1554296147 532325
1554296147 577603
1554296147 620492
1554296147 671100
1554296147 713612
1554296147 757249
1554296147 798983
1554296147 842850
1554296147 889236
1554296147 932289
1554296147 978078
1554296148 18583
1554296148 60677
1554296148 105785
1554296148 146898
1554296148 189682
1554296148 231186
1554296148 273141
1554296148 317367
1554296148 360092
1554296148 402207
1554296148 444907
1554296148 488209
1554296148 529541
1554296148 571501
1554296148 612946
1554296148 659081
1554296148 700547
1554296148 742905
1554296148 785447
1554296148 828559
1554296148 871157
1554296148 913010
1554296148 958514
1554296148 999328
1554296149 42159
1554296149 83304
1554296149 126179
1554296149 167633
1554296149 209454
1554296149 251523
1554296149 296847
1554296149 339169
1554296149 381191
1554296149 423508
1554296149 468622
1554296149 510284
1554296149 554207
1554296149 596525
1554296149 640558
1554296149 681458
1554296149 725578
1554296149 769439
1554296149 810065
1554296149 852214
1554296149 894181
1554296149 938430
1554296149 980553
1554296150 23045
1554296150 71757
1554296150 117537
1554296150 159237
1554296150 202363
1554296150 243769
1554296150 287478
1554296150 329630
1554296150 372489
1554296150 414002
1554296150 459003
1554296150 500702
1554296150 542338
1554296150 593274
1554296150 641255
1554296150 682798
1554296150 726947
1554296150 769590
1554296150 811463
1554296150 854115
1554296150 898780
1554296150 940638
1554296150 982597
1554296151 24517
1554296151 69331
1554296151 110173
1554296151 152419
1554296151 193200
1554296151 234988
1554296151 279481
1554296151 322839
1554296151 364347
1554296151 406892
1554296151 449424
1554296151 492393
1554296151 533482
1554296151 575673
1554296151 620696
1554296151 662545
1554296151 704919
1554296151 755975
1554296151 803480
1554296151 845526
1554296151 889014
1554296151 932988
1554296151 983191
1554296152 20500
1554296152 62314
1554296152 108206
1554296152 156763
1554296152 203980
1554296152 246702
1554296152 288979
1554296152 332512
1554296152 374282
1554296152 416106
1554296152 460918
1554296152 502443
1554296152 544740
1554296152 593523
1554296152 641403
1554296152 684500
1554296152 730454
1554296152 772419
1554296152 814491
1554296152 856153
1554296152 900490
1554296152 943338
1554296152 985260
1554296153 33721
1554296153 79293
1554296153 122446
1554296153 164464
1554296153 211422
1554296153 253597
1554296153 296043
1554296153 341177
1554296153 383670
1554296153 424720
1554296153 469476
1554296153 509690
1554296153 552412
1554296153 594537
1554296153 635214
1554296153 676791
1554296153 721539
1554296153 764276
1554296153 806556
1554296153 848561
1554296153 892121
1554296153 933651
1554296153 975491
1554296154 16669
1554296154 60980
1554296154 102497
1554296154 145422
1554296154 186749
1554296154 229453
1554296154 272864
1554296154 314842
1554296154 355467
1554296154 397277
1554296154 445786
1554296154 489231
1554296154 532092
1554296154 573975
1554296154 615362
1554296154 656731
1554296154 702468
1554296154 744686
1554296154 787302
1554296154 840548
1554296154 887510
1554296154 937203
1554296154 982463
1554296155 24413
1554296155 66427
1554296155 115662
1554296155 164235
1554296155 205667
1554296155 247188
1554296155 295369
1554296155 338194
1554296155 382463
1554296155 424548
1554296155 467144
1554296155 515749
1554296155 564044
1554296155 605622
1554296155 648015
1554296155 691415
1554296155 733780
1554296155 775539
1554296155 818201
1554296155 862979
1554296155 905125
1554296155 946581
1554296155 994359
1554296156 36420
1554296156 79504
1554296156 123741
1554296156 166307
1554296156 207732
1554296156 255579
1554296156 298108
1554296156 338636
1554296156 382604
1554296156 424617
1554296156 466581
1554296156 508638
1554296156 552463
1554296156 596677
1554296156 638853
1554296156 683744
1554296156 726291
1554296156 769752
1554296156 818573
1554296156 862662
1554296156 904733
1554296156 946769
1554296156 988834
1554296157 38853
1554296157 88081
1554296157 129785
1554296157 173501
1554296157 215298
1554296157 257042
1554296157 298721
1554296157 343077
1554296157 384728
1554296157 426529
1554296157 468372
1554296157 517435
1554296157 559785
1554296157 600486
1554296157 643599
1554296157 686351
1554296157 727424
1554296157 776392
1554296157 817351
1554296157 859263
1554296157 904684
1554296157 946725
1554296157 989646
1554296158 37674
1554296158 80796
1554296158 125662
1554296158 168378
1554296158 209689
1554296158 253764
1554296158 295341
1554296158 337647
1554296158 379071
1554296158 425086
1554296158 466435
1554296158 508755
1554296158 556259
1554296158 600559
1554296158 641488
1554296158 685365
1554296158 727501
1554296158 770389
1554296158 819317
1554296158 860685
1554296158 904692
1554296158 946489
1554296158 988672
1554296159 30191
1554296159 74456
1554296159 118395
1554296159 160873
1554296159 206010
1554296159 248318
1554296159 289724
1554296159 332722
1554296159 375810
1554296159 417511
1554296159 459351
1554296159 500747
1554296159 545050
1554296159 588604
1554296159 630966
1554296159 674337
1554296159 716420
1554296159 759244
1554296159 801324
1554296159 847475
1554296159 890522
1554296159 932286
1554296159 984683
1554296160 26496
1554296160 68322
1554296160 110630
1554296160 163701
1554296160 209215
1554296160 250826
1554296160 295485
1554296160 338336
1554296160 380036
1554296160 422493
1554296160 466621
1554296160 508596
1554296160 551017
1554296160 602529
1554296160 645650
1554296160 687730
1554296160 730203
1554296160 774102
1554296160 815367
1554296160 858082
1554296160 899634
1554296160 941443
1554296160 987196
1554296161 28508
1554296161 70527
1554296161 119738
1554296161 164861
1554296161 207734
1554296161 249263
1554296161 291240
1554296161 335716
1554296161 378591
1554296161 419586
1554296161 462412
1554296161 506486
1554296161 548441
1554296161 604957
1554296161 654764
1554296161 697555
1554296161 740326
1554296161 781255
1554296161 822688
1554296161 866468
1554296161 908404
1554296161 950257
1554296161 993020
1554296162 35814
1554296162 78178
1554296162 123239
1554296162 164104
1554296162 212056
1554296162 254519
1554296162 297791
1554296162 339492
1554296162 381400
1554296162 422592
1554296162 467118
1554296162 510480
1554296162 552946
1554296162 604572
1554296162 648365
1554296162 689329
1554296162 731707
1554296162 774549
1554296162 817411
1554296162 860455
1554296162 901700
1554296162 944196
1554296162 988366
1554296163 30509
1554296163 72542
1554296163 123691
1554296163 166225
1554296163 209326
1554296163 251620
1554296163 295784
1554296163 337611
1554296163 379770
1554296163 421357
1554296163 463022
1554296163 510083
1554296163 551172
1554296163 593097
1554296163 642268
1554296163 690001
1554296163 731257
1554296163 773391
1554296163 816918
1554296163 860195
1554296163 901653
1554296163 943999
1554296163 988497
1554296164 30524
1554296164 72198
1554296164 125625
1554296164 174310
1554296164 217043
1554296164 259468
1554296164 302687
1554296164 343789
1554296164 388989
1554296164 430357
1554296164 472760
1554296164 514506
1554296164 558189
1554296164 602803
1554296164 642689
1554296164 683569
1554296164 725464
1554296164 770823
1554296164 812116
1554296164 856312
1554296164 899776
1554296164 942145
1554296164 983720
1554296165 29341
1554296165 70657
1554296165 112598
1554296165 155672
1554296165 208549
1554296165 254070
1554296165 296326
1554296165 338609
1554296165 381915
1554296165 423771
1554296165 468850
1554296165 510475
1554296165 552468
1554296165 595309
1554296165 644004
1554296165 687371
1554296165 729463
1554296165 771609
1554296165 814005
1554296165 858040
1554296165 899299
1554296165 941801
1554296165 983717
1554296166 26133
1554296166 71234
1554296166 112503
1554296166 154694
1554296166 203598
1554296166 250239
1554296166 291570
1554296166 333571
1554296166 374809
1554296166 419056
1554296166 462559
1554296166 503800
1554296166 546227
1554296166 590655
1554296166 632635
1554296166 674730
1554296166 724449
1554296166 772008
1554296166 815335
1554296166 864459
1554296166 906475
1554296166 951522
1554296166 992360
1554296167 34677
1554296167 76984
1554296167 119443
1554296167 162975
1554296167 204389
1554296167 245316
1554296167 287777
1554296167 336013
1554296167 378574
1554296167 421450
1554296167 463585
1554296167 505505
1554296167 551177
1554296167 595576
1554296167 634644
1554296167 676733
1554296167 722720
1554296167 765343
1554296167 807752
1554296167 857781
1554296167 901383
1554296167 944619
1554296167 985682
1554296168 31973
1554296168 72509
1554296168 114655
1554296168 157496
1554296168 206725
1554296168 253531
1554296168 295461
1554296168 339530
1554296168 381547
1554296168 423422
1554296168 465707
1554296168 508226
1554296168 553256
1554296168 595047
1554296168 637046
1554296168 682991
1554296168 724522
1554296168 766044
1554296168 810388
1554296168 855604
1554296168 898412
1554296168 940161
1554296168 991552
1554296169 33300
1554296169 74453
1554296169 116684
1554296169 164858
1554296169 206435
1554296169 249106
1554296169 293257
1554296169 335116
1554296169 377215
1554296169 422162
1554296169 464120
1554296169 505522
1554296169 547256
1554296169 593609
1554296169 636125
1554296169 678761
1554296169 729119
1554296169 774269
1554296169 816443
1554296169 860284
1554296169 908682
1554296169 952670
1554296169 995027
1554296170 37760
1554296170 87404
1554296170 129386
1554296170 178464
1554296170 220821
1554296170 262904
1554296170 305488
1554296170 347317
1554296170 388451
1554296170 432982
1554296170 476443
1554296170 519245
1554296170 569082
1554296170 613815
1554296170 655975
1554296170 697368
1554296170 740308
1554296170 782606
1554296170 826105
1554296170 867723
1554296170 910237
1554296170 954527
1554296170 996499
1554296171 41507
1554296171 90723
1554296171 133728
1554296171 176003
1554296171 219747
1554296171 263422
1554296171 305577
1554296171 347997
1554296171 390158
1554296171 434311
1554296171 477195
1554296171 519039
1554296171 568272
1554296171 615789
1554296171 657767
1554296171 698731
1554296171 743527
1554296171 786405
1554296171 827228
1554296171 870232
1554296171 915266
1554296171 958323
1554296172 10255
1554296172 59458
1554296172 107206
1554296172 149135
1554296172 194309
1554296172 237111
1554296172 279258
1554296172 328185
1554296172 372992
1554296172 415001
1554296172 458354
1554296172 500753
1554296172 542683
1554296172 585412
1554296172 627252
1554296172 669739
1554296172 714583
1554296172 754515
1554296172 796295
1554296172 840796
1554296172 880199
1554296172 924529
1554296172 966272
1554296173 9659
1554296173 49084
1554296173 91170
1554296173 136813
1554296173 178891
1554296173 221044
1554296173 262463
1554296173 304993
1554296173 347426
1554296173 390014
1554296173 430577
1554296173 472133
1554296173 516607
1554296173 559671
1554296173 600644
1554296173 652734
1554296173 695538
1554296173 737430
1554296173 779414
1554296173 823284
1554296173 865661
1554296173 907514
1554296173 949532
1554296173 992109
1554296174 36848
1554296174 79067
1554296174 122417
1554296174 166459
1554296174 209569
1554296174 249618
1554296174 294411
1554296174 337168
1554296174 379204
1554296174 421275
1554296174 465349
1554296174 508121
1554296174 549753
1554296174 597074
1554296174 638499
1554296174 680582
1554296174 730511
1554296174 770707
1554296174 810866
1554296174 853299
1554296174 900914
1554296174 944559
1554296174 984109
1554296175 32607
1554296175 76696
1554296175 119175
1554296175 161128
1554296175 210156
1554296175 253451
1554296175 298354
1554296175 340421
1554296175 383305
1554296175 431045
1554296175 472916
1554296175 517128
1554296175 558560
1554296175 600358
1554296175 642749
1554296175 686300
1554296175 728734
1554296175 770874
1554296175 811255
1554296175 853102
1554296175 904757
1554296175 952944
1554296175 998471
1554296176 40617
1554296176 83441
1554296176 135581
1554296176 178442
1554296176 219659
1554296176 261278
1554296176 304829
1554296176 348620
1554296176 391609
1554296176 434291
1554296176 478898
1554296176 520618
1554296176 564198
1554296176 613387
1554296176 654770
1554296176 697159
1554296176 740011
1554296176 781471
1554296176 824558
1554296176 871582
1554296176 909409
1554296176 951552
1554296176 997279
1554296177 38398
1554296177 80634
1554296177 123159
1554296177 172819
1554296177 215288
1554296177 259330
1554296177 301136
1554296177 343138
1554296177 392353
1554296177 434133
1554296177 478685
1554296177 520403
1554296177 562868
1554296177 611812
1554296177 655531
1554296177 699447
1554296177 740698
1554296177 784442
1554296177 826587
1554296177 869325
1554296177 911538
1554296177 953375
1554296177 994694
1554296178 39084
1554296178 80534
1554296178 122819
1554296178 165060
1554296178 208457
1554296178 250233
1554296178 293479
1554296178 335277
1554296178 380290
1554296178 421428
1554296178 463793
1554296178 506490
1554296178 549795
1554296178 593461
1554296178 634641
1554296178 678534
1554296178 720477
1554296178 763408
1554296178 805463
1554296178 855082
1554296178 902052
1554296178 946201
1554296178 986556
1554296179 31240
1554296179 73584
1554296179 116190
1554296179 161261
1554296179 203254
1554296179 245689
1554296179 290023
1554296179 332327
1554296179 376149
1554296179 418606
1554296179 461294
1554296179 503305
1554296179 544705
1554296179 599753
1554296179 631803
1554296179 673610
1554296179 716489
1554296179 760446
1554296179 802776
1554296179 846147
1554296179 895257
1554296179 937063
1554296179 982695
1554296180 23939
1554296180 65775
1554296180 109172
1554296180 151737
1554296180 194751
1554296180 236227
1554296180 281213
1554296180 322814
1554296180 364987
1554296180 414232
1554296180 457595
1554296180 500939
1554296180 544174
1554296180 589060
1554296180 628603
1554296180 671430
1554296180 713767
1554296180 754972
1554296180 800173
1554296180 840979
1554296180 882906
1554296180 924639
1554296180 968497
1554296181 10274
1554296181 52122
1554296181 94520
1554296181 137458
1554296181 182516
1554296181 223653
1554296181 267385
1554296181 310964
1554296181 353200
1554296181 395000
1554296181 440959
1554296181 482672
1554296181 524773
1554296181 567294
1554296181 615682
1554296181 656749
1554296181 701655
1554296181 743567
1554296181 785025
1554296181 828453
1554296181 872604
1554296181 915256
1554296181 956897
1554296182 2745
1554296182 45392
1554296182 87802
1554296182 140547
1554296182 179176
1554296182 221110
1554296182 264338
1554296182 305985
1554296182 351436
1554296182 393701
1554296182 435352
1554296182 476909
1554296182 523269
1554296182 564634
1554296182 612438
1554296182 662229
1554296182 703598
1554296182 745777
1554296182 786828
1554296182 831014
1554296182 873755
1554296182 915586
1554296182 957388
1554296183 6988
1554296183 48616
1554296183 92181
1554296183 134611
1554296183 176391
1554296183 216822
1554296183 259124
1554296183 303416
1554296183 346510
1554296183 388396
1554296183 430898
1554296183 472705
1554296183 515368
1554296183 557239
1554296183 603419
1554296183 645074
1554296183 686686
1554296183 728734
1554296183 771661
1554296183 815814
1554296183 856787
1554296183 897297
1554296183 939657
1554296183 984651
1554296184 26093
1554296184 70088
1554296184 115469
1554296184 156946
1554296184 199258
1554296184 243137
1554296184 285295
1554296184 327219
1554296184 369588
1554296184 414241
1554296184 456369
1554296184 500234
1554296184 547053
1554296184 590441
1554296184 633033
1554296184 676186
1554296184 717620
1554296184 763661
