1554295630 841976
1554295630 884090
1554295630 925991
1554295630 967917
1554295631 9969
1554295631 52214
1554295631 93935
1554295631 135949
1554295631 177906
1554295631 219899
1554295631 261968
1554295631 303926
1554295631 345964
1554295631 387893
1554295631 429880
1554295631 473200
1554295631 513893
1554295631 555890
1554295631 597890
1554295631 641069
1554295631 682316
1554295631 724108
1554295631 765991
1554295631 807940
1554295631 849938
1554295631 892885
1554295631 934869
1554295631 976017
1554295632 17958
1554295632 59905
1554295632 101906
1554295632 143934
1554295632 185951
1554295632 227915
1554295632 269895
1554295632 313750
1554295632 355904
1554295632 397900
1554295632 439886
1554295632 482117
1554295632 524106
1554295632 565987
1554295632 607951
1554295632 649899
1554295632 691898
1554295632 734992
1554295632 775938
1554295632 817956
1554295632 859946
1554295632 901928
1554295632 943971
1554295632 986606
1554295633 27900
1554295633 70016
1554295633 111896
1554295633 158613
1554295633 206321
1554295633 247925
1554295633 289902
1554295633 331927
1554295633 374247
1554295633 415914
1554295633 457972
1554295633 499881
1554295633 541918
1554295633 583970
1554295633 625921
1554295633 667898
1554295633 709896
1554295633 751891
1554295633 794870
1554295633 835931
1554295633 877886
1554295633 919888
1554295633 962787
1554295634 4039
1554295634 46433
1554295634 87929
1554295634 130116
1554295634 171981
1554295634 214254
1554295634 255966
1554295634 297973
1554295634 339912
1554295634 381916
1554295634 424137
1554295634 465935
1554295634 507902
1554295634 549957
1554295634 591883
1554295634 635521
1554295634 677914
1554295634 719894
1554295634 762240
1554295634 803962
1554295634 846020
1554295634 887941
1554295634 929904
1554295634 971899
1554295635 13933
1554295635 56173
1554295635 97908
1554295635 139926
1554295635 182005
1554295635 223887
1554295635 265955
1554295635 307950
1554295635 349896
1554295635 391885
1554295635 433887
1554295635 477919
1554295635 519906
1554295635 562040
1554295635 603976
1554295635 646035
1554295635 687949
1554295635 729910
1554295635 771941
1554295635 813886
1554295635 856414
1554295635 897918
1554295635 939940
1554295635 981942
1554295636 23917
1554295636 65962
1554295636 107911
1554295636 149895
1554295636 191916
1554295636 233884
1554295636 276721
1554295636 317916
1554295636 359894
1554295636 402036
1554295636 444678
1554295636 486077
1554295636 528470
1554295636 569921
1554295636 611892
1554295636 653934
1554295636 696172
1554295636 737925
1554295636 779909
1554295636 822013
1554295636 863924
1554295636 906024
1554295636 948031
1554295636 989952
1554295637 31900
1554295637 73890
1554295637 117319
1554295637 157881
1554295637 199894
1554295637 242029
1554295637 284803
1554295637 326055
1554295637 367975
1554295637 409981
1554295637 451923
1554295637 493894
1554295637 535944
1554295637 578212
1554295637 619915
1554295637 661967
1554295637 703884
1554295637 745908
1554295637 787899
1554295637 829932
1554295637 871901
1554295637 913988
1554295637 957945
1554295637 999907
1554295638 42035
1554295638 83972
1554295638 126048
1554295638 168074
1554295638 210136
1554295638 251902
1554295638 293896
1554295638 335914
1554295638 378205
1554295638 419943
1554295638 461945
1554295638 503922
1554295638 545926
1554295638 587963
1554295638 629914
1554295638 671905
1554295638 713914
1554295638 755902
1554295638 798710
1554295638 840914
1554295638 882027
1554295638 923964
1554295638 966082
1554295639 7989
1554295639 50036
1554295639 91921
1554295639 133957
1554295639 175892
1554295639 218216
1554295639 259916
1554295639 302446
1554295639 343928
1554295639 385881
1554295639 427989
1554295639 469912
1554295639 511894
1554295639 553887
1554295639 595882
1554295639 639190
1554295639 679908
1554295639 722039
1554295639 763954
1554295639 807784
1554295639 850068
1554295639 891940
1554295639 933893
1554295639 975886
1554295640 17897
1554295640 60946
1554295640 101924
1554295640 143934
1554295640 185951
1554295640 227907
1554295640 269982
1554295640 312438
1554295640 353952
1554295640 395877
1554295640 439800
1554295640 482050
1554295640 524044
1554295640 566165
1554295640 607949
1554295640 649961
1554295640 691962
1554295640 733901
1554295640 775905
1554295640 817966
1554295640 860255
1554295640 901986
1554295640 943930
1554295640 986050
1554295641 27875
1554295641 69941
1554295641 111935
1554295641 153891
1554295641 195899
1554295641 237952
1554295641 280432
1554295641 322016
1554295641 364001
1554295641 405953
1554295641 447945
1554295641 490045
1554295641 531983
1554295641 573964
1554295641 615883
1554295641 657884
1554295641 700162
1554295641 741923
1554295641 783889
1554295641 825907
1554295641 867906
1554295641 909951
1554295641 951995
1554295641 993898
1554295642 35888
1554295642 77907
1554295642 121046
1554295642 162012
1554295642 203972
1554295642 246033
1554295642 288684
1554295642 330159
1554295642 371915
1554295642 413970
1554295642 455892
1554295642 498042
1554295642 540581
1554295642 581914
1554295642 623895
1554295642 665960
1554295642 707922
1554295642 750119
1554295642 791923
1554295642 834443
1554295642 875915
1554295642 917933
1554295642 961642
1554295643 3972
1554295643 45957
1554295643 87908
1554295643 130115
1554295643 171989
1554295643 213961
1554295643 255910
1554295643 297910
1554295643 339903
1554295643 382279
1554295643 423922
1554295643 465953
1554295643 507930
1554295643 549910
1554295643 591959
1554295643 634441
1554295643 675923
1554295643 717886
1554295643 759889
1554295643 802574
1554295643 843939
1554295643 886574
1554295643 928023
1554295643 970205
1554295644 12015
1554295644 53953
1554295644 95936
1554295644 138497
1554295644 179965
1554295644 222247
1554295644 263920
1554295644 305939
1554295644 347901
1554295644 390460
1554295644 431968
1554295644 473934
1554295644 515907
1554295644 557920
1554295644 599889
1554295644 643739
1554295644 685960
1554295644 727925
1554295644 770791
1554295644 812006
1554295644 855057
1554295644 895899
1554295644 937961
1554295644 979929
1554295645 22241
1554295645 63926
1554295645 105936
1554295645 147911
1554295645 189887
1554295645 231954
1554295645 273927
1554295645 315893
1554295645 357891
1554295645 400433
1554295645 443766
1554295645 485964
1554295645 527976
1554295645 570104
1554295645 611993
1554295645 653974
1554295645 695974
1554295645 737908
1554295645 779979
1554295645 821901
1554295645 864232
1554295645 906161
1554295645 947993
1554295645 989898
1554295646 31891
1554295646 73966
1554295646 115920
1554295646 157908
1554295646 199898
1554295646 244193
1554295646 287930
1554295646 329913
1554295646 372487
1554295646 413968
1554295646 455946
1554295646 497906
1554295646 539958
1554295646 581910
1554295646 624832
1554295646 665947
1554295646 707950
1554295646 749922
1554295646 791892
1554295646 833958
1554295646 876440
1554295646 917899
1554295646 959893
1554295647 4692
1554295647 45939
1554295647 88054
1554295647 129914
1554295647 172544
1554295647 213987
1554295647 256108
1554295647 297940
1554295647 340066
1554295647 381898
1554295647 424253
1554295647 465932
1554295647 507976
1554295647 550073
1554295647 591890
1554295647 633961
1554295647 675937
1554295647 717895
1554295647 759885
1554295647 802030
1554295647 845349
1554295647 886143
1554295647 927927
1554295647 969898
1554295648 12721
1554295648 53986
1554295648 95889
1554295648 137942
1554295648 179954
1554295648 222007
1554295648 263889
1554295648 306182
1554295648 347940
1554295648 389895
1554295648 431904
1554295648 473904
1554295648 515930
1554295648 557956
1554295648 599903
1554295648 642554
1554295648 685931
1554295648 727932
1554295648 769900
1554295648 811904
1554295648 854023
1554295648 895945
1554295648 937942
1554295648 979903
1554295649 21927
1554295649 63880
1554295649 106330
1554295649 148060
1554295649 189907
1554295649 231923
1554295649 273879
1554295649 315919
1554295649 357921
1554295649 399898
1554295649 442021
1554295649 483962
1554295649 526599
1554295649 567966
1554295649 610030
1554295649 651913
1554295649 693973
1554295649 736002
1554295649 778142
1554295649 819915
1554295649 861888
1554295649 903948
1554295649 947931
1554295649 989993
1554295650 31923
1554295650 73914
1554295650 115917
1554295650 157924
1554295650 200028
1554295650 242020
1554295650 283955
1554295650 327132
1554295650 367902
1554295650 409909
1554295650 451907
1554295650 494570
1554295650 535956
1554295650 577905
1554295650 619938
1554295650 661920
1554295650 703916
1554295650 746507
1554295650 787929
1554295650 829906
1554295650 871977
1554295650 913895
1554295650 955915
1554295650 998039
1554295651 39919
1554295651 82038
1554295651 123972
1554295651 167772
1554295651 209961
1554295651 251921
1554295651 293900
1554295651 335999
1554295651 377963
1554295651 419942
1554295651 461911
1554295651 503884
1554295651 546005
1554295651 588175
1554295651 629915
1554295651 671915
1554295651 713878
1554295651 755917
1554295651 797940
1554295651 839918
1554295651 882032
1554295651 923988
1554295651 965927
1554295652 8402
1554295652 49899
1554295652 91896
1554295652 133901
1554295652 176056
1554295652 218059
1554295652 259995
1554295652 301899
1554295652 343886
1554295652 385900
1554295652 428800
1554295652 469935
1554295652 511922
1554295652 553888
1554295652 595914
1554295652 637949
1554295652 680430
1554295652 722027
1554295652 763965
1554295652 805932
1554295652 849134
1554295652 889959
1554295652 931896
1554295652 973955
1554295653 17286
1554295653 58029
1554295653 99905
1554295653 141930
1554295653 183908
1554295653 225908
1554295653 268407
1554295653 309918
1554295653 351896
1554295653 393878
1554295653 436451
1554295653 477964
1554295653 519949
1554295653 562279
1554295653 603967
1554295653 645926
1554295653 690288
1554295653 731905
1554295653 773887
1554295653 815902
1554295653 857948
1554295653 899936
1554295653 941945
1554295653 983901
1554295654 25895
1554295654 67886
1554295654 110166
1554295654 151951
1554295654 194458
1554295654 235984
1554295654 277885
1554295654 319951
1554295654 362072
1554295654 403958
1554295654 446465
1554295654 487921
1554295654 533902
1554295654 575883
1554295654 617955
1554295654 659984
1554295654 701945
1554295654 743906
1554295654 785901
1554295654 827907
1554295654 870424
1554295654 911925
1554295654 953941
1554295654 995903
1554295655 38008
1554295655 79940
1554295655 122043
1554295655 164004
1554295655 205973
1554295655 247901
1554295655 290802
1554295655 331877
1554295655 373908
1554295655 415881
1554295655 458319
1554295655 499975
1554295655 542232
1554295655 583937
1554295655 625892
1554295655 667900
1554295655 710290
1554295655 751923
1554295655 793901
1554295655 835930
1554295655 877903
1554295655 919910
1554295655 962233
1554295656 3960
1554295656 45927
1554295656 87916
1554295656 131508
1554295656 173904
1554295656 215893
1554295656 258829
1554295656 299940
1554295656 341931
1554295656 383955
1554295656 425915
1554295656 468075
1554295656 509957
1554295656 552137
1554295656 593935
1554295656 635885
1554295656 677881
1554295656 719903
1554295656 762234
1554295656 803950
1554295656 845958
1554295656 887920
1554295656 932009
1554295656 973906
1554295657 15890
1554295657 57886
1554295657 99955
1554295657 141959
1554295657 184525
1554295657 226039
1554295657 267900
1554295657 309946
1554295657 352190
1554295657 393925
1554295657 436443
1554295657 477892
1554295657 519912
1554295657 562095
1554295657 603954
1554295657 645971
1554295657 687924
1554295657 729897
1554295657 772630
1554295657 813875
1554295657 855895
1554295657 897896
1554295657 940621
1554295657 982077
1554295658 24114
1554295658 65912
1554295658 107896
1554295658 149891
1554295658 192825
1554295658 233918
1554295658 275899
1554295658 318012
1554295658 359872
1554295658 402107
1554295658 444500
1554295658 485995
1554295658 527906
1554295658 569936
1554295658 613259
1554295658 653958
1554295658 695902
1554295658 737887
1554295658 780796
1554295658 821976
1554295658 863898
1554295658 905947
1554295658 947901
1554295658 989892
1554295659 31919
1554295659 74293
1554295659 115919
1554295659 157902
1554295659 199945
1554295659 242059
1554295659 283972
1554295659 325970
1554295659 367999
1554295659 410024
1554295659 453895
1554295659 495989
1554295659 537887
1554295659 579899
1554295659 621943
1554295659 663971
1554295659 705945
1554295659 747892
1554295659 789884
1554295659 831940
1554295659 876045
1554295659 917931
1554295659 959882
1554295660 2586
1554295660 43985
1554295660 86004
1554295660 127925
1554295660 169902
1554295660 211955
1554295660 254995
1554295660 295960
1554295660 337906
1554295660 379888
1554295660 421951
1554295660 463984
1554295660 506484
1554295660 547915
1554295660 589901
1554295660 631886
1554295660 674427
1554295660 715913
1554295660 758435
1554295660 799995
1554295660 842063
1554295660 883990
1554295660 925951
1554295660 968013
1554295661 9900
1554295661 51920
1554295661 95083
1554295661 135880
1554295661 177970
1554295661 219930
1554295661 262990
1554295661 304089
1554295661 345901
1554295661 388072
1554295661 429897
1554295661 471913
1554295661 515088
1554295661 555914
1554295661 597904
1554295661 639896
1554295661 682034
1554295661 723992
1554295661 765930
1554295661 808076
1554295661 849908
1554295661 891902
1554295661 935663
1554295661 977919
1554295662 20421
1554295662 61924
1554295662 103977
1554295662 145940
1554295662 187953
1554295662 229896
1554295662 272437
1554295662 314043
1554295662 356149
1554295662 397939
1554295662 439887
1554295662 482164
1554295662 524517
1554295662 565979
1554295662 607918
1554295662 649896
1554295662 691956
1554295662 733877
1554295662 776901
1554295662 817905
1554295662 859892
1554295662 902093
1554295662 943947
1554295662 986064
1554295663 28488
1554295663 69895
1554295663 111892
1554295663 153889
1554295663 196369
1554295663 237917
1554295663 280438
1554295663 322057
1554295663 363968
1554295663 406104
1554295663 447918
1554295663 489899
1554295663 531889
1554295663 574013
1554295663 616974
1554295663 657873
1554295663 699891
1554295663 741888
1554295663 784464
1554295663 825994
1554295663 867900
1554295663 909941
1554295663 951892
1554295663 993917
1554295664 36940
1554295664 77926
1554295664 119902
1554295664 162045
1554295664 203970
1554295664 245954
1554295664 288434
1554295664 329896
1554295664 371960
1554295664 413877
1554295664 457527
1554295664 499905
1554295664 541896
1554295664 584309
1554295664 626186
1554295664 667958
1554295664 709945
1554295664 751893
1554295664 793888
1554295664 835910
1554295664 878287
1554295664 919927
1554295664 962046
1554295665 4013
1554295665 45924
1554295665 87942
1554295665 129945
1554295665 171967
1554295665 213885
1554295665 255902
1554295665 302428
1554295665 343891
1554295665 385939
1554295665 428197
1554295665 469944
1554295665 511902
1554295665 553888
1554295665 595892
1554295665 638242
1554295665 679921
1554295665 722163
1554295665 764007
1554295665 806449
1554295665 847972
1554295665 889928
1554295665 932066
1554295665 973889
1554295666 15876
1554295666 59318
1554295666 99958
1554295666 141900
1554295666 183882
1554295666 227373
1554295666 270168
1554295666 311887
1554295666 353893
1554295666 395889
1554295666 438164
1554295666 479924
1554295666 522038
1554295666 563941
1554295666 606061
1554295666 647983
1554295666 689918
1554295666 731891
1554295666 773887
1554295666 815889
1554295666 859377
1554295666 899952
1554295666 942039
1554295666 983877
1554295667 27195
1554295667 67930
1554295667 109929
1554295667 151945
1554295667 193895
1554295667 235882
1554295667 277893
1554295667 320138
1554295667 362088
1554295667 403978
1554295667 446017
1554295667 487937
1554295667 534800
1554295667 576408
1554295667 619990
1554295667 661925
1554295667 703886
1554295667 745895
1554295667 787946
1554295667 830068
1554295667 871935
1554295667 913973
1554295667 955889
1554295667 997882
1554295668 40151
1554295668 82040
1554295668 123976
1554295668 165939
1554295668 207968
1554295668 249947
1554295668 291925
1554295668 333908
1554295668 375936
1554295668 417929
1554295668 460518
1554295668 501951
1554295668 543895
1554295668 585911
1554295668 629158
1554295668 669987
1554295668 711977
1554295668 753893
1554295668 795897
1554295668 837904
1554295668 880387
1554295668 922087
1554295668 963981
1554295669 5984
1554295669 47909
1554295669 89961
1554295669 131954
1554295669 173975
1554295669 215947
1554295669 257880
1554295669 301158
1554295669 341910
1554295669 383883
1554295669 425899
1554295669 468647
1554295669 510008
1554295669 551894
1554295669 593912
1554295669 635896
1554295669 677989
1554295669 720207
1554295669 762027
1554295669 803964
1554295669 846066
1554295669 887964
1554295669 930016
1554295669 972031
1554295670 13926
1554295670 55888
1554295670 98484
1554295670 141747
1554295670 183906
1554295670 225885
1554295670 267886
1554295670 309952
1554295670 351967
1554295670 393990
1554295670 435923
1554295670 477885
1554295670 519888
1554295670 562402
1554295670 603936
1554295670 646021
1554295670 687927
1554295670 729880
1554295670 772125
1554295670 813916
1554295670 855896
1554295670 897918
1554295670 939912
1554295670 982556
1554295671 23898
1554295671 65893
1554295671 107900
1554295671 149978
1554295671 192003
1554295671 234770
1554295671 275899
1554295671 317934
1554295671 360421
1554295671 402389
1554295671 443967
1554295671 486014
1554295671 527905
1554295671 569886
1554295671 612541
1554295671 654162
1554295671 696063
1554295671 737883
1554295671 779880
1554295671 823140
1554295671 864469
1554295671 905896
1554295671 947894
1554295671 991015
1554295672 31959
1554295672 73934
1554295672 116486
1554295672 157938
1554295672 199908
1554295672 242301
1554295672 284200
1554295672 325960
1554295672 368464
1554295672 409922
1554295672 451907
1554295672 493974
1554295672 536000
1554295672 577901
1554295672 620405
1554295672 663620
1554295672 705897
1554295672 747895
1554295672 789887
1554295672 832729
1554295672 873947
