1554295630 846360
1554295630 887578
1554295630 928929
1554295630 970778
1554295631 13603
1554295631 55154
1554295631 96653
1554295631 138880
1554295631 179688
1554295631 223088
1554295631 265239
1554295631 306423
1554295631 348388
1554295631 390440
1554295631 434439
1554295631 476092
1554295631 516341
1554295631 558310
1554295631 600686
1554295631 644655
1554295631 685293
1554295631 727098
1554295631 768896
1554295631 810958
1554295631 853682
1554295631 895579
1554295631 937273
1554295631 978643
1554295632 20584
1554295632 62484
1554295632 105101
1554295632 146901
1554295632 188467
1554295632 230406
1554295632 274971
1554295632 316298
1554295632 358367
1554295632 400636
1554295632 442904
1554295632 485102
1554295632 527284
1554295632 568844
1554295632 611007
1554295632 652787
1554295632 695164
1554295632 737774
1554295632 778531
1554295632 820552
1554295632 862492
1554295632 905241
1554295632 947267
1554295632 989074
1554295633 30350
1554295633 74767
1554295633 116347
1554295633 160435
1554295633 209117
1554295633 250797
1554295633 292499
1554295633 335197
1554295633 376797
1554295633 418488
1554295633 460688
1554295633 502424
1554295633 545407
1554295633 587408
1554295633 628313
1554295633 670308
1554295633 712293
1554295633 756243
1554295633 797437
1554295633 838456
1554295633 880301
1554295633 923761
1554295633 965414
1554295634 7088
1554295634 49205
1554295634 90637
1554295634 133279
1554295634 175606
1554295634 217222
1554295634 258634
1554295634 300546
1554295634 342440
1554295634 385441
1554295634 427775
1554295634 468484
1554295634 510352
1554295634 552379
1554295634 596336
1554295634 638071
1554295634 680731
1554295634 722961
1554295634 765717
1554295634 806978
1554295634 849252
1554295634 890668
1554295634 932657
1554295634 975325
1554295635 17426
1554295635 59369
1554295635 100568
1554295635 142464
1554295635 184633
1554295635 227079
1554295635 268815
1554295635 310460
1554295635 352421
1554295635 396298
1554295635 438903
1554295635 480332
1554295635 522972
1554295635 565697
1554295635 606794
1554295635 649169
1554295635 690683
1554295635 732494
1554295635 774571
1554295635 817112
1554295635 859039
1554295635 900618
1554295635 942622
1554295635 984567
1554295636 27105
1554295636 69068
1554295636 110411
1554295636 152487
1554295636 194465
1554295636 238756
1554295636 279495
1554295636 320402
1554295636 362640
1554295636 405611
1554295636 446882
1554295636 489174
1554295636 531209
1554295636 572622
1554295636 614486
1554295636 657218
1554295636 698901
1554295636 740540
1554295636 782434
1554295636 824581
1554295636 866855
1554295636 909012
1554295636 950383
1554295636 992384
1554295637 34332
1554295637 79164
1554295637 119748
1554295637 160283
1554295637 202608
1554295637 244791
1554295637 288007
1554295637 329021
1554295637 371178
1554295637 412691
1554295637 454469
1554295637 496806
1554295637 539473
1554295637 581386
1554295637 622413
1554295637 664596
1554295637 706559
1554295637 748641
1554295637 790768
1554295637 832694
1554295637 874344
1554295637 918559
1554295637 960314
1554295638 2603
1554295638 44713
1554295638 87641
1554295638 128891
1554295638 172493
1554295638 212687
1554295638 254444
1554295638 296459
1554295638 339803
1554295638 381417
1554295638 422847
1554295638 464577
1554295638 506907
1554295638 548725
1554295638 591131
1554295638 632934
1554295638 674327
1554295638 716320
1554295638 760839
1554295638 801170
1554295638 843759
1554295638 884453
1554295638 927971
1554295638 968888
1554295639 10988
1554295639 52831
1554295639 94481
1554295639 136565
1554295639 179334
1554295639 220894
1554295639 262466
1554295639 305057
1554295639 346501
1554295639 389315
1554295639 430849
1554295639 472307
1554295639 514298
1554295639 556835
1554295639 600472
1554295639 641596
1554295639 682705
1554295639 724445
1554295639 766952
1554295639 811814
1554295639 853006
1554295639 894502
1554295639 936443
1554295639 979286
1554295640 21096
1554295640 64361
1554295640 104530
1554295640 146500
1554295640 188521
1554295640 231057
1554295640 272842
1554295640 314895
1554295640 356342
1554295640 400468
1554295640 442597
1554295640 484464
1554295640 527074
1554295640 570248
1554295640 610683
1554295640 652889
1554295640 694529
1554295640 736445
1554295640 778948
1554295640 821270
1554295640 862800
1554295640 904609
1554295640 946548
1554295640 988630
1554295641 31096
1554295641 73187
1554295641 114331
1554295641 156297
1554295641 200518
1554295641 242619
1554295641 283182
1554295641 324572
1554295641 366596
1554295641 410207
1554295641 450608
1554295641 492978
1554295641 534996
1554295641 576621
1554295641 618518
1554295641 662245
1554295641 702867
1554295641 744518
1554295641 786619
1554295641 828433
1554295641 871623
1554295641 912793
1554295641 954405
1554295641 996299
1554295642 38287
1554295642 82873
1554295642 123798
1554295642 164548
1554295642 206619
1554295642 249742
1554295642 291798
1554295642 333298
1554295642 374901
1554295642 416526
1554295642 458490
1554295642 501510
1554295642 543262
1554295642 584525
1554295642 626604
1554295642 668490
1554295642 710623
1554295642 753267
1554295642 794770
1554295642 836974
1554295642 878321
1554295642 922794
1554295642 964510
1554295643 6564
1554295643 48927
1554295643 92283
1554295643 133380
1554295643 175209
1554295643 216596
1554295643 258527
1554295643 300816
1554295643 344429
1554295643 385445
1554295643 426507
1554295643 468496
1554295643 510621
1554295643 552742
1554295643 594845
1554295643 636999
1554295643 678305
1554295643 722668
1554295643 764904
1554295643 804999
1554295643 846434
1554295643 889431
1554295643 931797
1554295643 972889
1554295644 15029
1554295644 56512
1554295644 98541
1554295644 141415
1554295644 183289
1554295644 224878
1554295644 266554
1554295644 308611
1554295644 350838
1554295644 394353
1554295644 434844
1554295644 476372
1554295644 518324
1554295644 560314
1554295644 604643
1554295644 646251
1554295644 688599
1554295644 731603
1554295644 773462
1554295644 814915
1554295644 857659
1554295644 898674
1554295644 940608
1554295644 983643
1554295645 24988
1554295645 66523
1554295645 108480
1554295645 150415
1554295645 196047
1554295645 234543
1554295645 276338
1554295645 318277
1554295645 360337
1554295645 406475
1554295645 446484
1554295645 488575
1554295645 530961
1554295645 574005
1554295645 614991
1554295645 656950
1554295645 698564
1554295645 740514
1554295645 782892
1554295645 825197
1554295645 867318
1554295645 908767
1554295645 950535
1554295645 992413
1554295646 35125
1554295646 76857
1554295646 118305
1554295646 160314
1554295646 204703
1554295646 246233
1554295646 290877
1554295646 333696
1554295646 375548
1554295646 416876
1554295646 458630
1554295646 500664
1554295646 542534
1554295646 585553
1554295646 627382
1554295646 668484
1554295646 710475
1554295646 752435
1554295646 795362
1554295646 836854
1554295646 878886
1554295646 920359
1554295646 964804
1554295647 7329
1554295647 48463
1554295647 90578
1554295647 133522
1554295647 175229
1554295647 216907
1554295647 258746
1554295647 300558
1554295647 342643
1554295647 385282
1554295647 427281
1554295647 468474
1554295647 510573
1554295647 552641
1554295647 595350
1554295647 636824
1554295647 678343
1554295647 720318
1554295647 762644
1554295647 806663
1554295647 848095
1554295647 888612
1554295647 930487
1554295647 972670
1554295648 15551
1554295648 56934
1554295648 98938
1554295648 140603
1554295648 183704
1554295648 224896
1554295648 267392
1554295648 308743
1554295648 350470
1554295648 392543
1554295648 434456
1554295648 476659
1554295648 519948
1554295648 560368
1554295648 602929
1554295648 646981
1554295648 688546
1554295648 730609
1554295648 772644
1554295648 815475
1554295648 856631
1554295648 899258
1554295648 940563
1554295648 982557
1554295649 24504
1554295649 67460
1554295649 108841
1554295649 150967
1554295649 192468
1554295649 234455
1554295649 276634
1554295649 318776
1554295649 360629
1554295649 402737
1554295649 446607
1554295649 488742
1554295649 529115
1554295649 570454
1554295649 612541
1554295649 655611
1554295649 696609
1554295649 738984
1554295649 780777
1554295649 822469
1554295649 864508
1554295649 909944
1554295649 950813
1554295649 992662
1554295650 34513
1554295650 77368
1554295650 118751
1554295650 160341
1554295650 202830
1554295650 244421
1554295650 288489
1554295650 329760
1554295650 370368
1554295650 412476
1554295650 454677
1554295650 497237
1554295650 538949
1554295650 580927
1554295650 622628
1554295650 664621
1554295650 707177
1554295650 749351
1554295650 790596
1554295650 832735
1554295650 874502
1554295650 916516
1554295650 958664
1554295651 1085
1554295651 42640
1554295651 84592
1554295651 130986
1554295651 170441
1554295651 212555
1554295651 254625
1554295651 297538
1554295651 338679
1554295651 381808
1554295651 422732
1554295651 464604
1554295651 506729
1554295651 549805
1554295651 591516
1554295651 632465
1554295651 674474
1554295651 716395
1554295651 758701
1554295651 800799
1554295651 842738
1554295651 884445
1554295651 928596
1554295651 970840
1554295652 11070
1554295652 52325
1554295652 94333
1554295652 138017
1554295652 178777
1554295652 221008
1554295652 262525
1554295652 304490
1554295652 346502
1554295652 389186
1554295652 431361
1554295652 472482
1554295652 514445
1554295652 556437
1554295652 599378
1554295652 640800
1554295652 683174
1554295652 724424
1554295652 766578
1554295652 810137
1554295652 851813
1554295652 892398
1554295652 934933
1554295652 976738
1554295653 20536
1554295653 61089
1554295653 102811
1554295653 144537
1554295653 187346
1554295653 229134
1554295653 271201
1554295653 312464
1554295653 354439
1554295653 396392
1554295653 439681
1554295653 481152
1554295653 522654
1554295653 564898
1554295653 606588
1554295653 650716
1554295653 692726
1554295653 734297
1554295653 776632
1554295653 819646
1554295653 860958
1554295653 902877
1554295653 944517
1554295653 986570
1554295654 28750
1554295654 71479
1554295654 112738
1554295654 154681
1554295654 197006
1554295654 238516
1554295654 281247
1554295654 323212
1554295654 364595
1554295654 406554
1554295654 451999
1554295654 491976
1554295654 536376
1554295654 579599
1554295654 620841
1554295654 663639
1554295654 704515
1554295654 746497
1554295654 788561
1554295654 831247
1554295654 872966
1554295654 914473
1554295654 956512
1554295654 998438
1554295655 41152
1554295655 83503
1554295655 124512
1554295655 166805
1554295655 211439
1554295655 251778
1554295655 293438
1554295655 334318
1554295655 376354
1554295655 420555
1554295655 460947
1554295655 502919
1554295655 544838
1554295655 586619
1554295655 628455
1554295655 671141
1554295655 712940
1554295655 754442
1554295655 796453
1554295655 838568
1554295655 882568
1554295655 923419
1554295655 965108
1554295656 6570
1554295656 48507
1554295656 93668
1554295656 134229
1554295656 176299
1554295656 218652
1554295656 261420
1554295656 302948
1554295656 345157
1554295656 386624
1554295656 428597
1554295656 470956
1554295656 513158
1554295656 555273
1554295656 596459
1554295656 638449
1554295656 680425
1554295656 723343
1554295656 765078
1554295656 806550
1554295656 848575
1554295656 892624
1554295656 935009
1554295656 976318
1554295657 18772
1554295657 61511
1554295657 102634
1554295657 144933
1554295657 187206
1554295657 228603
1554295657 270460
1554295657 313273
1554295657 355341
1554295657 396474
1554295657 439134
1554295657 480411
1554295657 523397
1554295657 565378
1554295657 606608
1554295657 648581
1554295657 693157
1554295657 734212
1554295657 775178
1554295657 816302
1554295657 858351
1554295657 902099
1554295657 943276
1554295657 985053
1554295658 26670
1554295658 68441
1554295658 110658
1554295658 153163
1554295658 195546
1554295658 236475
1554295658 278415
1554295658 320536
1554295658 363655
1554295658 405365
1554295658 447081
1554295658 488613
1554295658 530368
1554295658 574788
1554295658 615462
1554295658 656379
1554295658 698953
1554295658 740676
1554295658 783527
1554295658 824982
1554295658 866881
1554295658 908507
1554295658 951048
1554295658 993272
1554295659 35081
1554295659 77519
1554295659 118465
1554295659 160425
1554295659 202919
1554295659 244984
1554295659 286944
1554295659 328584
1554295659 370577
1554295659 414432
1554295659 456295
1554295659 498468
1554295659 540620
1554295659 583574
1554295659 624656
1554295659 666970
1554295659 708495
1554295659 750427
1554295659 792499
1554295659 835626
1554295659 878785
1554295659 920502
1554295659 962772
1554295660 6365
1554295660 47064
1554295660 88710
1554295660 130507
1554295660 175377
1554295660 219013
1554295660 257450
1554295660 298447
1554295660 340429
1554295660 383556
1554295660 424658
1554295660 466969
1554295660 509130
1554295660 550459
1554295660 592548
1554295660 635220
1554295660 677120
1554295660 718449
1554295660 761003
1554295660 802867
1554295660 845271
1554295660 887455
1554295660 928572
1554295660 970627
1554295661 15698
1554295661 56223
1554295661 97617
1554295661 138362
1554295661 180496
1554295661 222743
1554295661 266682
1554295661 307081
1554295661 348840
1554295661 390894
1554295661 432397
1554295661 475154
1554295661 517643
1554295661 558469
1554295661 600429
1554295661 642606
1554295661 685065
1554295661 727331
1554295661 768941
1554295661 810702
1554295661 852316
1554295661 896576
1554295661 938195
1554295661 980379
1554295662 23228
1554295662 66277
1554295662 107325
1554295662 148897
1554295662 190560
1554295662 232457
1554295662 276177
1554295662 317314
1554295662 359302
1554295662 400472
1554295662 442759
1554295662 484734
1554295662 528129
1554295662 569237
1554295662 610501
1554295662 652346
1554295662 696379
1554295662 738409
1554295662 779556
1554295662 820360
1554295662 862340
1554295662 905673
1554295662 946609
1554295662 989036
1554295663 31069
1554295663 72461
1554295663 114521
1554295663 157261
1554295663 198886
1554295663 240421
1554295663 283355
1554295663 324702
1554295663 367679
1554295663 409483
1554295663 450324
1554295663 492355
1554295663 537051
1554295663 578608
1554295663 619535
1554295663 660480
1554295663 702287
1554295663 744745
1554295663 788335
1554295663 828973
1554295663 870788
1554295663 912524
1554295663 954486
1554295663 997726
1554295664 39552
1554295664 80482
1554295664 122784
1554295664 164564
1554295664 207972
1554295664 249010
1554295664 291050
1554295664 332309
1554295664 374535
1554295664 418594
1554295664 460112
1554295664 502398
1554295664 544682
1554295664 587698
1554295664 629204
1554295664 670910
1554295664 712510
1554295664 754451
1554295664 797506
1554295664 839588
1554295664 881391
1554295664 922947
1554295664 964587
1554295665 6770
1554295665 49277
1554295665 90850
1554295665 132412
1554295665 174380
1554295665 218468
1554295665 259732
1554295665 305264
1554295665 347620
1554295665 388587
1554295665 431274
1554295665 472496
1554295665 514507
1554295665 557488
1554295665 599180
1554295665 640820
1554295665 682821
1554295665 724714
1554295665 766744
1554295665 810450
1554295665 851014
1554295665 892326
1554295665 934457
1554295665 976306
1554295666 19800
1554295666 61997
1554295666 102409
1554295666 144396
1554295666 187477
1554295666 230633
1554295666 272735
1554295666 314576
1554295666 356511
1554295666 399628
1554295666 440872
1554295666 482801
1554295666 524557
1554295666 566546
1554295666 609732
1554295666 650791
1554295666 692310
1554295666 734307
1554295666 776302
1554295666 820648
1554295666 861783
1554295666 902388
1554295666 944497
1554295666 986675
1554295667 30038
1554295667 70947
1554295667 112910
1554295667 154473
1554295667 196538
1554295667 238753
1554295667 281349
1554295667 323165
1554295667 364641
1554295667 406746
1554295667 448761
1554295667 490688
1554295667 540230
1554295667 581746
1554295667 622665
1554295667 664417
1554295667 706641
1554295667 749571
1554295667 790605
1554295667 833594
1554295667 874502
1554295667 916610
1554295667 958463
1554295668 2077
1554295668 43054
1554295668 84632
1554295668 126823
1554295668 168741
1554295668 210948
1554295668 252803
1554295668 294380
1554295668 336496
1554295668 380572
1554295668 422806
1554295668 463111
1554295668 504432
1554295668 546374
1554295668 589653
1554295668 632250
1554295668 672879
1554295668 714537
1554295668 756447
1554295668 798823
1554295668 841641
1554295668 883398
1554295668 924663
1554295668 966728
1554295669 8751
1554295669 51066
1554295669 93044
1554295669 134342
1554295669 176380
1554295669 218399
1554295669 262518
1554295669 303767
1554295669 344417
1554295669 386340
1554295669 428674
1554295669 471421
1554295669 513091
1554295669 554807
1554295669 596791
1554295669 638437
1554295669 681242
1554295669 723129
1554295669 764421
1554295669 806676
1554295669 848772
1554295669 890735
1554295669 933294
1554295669 975067
1554295670 16331
1554295670 58318
1554295670 103060
1554295670 144330
1554295670 186367
1554295670 228614
1554295670 271473
1554295670 312570
1554295670 354966
1554295670 396631
1554295670 438478
1554295670 480421
1554295670 523424
1554295670 565432
1554295670 606604
1554295670 648731
1554295670 690647
1554295670 733100
1554295670 774999
1554295670 816318
1554295670 858359
1554295670 902527
1554295670 944345
1554295670 985179
1554295671 26562
1554295671 68357
1554295671 111558
1554295671 152614
1554295671 195002
1554295671 237326
1554295671 278451
1554295671 320638
1554295671 364094
1554295671 404956
1554295671 446779
1554295671 488746
1554295671 530467
1554295671 573422
1554295671 615922
1554295671 656639
1554295671 698686
1554295671 740334
1554295671 784217
1554295671 825630
1554295671 866975
1554295671 908315
1554295671 950674
1554295671 993935
1554295672 34924
1554295672 76840
1554295672 119246
1554295672 160491
1554295672 203342
1554295672 245382
1554295672 287654
1554295672 328686
1554295672 371181
1554295672 412511
1554295672 455035
1554295672 496819
1554295672 538478
1554295672 580571
1554295672 624882
1554295672 666297
1554295672 708323
1554295672 750632
1554295672 794101
1554295672 835750
1554295672 877017
