1554295630 847063
1554295630 888148
1554295630 929394
1554295630 972521
1554295631 14109
1554295631 55539
1554295631 97116
1554295631 139390
1554295631 179977
1554295631 223455
1554295631 265591
1554295631 306952
1554295631 348798
1554295631 390802
1554295631 435405
1554295631 476457
1554295631 516710
1554295631 558700
1554295631 602341
1554295631 645053
1554295631 685678
1554295631 727486
1554295631 769422
1554295631 811329
1554295631 854196
1554295631 896072
1554295631 937639
1554295631 979120
1554295632 20999
1554295632 62870
1554295632 105471
1554295632 147385
1554295632 188892
1554295632 230769
1554295632 275331
1554295632 316657
1554295632 358827
1554295632 401145
1554295632 443542
1554295632 485526
1554295632 527664
1554295632 569235
1554295632 611384
1554295632 653262
1554295632 695547
1554295632 738347
1554295632 778916
1554295632 820932
1554295632 863296
1554295632 905909
1554295632 947707
1554295632 989436
1554295633 30744
1554295633 75562
1554295633 117588
1554295633 164569
1554295633 209497
1554295633 251186
1554295633 293235
1554295633 335586
1554295633 377175
1554295633 419454
1554295633 461072
1554295633 502842
1554295633 546088
1554295633 587776
1554295633 628677
1554295633 671248
1554295633 715165
1554295633 757089
1554295633 797797
1554295633 838870
1554295633 880739
1554295633 924337
1554295633 965810
1554295634 8006
1554295634 49590
1554295634 91016
1554295634 134340
1554295634 176169
1554295634 217607
1554295634 259124
1554295634 300935
1554295634 342821
1554295634 385903
1554295634 426843
1554295634 468874
1554295634 510774
1554295634 552994
1554295634 596608
1554295634 638439
1554295634 681132
1554295634 724197
1554295634 766277
1554295634 807715
1554295634 849628
1554295634 891052
1554295634 933082
1554295634 975788
1554295635 17803
1554295635 59761
1554295635 101129
1554295635 142840
1554295635 185014
1554295635 227442
1554295635 269178
1554295635 310908
1554295635 352784
1554295635 397047
1554295635 439269
1554295635 481267
1554295635 523355
1554295635 566266
1554295635 607543
1554295635 649547
1554295635 691071
1554295635 733482
1554295635 775312
1554295635 817672
1554295635 859418
1554295635 901097
1554295635 943007
1554295635 986059
1554295636 27460
1554295636 69436
1554295636 113420
1554295636 152873
1554295636 197214
1554295636 240177
1554295636 279983
1554295636 320943
1554295636 363005
1554295636 406300
1554295636 447148
1554295636 490271
1554295636 531593
1554295636 573114
1554295636 614990
1554295636 657595
1554295636 699279
1554295636 741531
1554295636 782963
1554295636 825194
1554295636 868086
1554295636 909382
1554295636 950753
1554295636 993382
1554295637 34694
1554295637 78610
1554295637 120232
1554295637 164997
1554295637 203010
1554295637 246539
1554295637 288764
1554295637 329559
1554295637 371569
1554295637 413077
1554295637 454972
1554295637 497274
1554295637 540189
1554295637 581764
1554295637 622785
1554295637 665086
1554295637 707291
1554295637 749441
1554295637 791188
1554295637 833047
1554295637 874704
1554295637 918846
1554295637 960678
1554295638 2958
1554295638 45111
1554295638 88208
1554295638 129748
1554295638 172966
1554295638 213092
1554295638 255478
1554295638 297174
1554295638 340523
1554295638 381800
1554295638 423358
1554295638 465031
1554295638 508228
1554295638 549568
1554295638 591647
1554295638 633297
1554295638 674754
1554295638 718861
1554295638 762740
1554295638 801539
1554295638 844256
1554295638 884845
1554295638 928433
1554295638 969275
1554295639 11537
1554295639 53238
1554295639 94982
1554295639 137013
1554295639 179704
1554295639 221272
1554295639 262901
1554295639 305442
1554295639 346872
1554295639 389699
1554295639 431374
1554295639 472725
1554295639 514743
1554295639 559447
1554295639 600832
1554295639 642374
1554295639 683191
1554295639 724844
1554295639 768291
1554295639 812353
1554295639 853398
1554295639 894916
1554295639 936828
1554295639 979763
1554295640 21475
1554295640 64773
1554295640 104948
1554295640 146876
1554295640 188910
1554295640 231583
1554295640 273268
1554295640 315249
1554295640 356709
1554295640 400742
1554295640 442970
1554295640 484877
1554295640 528520
1554295640 570630
1554295640 611443
1554295640 653269
1554295640 694976
1554295640 736826
1554295640 779459
1554295640 821653
1554295640 863172
1554295640 904990
1554295640 946982
1554295640 989302
1554295641 31682
1554295641 73640
1554295641 114706
1554295641 156663
1554295641 200891
1554295641 243997
1554295641 283542
1554295641 324929
1554295641 367245
1554295641 410597
1554295641 451043
1554295641 493361
1554295641 535385
1554295641 577018
1554295641 618964
1554295641 662867
1554295641 703327
1554295641 744899
1554295641 787004
1554295641 828803
1554295641 872225
1554295641 913158
1554295641 954759
1554295641 996667
1554295642 38648
1554295642 83254
1554295642 124243
1554295642 165001
1554295642 207011
1554295642 250350
1554295642 292680
1554295642 333682
1554295642 375381
1554295642 416909
1554295642 458874
1554295642 502011
1554295642 543635
1554295642 584914
1554295642 627054
1554295642 668871
1554295642 711001
1554295642 753651
1554295642 795137
1554295642 837343
1554295642 878679
1554295642 923033
1554295642 964951
1554295643 6957
1554295643 50176
1554295643 93020
1554295643 134030
1554295643 175600
1554295643 216981
1554295643 258908
1554295643 301196
1554295643 345082
1554295643 385938
1554295643 426894
1554295643 468907
1554295643 511206
1554295643 553548
1554295643 595275
1554295643 637362
1554295643 678666
1554295643 723044
1554295643 766431
1554295643 805358
1554295643 846954
1554295643 890811
1554295643 932367
1554295643 973622
1554295644 15406
1554295644 56904
1554295644 98917
1554295644 141795
1554295644 183667
1554295644 225263
1554295644 266998
1554295644 309238
1554295644 351567
1554295644 394905
1554295644 435269
1554295644 476849
1554295644 518685
1554295644 563446
1554295644 605680
1554295644 646606
1554295644 689023
1554295644 732169
1554295644 774279
1554295644 815305
1554295644 858206
1554295644 899151
1554295644 940996
1554295644 984160
1554295645 25356
1554295645 67221
1554295645 108919
1554295645 150788
1554295645 196420
1554295645 234902
1554295645 276703
1554295645 318944
1554295645 360974
1554295645 407718
1554295645 447051
1554295645 488939
1554295645 532227
1554295645 574413
1554295645 615466
1554295645 657334
1554295645 698953
1554295645 741058
1554295645 783258
1554295645 825573
1554295645 867695
1554295645 909225
1554295645 950911
1554295645 992798
1554295646 35554
1554295646 77225
1554295646 118659
1554295646 160679
1554295646 205011
1554295646 248078
1554295646 291265
1554295646 334253
1554295646 376077
1554295646 417261
1554295646 459018
1554295646 501097
1554295646 543238
1554295646 586283
1554295646 627762
1554295646 668922
1554295646 710933
1554295646 752811
1554295646 795733
1554295646 837299
1554295646 879239
1554295646 920844
1554295646 965188
1554295647 7691
1554295647 49019
1554295647 90959
1554295647 134114
1554295647 176052
1554295647 217287
1554295647 259180
1554295647 301292
1554295647 343027
1554295647 385668
1554295647 427777
1554295647 468914
1554295647 510958
1554295647 553327
1554295647 595730
1554295647 637262
1554295647 678709
1554295647 720684
1554295647 765655
1554295647 807030
1554295647 848450
1554295647 888972
1554295647 930876
1554295647 974478
1554295648 16069
1554295648 57319
1554295648 99315
1554295648 140997
1554295648 184605
1554295648 225381
1554295648 268138
1554295648 309129
1554295648 351041
1554295648 392922
1554295648 434856
1554295648 477510
1554295648 520374
1554295648 560728
1554295648 603294
1554295648 647358
1554295648 688911
1554295648 730998
1554295648 773034
1554295648 816090
1554295648 857388
1554295648 899649
1554295648 940944
1554295648 983032
1554295649 25219
1554295649 68170
1554295649 109219
1554295649 151368
1554295649 192890
1554295649 234839
1554295649 277452
1554295649 319147
1554295649 361222
1554295649 403096
1554295649 446984
1554295649 490128
1554295649 529482
1554295649 570968
1554295649 613138
1554295649 656230
1554295649 696988
1554295649 739360
1554295649 781175
1554295649 822855
1554295649 866945
1554295649 910350
1554295649 951192
1554295649 993055
1554295650 34884
1554295650 78105
1554295650 119763
1554295650 160704
1554295650 203195
1554295650 244784
1554295650 289659
1554295650 330277
1554295650 371590
1554295650 412918
1554295650 456135
1554295650 497617
1554295650 539344
1554295650 581325
1554295650 623595
1554295650 665003
1554295650 707558
1554295650 749734
1554295650 790974
1554295650 833199
1554295650 875466
1554295650 916888
1554295650 970657
1554295651 1546
1554295651 43008
1554295651 85206
1554295651 130448
1554295651 170801
1554295651 212943
1554295651 255017
1554295651 298062
1554295651 339474
1554295651 382362
1554295651 423117
1554295651 465053
1554295651 507137
1554295651 550538
1554295651 592007
1554295651 633455
1554295651 674961
1554295651 716779
1554295651 759506
1554295651 801223
1554295651 843196
1554295651 885366
1554295651 929611
1554295651 971194
1554295652 11462
1554295652 52723
1554295652 94706
1554295652 139076
1554295652 179151
1554295652 221383
1554295652 262909
1554295652 304874
1554295652 346981
1554295652 389577
1554295652 431734
1554295652 472869
1554295652 514819
1554295652 556859
1554295652 599792
1554295652 641159
1554295652 683544
1554295652 724787
1554295652 769368
1554295652 811526
1554295652 852361
1554295652 892756
1554295652 935302
1554295652 978027
1554295653 20920
1554295653 61609
1554295653 103254
1554295653 144941
1554295653 188384
1554295653 229514
1554295653 271596
1554295653 313189
1554295653 354925
1554295653 396778
1554295653 440353
1554295653 481516
1554295653 523024
1554295653 565277
1554295653 607134
1554295653 651117
1554295653 693180
1554295653 734693
1554295653 778043
1554295653 820231
1554295653 861417
1554295653 903260
1554295653 944898
1554295653 986969
1554295654 29125
1554295654 72415
1554295654 113120
1554295654 155194
1554295654 197379
1554295654 238893
1554295654 281640
1554295654 323693
1554295654 364961
1554295654 407003
1554295654 451531
1554295654 493975
1554295654 537029
1554295654 580247
1554295654 621707
1554295654 664205
1554295654 704891
1554295654 746883
1554295654 789447
1554295654 832392
1554295654 873347
1554295654 915450
1554295654 956882
1554295654 998815
1554295655 41514
1554295655 83959
1554295655 124877
1554295655 167210
1554295655 211107
1554295655 253298
1554295655 293798
1554295655 334730
1554295655 376746
1554295655 420958
1554295655 461335
1554295655 503305
1554295655 545226
1554295655 587012
1554295655 629040
1554295655 671522
1554295655 713320
1554295655 754827
1554295655 796834
1554295655 838941
1554295655 883137
1554295655 924244
1554295655 965486
1554295656 6964
1554295656 48867
1554295656 93042
1554295656 134619
1554295656 177260
1554295656 220026
1554295656 261803
1554295656 303326
1554295656 345547
1554295656 387022
1554295656 429688
1554295656 471445
1554295656 513536
1554295656 555663
1554295656 596837
1554295656 639099
1554295656 681391
1554295656 724026
1554295656 765447
1554295656 806911
1554295656 848966
1554295656 892931
1554295656 935367
1554295656 976678
1554295657 19308
1554295657 62193
1554295657 103354
1554295657 145312
1554295657 187596
1554295657 228990
1554295657 271171
1554295657 313657
1554295657 355721
1554295657 396854
1554295657 439523
1554295657 480794
1554295657 524084
1554295657 565737
1554295657 607034
1554295657 649124
1554295657 693428
1554295657 735449
1554295657 775539
1554295657 816656
1554295657 858748
1554295657 902513
1554295657 944118
1554295657 985450
1554295658 27094
1554295658 68822
1554295658 111241
1554295658 153549
1554295658 196073
1554295658 236862
1554295658 278792
1554295658 321278
1554295658 364363
1554295658 405730
1554295658 447433
1554295658 489088
1554295658 530773
1554295658 575146
1554295658 615955
1554295658 656741
1554295658 699350
1554295658 741802
1554295658 784066
1554295658 825359
1554295658 867256
1554295658 908886
1554295658 951426
1554295658 994512
1554295659 35460
1554295659 77992
1554295659 118842
1554295659 160819
1554295659 203425
1554295659 245343
1554295659 287493
1554295659 328938
1554295659 370947
1554295659 414671
1554295659 456656
1554295659 499455
1554295659 541009
1554295659 584215
1554295659 625509
1554295659 667358
1554295659 708870
1554295659 751413
1554295659 793220
1554295659 836125
1554295659 879297
1554295659 920960
1554295659 963146
1554295660 6910
1554295660 47434
1554295660 89102
1554295660 130922
1554295660 174913
1554295660 220981
1554295660 257798
1554295660 298805
1554295660 340796
1554295660 384529
1554295660 425144
1554295660 467354
1554295660 509509
1554295660 550841
1554295660 592982
1554295660 635678
1554295660 677491
1554295660 718833
1554295660 761382
1554295660 803589
1554295660 845744
1554295660 887952
1554295660 928933
1554295660 971271
1554295661 15442
1554295661 56600
1554295661 98135
1554295661 138724
1554295661 180929
1554295661 224109
1554295661 267065
1554295661 307678
1554295661 349314
1554295661 391290
1554295661 432779
1554295661 475722
1554295661 518154
1554295661 558878
1554295661 600802
1554295661 642969
1554295661 685448
1554295661 727996
1554295661 770005
1554295661 811066
1554295661 852682
1554295661 896967
1554295661 938566
1554295661 980742
1554295662 24540
1554295662 66987
1554295662 107715
1554295662 149325
1554295662 190949
1554295662 232840
1554295662 276892
1554295662 317693
1554295662 359687
1554295662 400851
1554295662 443132
1554295662 485208
1554295662 528497
1554295662 569612
1554295662 611131
1554295662 652737
1554295662 696761
1554295662 739747
1554295662 780064
1554295662 820719
1554295662 862949
1554295662 906243
1554295662 946994
1554295662 989439
1554295663 31445
1554295663 72891
1554295663 115338
1554295663 157641
1554295663 199268
1554295663 240789
1554295663 283730
1554295663 325401
1554295663 368378
1554295663 409931
1554295663 450688
1554295663 492718
1554295663 537506
1554295663 579996
1554295663 620007
1554295663 660836
1554295663 702688
1554295663 746181
1554295663 788778
1554295663 829354
1554295663 871218
1554295663 913101
1554295663 954966
1554295663 998656
1554295664 40018
1554295664 80859
1554295664 123160
1554295664 164943
1554295664 208575
1554295664 249376
1554295664 291420
1554295664 332787
1554295664 374912
1554295664 418995
1554295664 460473
1554295664 502785
1554295664 546071
1554295664 588242
1554295664 629690
1554295664 671330
1554295664 712895
1554295664 754837
1554295664 798222
1554295664 840068
1554295664 882229
1554295664 923522
1554295664 964965
1554295665 7189
1554295665 49946
1554295665 91255
1554295665 132853
1554295665 174780
1554295665 223719
1554295665 262008
1554295665 306527
1554295665 348276
1554295665 388966
1554295665 431667
1554295665 472886
1554295665 515009
1554295665 558297
1554295665 599562
1554295665 641192
1554295665 683479
1554295665 725094
1554295665 767467
1554295665 811001
1554295665 851401
1554295665 892697
1554295665 934821
1554295665 978899
1554295666 21270
1554295666 62382
1554295666 102809
1554295666 144798
1554295666 188032
1554295666 231025
1554295666 273127
1554295666 314961
1554295666 357063
1554295666 400122
1554295666 441289
1554295666 483185
1554295666 524945
1554295666 567430
1554295666 610403
1554295666 651157
1554295666 692676
1554295666 734674
1554295666 776666
1554295666 821011
1554295666 862249
1554295666 903799
1554295666 944886
1554295666 988001
1554295667 30822
1554295667 71420
1554295667 113336
1554295667 154857
1554295667 196930
1554295667 239121
1554295667 282398
1554295667 323542
1554295667 365022
1554295667 407124
1554295667 449371
1554295667 491669
1554295667 540593
1554295667 581350
1554295667 623025
1554295667 664838
1554295667 707045
1554295667 750159
1554295667 791376
1554295667 834087
1554295667 874876
1554295667 917013
1554295667 959267
1554295668 2492
1554295668 43425
1554295668 85010
1554295668 127237
1554295668 169266
1554295668 211792
1554295668 253200
1554295668 294825
1554295668 337023
1554295668 381006
1554295668 424479
1554295668 463473
1554295668 504795
1554295668 546770
1554295668 590272
1554295668 630964
1554295668 673271
1554295668 714916
1554295668 756827
1554295668 799591
1554295668 842477
1554295668 883777
1554295668 925047
1554295668 967107
1554295669 9216
1554295669 51426
1554295669 93403
1554295669 134703
1554295669 176771
1554295669 218769
1554295669 262883
1554295669 304286
1554295669 344778
1554295669 386726
1554295669 430428
1554295669 471814
1554295669 513471
1554295669 555231
1554295669 597366
1554295669 638819
1554295669 681619
1554295669 723492
1554295669 764779
1554295669 807060
1554295669 849199
1554295669 891118
1554295669 933690
1554295669 975546
1554295670 16695
1554295670 58679
1554295670 103431
1554295670 144741
1554295670 186766
1554295670 229039
1554295670 271991
1554295670 313328
1554295670 355475
1554295670 397259
1554295670 438864
1554295670 481134
1554295670 523802
1554295670 565810
1554295670 607051
1554295670 649106
1554295670 691027
1554295670 733473
1554295670 775450
1554295670 816678
1554295670 858715
1554295670 902901
1554295670 945602
1554295670 985546
1554295671 26917
1554295671 68732
1554295671 112179
1554295671 152998
1554295671 195406
1554295671 237709
1554295671 278878
1554295671 321383
1554295671 364474
1554295671 405341
1554295671 447530
1554295671 489176
1554295671 530874
1554295671 573804
1554295671 616305
1554295671 657030
1554295671 699045
1554295671 740698
1554295671 784603
1554295671 826102
1554295671 867345
1554295671 908720
1554295671 951808
1554295671 994723
1554295672 35309
1554295672 77219
1554295672 119631
1554295672 161136
1554295672 203713
1554295672 245768
1554295672 288184
1554295672 329064
1554295672 371561
1554295672 412891
1554295672 455395
1554295672 497355
1554295672 538952
1554295672 580995
1554295672 625252
1554295672 666653
1554295672 708686
1554295672 751760
1554295672 794482
1554295672 836263
1554295672 877643
