1554295630 846838
1554295630 888000
1554295630 929266
1554295630 972335
1554295631 13963
1554295631 55414
1554295631 96986
1554295631 139264
1554295631 181347
1554295631 223337
1554295631 265478
1554295631 306667
1554295631 348632
1554295631 390681
1554295631 435257
1554295631 476339
1554295631 516590
1554295631 558553
1554295631 602180
1554295631 644924
1554295631 685552
1554295631 727357
1554295631 769292
1554295631 811208
1554295631 854064
1554295631 895916
1554295631 937521
1554295631 978992
1554295632 20874
1554295632 62744
1554295632 105349
1554295632 147264
1554295632 188769
1554295632 230649
1554295632 275212
1554295632 316538
1554295632 358615
1554295632 401004
1554295632 442492
1554295632 485402
1554295632 527536
1554295632 569104
1554295632 611257
1554295632 653135
1554295632 695421
1554295632 738215
1554295632 778795
1554295632 820805
1554295632 862748
1554295632 905485
1554295632 947590
1554295632 989319
1554295633 30596
1554295633 75097
1554295633 117173
1554295633 163652
1554295633 209373
1554295633 251064
1554295633 292810
1554295633 335457
1554295633 377048
1554295633 418736
1554295633 460946
1554295633 502682
1554295633 545654
1554295633 587657
1554295633 628554
1554295633 670552
1554295633 712531
1554295633 756479
1554295633 797679
1554295633 838722
1554295633 880586
1554295633 924208
1554295633 965684
1554295634 7794
1554295634 49464
1554295634 90892
1554295634 133526
1554295634 176000
1554295634 217480
1554295634 258999
1554295634 300808
1554295634 342699
1554295634 385710
1554295634 426723
1554295634 468746
1554295634 510597
1554295634 552618
1554295634 596454
1554295634 638314
1554295634 681007
1554295634 724053
1554295634 766149
1554295634 807581
1554295634 849504
1554295634 890926
1554295634 932952
1554295634 975572
1554295635 17680
1554295635 59635
1554295635 100997
1554295635 142715
1554295635 184887
1554295635 227322
1554295635 269058
1554295635 310781
1554295635 352666
1554295635 396542
1554295635 439154
1554295635 480577
1554295635 523231
1554295635 566143
1554295635 607049
1554295635 649422
1554295635 690946
1554295635 733344
1554295635 775143
1554295635 817552
1554295635 859296
1554295635 900962
1554295635 942879
1554295635 984824
1554295636 27346
1554295636 69315
1554295636 110658
1554295636 152732
1554295636 196974
1554295636 239630
1554295636 279741
1554295636 320646
1554295636 362888
1554295636 406173
1554295636 447022
1554295636 490139
1554295636 531464
1554295636 572979
1554295636 614740
1554295636 657474
1554295636 699155
1554295636 741394
1554295636 782696
1554295636 824840
1554295636 867936
1554295636 909265
1554295636 950632
1554295636 992630
1554295637 34576
1554295637 78495
1554295637 120113
1554295637 160530
1554295637 202882
1554295637 246399
1554295637 288290
1554295637 329433
1554295637 371440
1554295637 412952
1554295637 454716
1554295637 497057
1554295637 540056
1554295637 581639
1554295637 622662
1554295637 664958
1554295637 707134
1554295637 749310
1554295637 791062
1554295637 832934
1554295637 874587
1554295637 919275
1554295637 960558
1554295638 2842
1554295638 44983
1554295638 88048
1554295638 129518
1554295638 172760
1554295638 212964
1554295638 254700
1554295638 297007
1554295638 340397
1554295638 381675
1554295638 423095
1554295638 464900
1554295638 508099
1554295638 549445
1554295638 591528
1554295638 633177
1554295638 674578
1554295638 718727
1554295638 762097
1554295638 801419
1554295638 844113
1554295638 884726
1554295638 928308
1554295638 969146
1554295639 11414
1554295639 53110
1554295639 94739
1554295639 136880
1554295639 179581
1554295639 221150
1554295639 262714
1554295639 305316
1554295639 346751
1554295639 389576
1554295639 431251
1554295639 472549
1554295639 514549
1554295639 559315
1554295639 600713
1554295639 642256
1554295639 683069
1554295639 724715
1554295639 768157
1554295639 812225
1554295639 853268
1554295639 894791
1554295639 936704
1554295639 979644
1554295640 21351
1554295640 64643
1554295640 104782
1554295640 146756
1554295640 188784
1554295640 231458
1554295640 273145
1554295640 315129
1554295640 356589
1554295640 401181
1554295640 442847
1554295640 484757
1554295640 528380
1554295640 570502
1554295640 611314
1554295640 653143
1554295640 694845
1554295640 736704
1554295640 779331
1554295640 821526
1554295640 863049
1554295640 904867
1554295640 946856
1554295640 988881
1554295641 31557
1554295641 73519
1554295641 114586
1554295641 156541
1554295641 200771
1554295641 243467
1554295641 283423
1554295641 324812
1554295641 367079
1554295641 410469
1554295641 450918
1554295641 493237
1554295641 535257
1554295641 576889
1554295641 618779
1554295641 662735
1554295641 703205
1554295641 744770
1554295641 786880
1554295641 828684
1554295641 872101
1554295641 913041
1554295641 954645
1554295641 996548
1554295642 38528
1554295642 83131
1554295642 124122
1554295642 164791
1554295642 206868
1554295642 250221
1554295642 292548
1554295642 333554
1554295642 375253
1554295642 416782
1554295642 458747
1554295642 501769
1554295642 543513
1554295642 584789
1554295642 626928
1554295642 668744
1554295642 710881
1554295642 753524
1554295642 795015
1554295642 837221
1554295642 878561
1554295642 922912
1554295642 964825
1554295643 6835
1554295643 50034
1554295643 92547
1554295643 133783
1554295643 175473
1554295643 216854
1554295643 258782
1554295643 301070
1554295643 344921
1554295643 385706
1554295643 426766
1554295643 468745
1554295643 510876
1554295643 553425
1554295643 595151
1554295643 637245
1554295643 678546
1554295643 722925
1554295643 765746
1554295643 805240
1554295643 846679
1554295643 889689
1554295643 932234
1554295643 973155
1554295644 15282
1554295644 56776
1554295644 98794
1554295644 141673
1554295644 183540
1554295644 225137
1554295644 266876
1554295644 309109
1554295644 351439
1554295644 394780
1554295644 435148
1554295644 476608
1554295644 518563
1554295644 560557
1554295644 604942
1554295644 646487
1554295644 688897
1554295644 732025
1554295644 773716
1554295644 815174
1554295644 858024
1554295644 898940
1554295644 940868
1554295644 983975
1554295645 25236
1554295645 67081
1554295645 108732
1554295645 150666
1554295645 196297
1554295645 234785
1554295645 276584
1554295645 318525
1554295645 360579
1554295645 407305
1554295645 446918
1554295645 488819
1554295645 532090
1554295645 574290
1554295645 615332
1554295645 657211
1554295645 698822
1554295645 740917
1554295645 783140
1554295645 825448
1554295645 867576
1554295645 909101
1554295645 950787
1554295645 992675
1554295646 35432
1554295646 77102
1554295646 118544
1554295646 160559
1554295646 205672
1554295646 247815
1554295646 291139
1554295646 334128
1554295646 375814
1554295646 417137
1554295646 458892
1554295646 500968
1554295646 543075
1554295646 586148
1554295646 627637
1554295646 668734
1554295646 710727
1554295646 752688
1554295646 795614
1554295646 837175
1554295646 879125
1554295646 920600
1554295646 965063
1554295647 7576
1554295647 48703
1554295647 90836
1554295647 133790
1554295647 175491
1554295647 217160
1554295647 259050
1554295647 301159
1554295647 342903
1554295647 385541
1554295647 427645
1554295647 468730
1554295647 510831
1554295647 552899
1554295647 595609
1554295647 637142
1554295647 678589
1554295647 720566
1554295647 762929
1554295647 806913
1554295647 848333
1554295647 888854
1554295647 930728
1554295647 974335
1554295648 15815
1554295648 57191
1554295648 99194
1554295648 140864
1554295648 184450
1554295648 225242
1554295648 267991
1554295648 309005
1554295648 350721
1554295648 392796
1554295648 434712
1554295648 477382
1554295648 520243
1554295648 560610
1554295648 603175
1554295648 647233
1554295648 688790
1554295648 730881
1554295648 772911
1554295648 815812
1554295648 857220
1554295648 899523
1554295648 940818
1554295648 982898
1554295649 25095
1554295649 68033
1554295649 109097
1554295649 151247
1554295649 192726
1554295649 234712
1554295649 277306
1554295649 319022
1554295649 361091
1554295649 402978
1554295649 446863
1554295649 489577
1554295649 529365
1554295649 570692
1554295649 612791
1554295649 656106
1554295649 696863
1554295649 739237
1554295649 781043
1554295649 822730
1554295649 864768
1554295649 910223
1554295649 951070
1554295649 992925
1554295650 34766
1554295650 77974
1554295650 119634
1554295650 160587
1554295650 203075
1554295650 244664
1554295650 289231
1554295650 330157
1554295650 370605
1554295650 412795
1554295650 455807
1554295650 497496
1554295650 539215
1554295650 581194
1554295650 623456
1554295650 664875
1554295650 707438
1554295650 749610
1554295650 790851
1554295650 833077
1554295650 875338
1554295650 916766
1554295650 970536
1554295651 1426
1554295651 42886
1554295651 85084
1554295651 130332
1554295651 170681
1554295651 212827
1554295651 254890
1554295651 297794
1554295651 339344
1554295651 382208
1554295651 422994
1554295651 464920
1554295651 507016
1554295651 550405
1554295651 591772
1554295651 632726
1554295651 674735
1554295651 716653
1554295651 759386
1554295651 801103
1554295651 843051
1554295651 884682
1554295651 928837
1554295651 971078
1554295652 11319
1554295652 52568
1554295652 94585
1554295652 138939
1554295652 179029
1554295652 221260
1554295652 262782
1554295652 304746
1554295652 346762
1554295652 389445
1554295652 431614
1554295652 472742
1554295652 514697
1554295652 556698
1554295652 599669
1554295652 641041
1554295652 683422
1554295652 724671
1554295652 769230
1554295652 811112
1554295652 852245
1554295652 892638
1554295652 935184
1554295652 977754
1554295653 20795
1554295653 61479
1554295653 103125
1554295653 144820
1554295653 187600
1554295653 229389
1554295653 271464
1554295653 312723
1554295653 354693
1554295653 396654
1554295653 440222
1554295653 481399
1554295653 522904
1554295653 565155
1554295653 607011
1554295653 650997
1554295653 693064
1554295653 734543
1554295653 776892
1554295653 820088
1554295653 861286
1554295653 903140
1554295653 944772
1554295653 986840
1554295654 29008
1554295654 72279
1554295654 113001
1554295654 155060
1554295654 197255
1554295654 238771
1554295654 281518
1554295654 323573
1554295654 364846
1554295654 406883
1554295654 451414
1554295654 493724
1554295654 536880
1554295654 580101
1554295654 621559
1554295654 664056
1554295654 704766
1554295654 746756
1554295654 789310
1554295654 832267
1554295654 873218
1554295654 914723
1554295654 956763
1554295654 998692
1554295655 41393
1554295655 83747
1554295655 124755
1554295655 167094
1554295655 210989
1554295655 252887
1554295655 293677
1554295655 334565
1554295655 376602
1554295655 420828
1554295655 461208
1554295655 503180
1554295655 545097
1554295655 586885
1554295655 628699
1554295655 671401
1554295655 713194
1554295655 754700
1554295655 796708
1554295655 838824
1554295655 882809
1554295655 924112
1554295655 965362
1554295656 6845
1554295656 48748
1554295656 92898
1554295656 134472
1554295656 176537
1554295656 218905
1554295656 261679
1554295656 303201
1554295656 345422
1554295656 386890
1554295656 429553
1554295656 471303
1554295656 513414
1554295656 555531
1554295656 596711
1554295656 638709
1554295656 680676
1554295656 723598
1554295656 765326
1554295656 806793
1554295656 848846
1554295656 893307
1554295656 935246
1554295656 976562
1554295657 19045
1554295657 62041
1554295657 102892
1554295657 145188
1554295657 187469
1554295657 228860
1554295657 271007
1554295657 313534
1554295657 355596
1554295657 396728
1554295657 439395
1554295657 480669
1554295657 523644
1554295657 565618
1554295657 606914
1554295657 649004
1554295657 694089
1554295657 735039
1554295657 775418
1554295657 816540
1554295657 858621
1554295657 902389
1554295657 943527
1554295657 985319
1554295658 26964
1554295658 68697
1554295658 111117
1554295658 153424
1554295658 195927
1554295658 236737
1554295658 278665
1554295658 320908
1554295658 364234
1554295658 405609
1554295658 447316
1554295658 488967
1554295658 530612
1554295658 575033
1554295658 615708
1554295658 656623
1554295658 699225
1554295658 741661
1554295658 783783
1554295658 825234
1554295658 867133
1554295658 908760
1554295658 951304
1554295658 993620
1554295659 35336
1554295659 77779
1554295659 118719
1554295659 160691
1554295659 203299
1554295659 245229
1554295659 287370
1554295659 328822
1554295659 370828
1554295659 415226
1554295659 456540
1554295659 498711
1554295659 540884
1554295659 584049
1554295659 625375
1554295659 667231
1554295659 708749
1554295659 750683
1554295659 793095
1554295659 835967
1554295659 879170
1554295659 920754
1554295659 963023
1554295660 6787
1554295660 47314
1554295660 88985
1554295660 130800
1554295660 174794
1554295660 220326
1554295660 257682
1554295660 298689
1554295660 340681
1554295660 384390
1554295660 425013
1554295660 467221
1554295660 509386
1554295660 550715
1554295660 592853
1554295660 635552
1554295660 677368
1554295660 718705
1554295660 761261
1554295660 803460
1554295660 845609
1554295660 887705
1554295660 928816
1554295660 971145
1554295661 15321
1554295661 56479
1554295661 97956
1554295661 138607
1554295661 180804
1554295661 223749
1554295661 266940
1554295661 307542
1554295661 349183
1554295661 391159
1554295661 432651
1554295661 475590
1554295661 518010
1554295661 558722
1554295661 600680
1554295661 642852
1554295661 685325
1554295661 727572
1554295661 769767
1554295661 810947
1554295661 852559
1554295661 896849
1554295661 938446
1554295661 980622
1554295662 24412
1554295662 66530
1554295662 107582
1554295662 149206
1554295662 190818
1554295662 232717
1554295662 276476
1554295662 317568
1554295662 359563
1554295662 400727
1554295662 443010
1554295662 485080
1554295662 528377
1554295662 569490
1554295662 611003
1554295662 652588
1554295662 696637
1554295662 739328
1554295662 779792
1554295662 820601
1554295662 862593
1554295662 906097
1554295662 946869
1554295662 989303
1554295663 31324
1554295663 72724
1554295663 114912
1554295663 157517
1554295663 199142
1554295663 240668
1554295663 283603
1554295663 325264
1554295663 368251
1554295663 409730
1554295663 450566
1554295663 492598
1554295663 537387
1554295663 579452
1554295663 619776
1554295663 660723
1554295663 702563
1554295663 746024
1554295663 788650
1554295663 829232
1554295663 871098
1554295663 912972
1554295663 954747
1554295663 998515
1554295664 39803
1554295664 80736
1554295664 123035
1554295664 164818
1554295664 208239
1554295664 249256
1554295664 291302
1554295664 332557
1554295664 374790
1554295664 418871
1554295664 460356
1554295664 502640
1554295664 544942
1554295664 588115
1554295664 629564
1554295664 671205
1554295664 712766
1554295664 754710
1554295664 797770
1554295664 839929
1554295664 882072
1554295664 923400
1554295664 964839
1554295665 7063
1554295665 49521
1554295665 91133
1554295665 132654
1554295665 174626
1554295665 218721
1554295665 261765
1554295665 305523
1554295665 348144
1554295665 388842
1554295665 431539
1554295665 472757
1554295665 514762
1554295665 557739
1554295665 599433
1554295665 641069
1554295665 683343
1554295665 724968
1554295665 767317
1554295665 810878
1554295665 851285
1554295665 892575
1554295665 934700
1554295665 979177
1554295666 20863
1554295666 62263
1554295666 102648
1554295666 144647
1554295666 187752
1554295666 230895
1554295666 272996
1554295666 314832
1554295666 356777
1554295666 399965
1554295666 441170
1554295666 483055
1554295666 524820
1554295666 567264
1554295666 610277
1554295666 651038
1554295666 692557
1554295666 734554
1554295666 776552
1554295666 820898
1554295666 862131
1554295666 902635
1554295666 944738
1554295666 987688
1554295667 30655
1554295667 71291
1554295667 113211
1554295667 154726
1554295667 196795
1554295667 238999
1554295667 281607
1554295667 323419
1554295667 364895
1554295667 406996
1554295667 449227
1554295667 491541
1554295667 540475
1554295667 581233
1554295667 622908
1554295667 664654
1554295667 706918
1554295667 750004
1554295667 791208
1554295667 833942
1554295667 874752
1554295667 916885
1554295667 959047
1554295668 2362
1554295668 43304
1554295668 84886
1554295668 127112
1554295668 169138
1554295668 211671
1554295668 253079
1554295668 294624
1554295668 336895
1554295668 380828
1554295668 423765
1554295668 463356
1554295668 504675
1554295668 546653
1554295668 590140
1554295668 631356
1554295668 673142
1554295668 714794
1554295668 756700
1554295668 799155
1554295668 842352
1554295668 883653
1554295668 924924
1554295668 966985
1554295669 9094
1554295669 51307
1554295669 93284
1554295669 134583
1554295669 176623
1554295669 218648
1554295669 262768
1554295669 304160
1554295669 344660
1554295669 386583
1554295669 430292
1554295669 471682
1554295669 513345
1554295669 555109
1554295669 597230
1554295669 638695
1554295669 681496
1554295669 723373
1554295669 764660
1554295669 806933
1554295669 849069
1554295669 890994
1554295669 933570
1554295669 975424
1554295670 16574
1554295670 58560
1554295670 103312
1554295670 144578
1554295670 186612
1554295670 228877
1554295670 271730
1554295670 313180
1554295670 355353
1554295670 397125
1554295670 438740
1554295670 481010
1554295670 523677
1554295670 565689
1554295670 606929
1554295670 648985
1554295670 690902
1554295670 733352
1554295670 775330
1554295670 816566
1554295670 858598
1554295670 902781
1554295670 945177
1554295670 985428
1554295671 26802
1554295671 68617
1554295671 112026
1554295671 152871
1554295671 195272
1554295671 237580
1554295671 278716
1554295671 320965
1554295671 364349
1554295671 405214
1554295671 447393
1554295671 489046
1554295671 530718
1554295671 573686
1554295671 616189
1554295671 656906
1554295671 698930
1554295671 740576
1554295671 784483
1554295671 825958
1554295671 867227
1554295671 908591
1554295671 951677
1554295671 994586
1554295672 35182
1554295672 77099
1554295672 119505
1554295672 161003
1554295672 203590
1554295672 245643
1554295672 288047
1554295672 328940
1554295672 371436
1554295672 412766
1554295672 455280
1554295672 497226
1554295672 538717
1554295672 580875
1554295672 625133
1554295672 666535
1554295672 708567
1554295672 750895
1554295672 794357
1554295672 836137
1554295672 877449
