1554295630 846113
1554295630 887439
1554295630 928768
1554295630 970639
1554295631 13463
1554295631 54917
1554295631 96516
1554295631 138747
1554295631 180601
1554295631 222958
1554295631 265109
1554295631 306294
1554295631 348259
1554295631 390311
1554295631 435938
1554295631 475945
1554295631 516207
1554295631 558179
1554295631 600542
1554295631 644487
1554295631 685151
1554295631 726959
1554295631 768748
1554295631 810747
1554295631 853535
1554295631 895444
1554295631 937142
1554295631 978506
1554295632 20445
1554295632 62340
1554295632 104971
1554295632 146773
1554295632 188334
1554295632 230273
1554295632 274771
1554295632 316166
1554295632 358235
1554295632 400483
1554295632 443703
1554295632 484633
1554295632 527149
1554295632 568706
1554295632 610874
1554295632 652360
1554295632 695025
1554295632 737637
1554295632 778391
1554295632 820412
1554295632 862355
1554295632 905113
1554295632 947141
1554295632 988900
1554295633 30222
1554295633 74633
1554295633 115799
1554295633 159399
1554295633 208948
1554295633 250659
1554295633 292362
1554295633 335057
1554295633 376662
1554295633 418349
1554295633 460548
1554295633 502283
1554295633 545267
1554295633 587206
1554295633 628183
1554295633 670174
1554295633 712162
1554295633 756116
1554295633 797310
1554295633 838248
1554295633 880168
1554295633 922898
1554295633 965272
1554295634 6949
1554295634 49065
1554295634 90495
1554295634 133137
1554295634 175430
1554295634 216934
1554295634 258497
1554295634 300407
1554295634 342302
1554295634 384723
1554295634 426594
1554295634 468344
1554295634 510220
1554295634 552253
1554295634 596208
1554295634 637914
1554295634 680599
1554295634 722822
1554295634 765574
1554295634 806486
1554295634 849047
1554295634 890529
1554295634 932520
1554295634 975189
1554295635 17266
1554295635 59229
1554295635 100434
1554295635 142324
1554295635 184495
1554295635 226949
1554295635 268682
1554295635 310330
1554295635 352295
1554295635 396159
1554295635 436960
1554295635 480202
1554295635 522822
1554295635 565559
1554295635 606655
1554295635 649032
1554295635 690543
1554295635 732357
1554295635 774430
1554295635 816971
1554295635 858876
1554295635 900483
1554295635 942481
1554295635 984428
1554295636 26975
1554295636 68937
1554295636 110282
1554295636 152353
1554295636 194332
1554295636 238084
1554295636 279368
1554295636 320269
1554295636 362485
1554295636 405474
1554295636 448485
1554295636 489040
1554295636 531002
1554295636 572477
1554295636 614349
1554295636 657079
1554295636 698761
1554295636 740400
1554295636 782294
1554295636 824447
1554295636 866711
1554295636 908881
1554295636 950253
1554295636 992252
1554295637 34199
1554295637 78246
1554295637 119621
1554295637 160149
1554295637 202476
1554295637 244653
1554295637 287764
1554295637 328876
1554295637 371034
1554295637 412550
1554295637 454332
1554295637 496667
1554295637 539331
1554295637 581242
1554295637 622273
1554295637 664459
1554295637 706423
1554295637 748504
1554295637 790644
1554295637 832560
1554295637 874214
1554295637 918427
1554295637 960188
1554295638 2475
1554295638 44557
1554295638 87502
1554295638 128750
1554295638 172353
1554295638 212546
1554295638 254309
1554295638 296321
1554295638 339664
1554295638 381277
1554295638 422693
1554295638 464441
1554295638 506749
1554295638 548585
1554295638 591003
1554295638 632807
1554295638 674194
1554295638 716189
1554295638 760415
1554295638 801040
1554295638 843628
1554295638 884321
1554295638 927690
1554295638 968746
1554295639 10846
1554295639 52690
1554295639 94342
1554295639 136425
1554295639 179191
1554295639 220753
1554295639 262324
1554295639 304922
1554295639 346366
1554295639 389032
1554295639 430722
1554295639 472173
1554295639 514168
1554295639 556702
1554295639 600340
1554295639 641462
1554295639 682571
1554295639 724315
1554295639 766811
1554295639 811673
1554295639 852842
1554295639 894362
1554295639 936302
1554295639 979153
1554295640 20959
1554295640 64221
1554295640 104391
1554295640 146361
1554295640 188375
1554295640 230929
1554295640 272715
1554295640 314761
1554295640 356210
1554295640 400336
1554295640 442466
1554295640 484331
1554295640 526937
1554295640 570112
1554295640 610543
1554295640 652748
1554295640 694391
1554295640 736307
1554295640 778783
1554295640 821128
1554295640 862660
1554295640 904470
1554295640 946414
1554295640 988495
1554295641 30969
1554295641 73058
1554295641 114199
1554295641 156165
1554295641 201160
1554295641 242192
1554295641 283048
1554295641 324440
1554295641 366462
1554295641 410060
1554295641 450465
1554295641 492836
1554295641 534850
1554295641 576478
1554295641 618381
1554295641 661958
1554295641 702726
1554295641 744383
1554295641 786478
1554295641 828298
1554295641 871488
1554295641 912665
1554295641 954273
1554295641 996169
1554295642 38158
1554295642 83926
1554295642 123669
1554295642 164419
1554295642 206460
1554295642 248865
1554295642 291659
1554295642 333157
1554295642 374759
1554295642 416385
1554295642 458350
1554295642 501369
1554295642 543124
1554295642 584390
1554295642 626464
1554295642 668355
1554295642 710484
1554295642 753125
1554295642 794643
1554295642 836788
1554295642 878187
1554295642 922663
1554295642 964374
1554295643 6433
1554295643 48785
1554295643 92135
1554295643 133244
1554295643 174931
1554295643 216456
1554295643 258390
1554295643 300649
1554295643 343554
1554295643 385314
1554295643 426373
1554295643 468355
1554295643 510482
1554295643 552600
1554295643 594716
1554295643 636816
1554295643 678174
1554295643 723443
1554295643 764490
1554295643 804865
1554295643 846301
1554295643 889289
1554295643 931635
1554295643 972749
1554295644 14891
1554295644 56371
1554295644 98405
1554295644 141248
1554295644 183147
1554295644 224740
1554295644 266419
1554295644 308473
1554295644 350700
1554295644 393998
1554295644 434714
1554295644 476243
1554295644 518195
1554295644 560184
1554295644 604514
1554295644 646114
1554295644 688460
1554295644 730741
1554295644 773326
1554295644 814773
1554295644 857523
1554295644 898534
1554295644 940465
1554295644 983503
1554295645 24845
1554295645 66386
1554295645 108344
1554295645 150282
1554295645 192699
1554295645 234406
1554295645 276209
1554295645 318145
1554295645 360206
1554295645 406050
1554295645 446355
1554295645 488444
1554295645 530822
1554295645 573735
1554295645 614823
1554295645 656808
1554295645 698426
1554295645 740380
1554295645 782753
1554295645 825055
1554295645 867179
1554295645 908629
1554295645 950396
1554295645 992274
1554295646 34997
1554295646 76727
1554295646 118174
1554295646 160187
1554295646 204573
1554295646 245269
1554295646 290712
1554295646 333521
1554295646 375375
1554295646 416738
1554295646 458492
1554295646 500515
1554295646 542400
1554295646 585413
1554295646 627245
1554295646 668347
1554295646 710338
1554295646 752297
1554295646 795213
1554295646 836721
1554295646 878753
1554295646 920228
1554295646 965564
1554295647 7199
1554295647 48331
1554295647 90421
1554295647 133383
1554295647 175060
1554295647 216766
1554295647 258609
1554295647 300416
1554295647 342505
1554295647 385143
1554295647 427147
1554295647 468340
1554295647 510436
1554295647 552503
1554295647 595201
1554295647 636695
1554295647 678219
1554295647 720187
1554295647 762510
1554295647 807451
1554295647 847955
1554295647 888480
1554295647 930357
1554295647 972534
1554295648 15409
1554295648 56797
1554295648 98795
1554295648 140464
1554295648 183563
1554295648 224765
1554295648 267249
1554295648 308600
1554295648 350335
1554295648 392400
1554295648 434314
1554295648 476515
1554295648 519749
1554295648 560236
1554295648 602797
1554295648 647768
1554295648 688419
1554295648 730479
1554295648 772259
1554295648 815333
1554295648 856492
1554295648 898989
1554295648 940423
1554295648 982413
1554295649 24373
1554295649 67318
1554295649 108701
1554295649 150726
1554295649 192328
1554295649 234317
1554295649 276497
1554295649 318641
1554295649 360497
1554295649 402607
1554295649 446432
1554295649 488281
1554295649 528987
1554295649 570323
1554295649 612384
1554295649 655472
1554295649 696471
1554295649 738843
1554295649 780629
1554295649 822331
1554295649 864371
1554295649 907588
1554295649 950673
1554295649 992520
1554295650 34372
1554295650 77221
1554295650 118622
1554295650 160213
1554295650 202698
1554295650 244291
1554295650 288358
1554295650 329631
1554295650 370239
1554295650 412349
1554295650 454539
1554295650 497065
1554295650 538802
1554295650 580776
1554295650 622491
1554295650 664483
1554295650 707022
1554295650 749211
1554295650 790456
1554295650 832606
1554295650 874370
1554295650 916370
1554295650 958529
1554295651 958
1554295651 42508
1554295651 84458
1554295651 129440
1554295651 170312
1554295651 212428
1554295651 254486
1554295651 297402
1554295651 338542
1554295651 380890
1554295651 422597
1554295651 464467
1554295651 506303
1554295651 549471
1554295651 591380
1554295651 632325
1554295651 674332
1554295651 716253
1554295651 758558
1554295651 800671
1554295651 842575
1554295651 884313
1554295651 928463
1554295651 970712
1554295652 10917
1554295652 52199
1554295652 94178
1554295652 137692
1554295652 178635
1554295652 220868
1554295652 262384
1554295652 304343
1554295652 346360
1554295652 389043
1554295652 431226
1554295652 472340
1554295652 514308
1554295652 556298
1554295652 599236
1554295652 640673
1554295652 683048
1554295652 724292
1554295652 766447
1554295652 809998
1554295652 851683
1554295652 892265
1554295652 934777
1554295652 976595
1554295653 20381
1554295653 60951
1554295653 102675
1554295653 144403
1554295653 187204
1554295653 228990
1554295653 271062
1554295653 312326
1554295653 354302
1554295653 396250
1554295653 439554
1554295653 481021
1554295653 522522
1554295653 564761
1554295653 606458
1554295653 650585
1554295653 692594
1554295653 734162
1554295653 776492
1554295653 819507
1554295653 860492
1554295653 902739
1554295653 944379
1554295653 986426
1554295654 28584
1554295654 71338
1554295654 112602
1554295654 154541
1554295654 196870
1554295654 238379
1554295654 280704
1554295654 323081
1554295654 364460
1554295654 406425
1554295654 451131
1554295654 491143
1554295654 536245
1554295654 579459
1554295654 620695
1554295654 662928
1554295654 704379
1554295654 746355
1554295654 788417
1554295654 831111
1554295654 872822
1554295654 914336
1554295654 956373
1554295654 998297
1554295655 41024
1554295655 83331
1554295655 124383
1554295655 166674
1554295655 208461
1554295655 251650
1554295655 293308
1554295655 334187
1554295655 376196
1554295655 418604
1554295655 460808
1554295655 502776
1554295655 544697
1554295655 586472
1554295655 628319
1554295655 671008
1554295655 712801
1554295655 754305
1554295655 796320
1554295655 838432
1554295655 882440
1554295655 923289
1554295655 964975
1554295656 6436
1554295656 48374
1554295656 92627
1554295656 134096
1554295656 176168
1554295656 218514
1554295656 261283
1554295656 302786
1554295656 344908
1554295656 386478
1554295656 428456
1554295656 470820
1554295656 513019
1554295656 555134
1554295656 596318
1554295656 638308
1554295656 680286
1554295656 723216
1554295656 764948
1554295656 806415
1554295656 848439
1554295656 892494
1554295656 934879
1554295656 976183
1554295657 18607
1554295657 61375
1554295657 102496
1554295657 144787
1554295657 187063
1554295657 228463
1554295657 270325
1554295657 313134
1554295657 355203
1554295657 396336
1554295657 438901
1554295657 480272
1554295657 523268
1554295657 565248
1554295657 606478
1554295657 648447
1554295657 693022
1554295657 733706
1554295657 775048
1554295657 816174
1554295657 858211
1554295657 901745
1554295657 943137
1554295657 984910
1554295658 26532
1554295658 68300
1554295658 110519
1554295658 153024
1554295658 195409
1554295658 236333
1554295658 278277
1554295658 320396
1554295658 363522
1554295658 405232
1554295658 446948
1554295658 488481
1554295658 530236
1554295658 575798
1554295658 616555
1554295658 656247
1554295658 698820
1554295658 740537
1554295658 783393
1554295658 824837
1554295658 866740
1554295658 908372
1554295658 950911
1554295658 993144
1554295659 34941
1554295659 77382
1554295659 118331
1554295659 160286
1554295659 202780
1554295659 244852
1554295659 286814
1554295659 328452
1554295659 370448
1554295659 414302
1554295659 456166
1554295659 498338
1554295659 540232
1554295659 583435
1554295659 624511
1554295659 666828
1554295659 708359
1554295659 750289
1554295659 792362
1554295659 835491
1554295659 878648
1554295659 920370
1554295659 962629
1554295660 6018
1554295660 46931
1554295660 88578
1554295660 130372
1554295660 172157
1554295660 216399
1554295660 257320
1554295660 298316
1554295660 340270
1554295660 383420
1554295660 424521
1554295660 466827
1554295660 508961
1554295660 550322
1554295660 592404
1554295660 635080
1554295660 676982
1554295660 718311
1554295660 760862
1554295660 802730
1554295660 845138
1554295660 887206
1554295660 928438
1554295660 970497
1554295661 12717
1554295661 57156
1554295661 97485
1554295661 138230
1554295661 180360
1554295661 222605
1554295661 266539
1554295661 306941
1554295661 348700
1554295661 390749
1554295661 432259
1554295661 475001
1554295661 517503
1554295661 558330
1554295661 600294
1554295661 642474
1554295661 684916
1554295661 727203
1554295661 768808
1554295661 810566
1554295661 852184
1554295661 896445
1554295661 938011
1554295661 980250
1554295662 23089
1554295662 66140
1554295662 107181
1554295662 148760
1554295662 190414
1554295662 232317
1554295662 275327
1554295662 317172
1554295662 359165
1554295662 400330
1554295662 442622
1554295662 484595
1554295662 527642
1554295662 569059
1554295662 610368
1554295662 652215
1554295662 697118
1554295662 737731
1554295662 779431
1554295662 820232
1554295662 862184
1554295662 905535
1554295662 946469
1554295662 988891
1554295663 30928
1554295663 72323
1554295663 114383
1554295663 157119
1554295663 198750
1554295663 240286
1554295663 283212
1554295663 324563
1554295663 367512
1554295663 409356
1554295663 450193
1554295663 492221
1554295663 537797
1554295663 577747
1554295663 619406
1554295663 660348
1554295663 702155
1554295663 744605
1554295663 787756
1554295663 828827
1554295663 870646
1554295663 912385
1554295663 954343
1554295663 997591
1554295664 39413
1554295664 80338
1554295664 122641
1554295664 164427
1554295664 207637
1554295664 248884
1554295664 290884
1554295664 332176
1554295664 374396
1554295664 418465
1554295664 459975
1554295664 502266
1554295664 544543
1554295664 587556
1554295664 629065
1554295664 670770
1554295664 712371
1554295664 754315
1554295664 797274
1554295664 839451
1554295664 881255
1554295664 922810
1554295664 964450
1554295665 6630
1554295665 49151
1554295665 90718
1554295665 132281
1554295665 174245
1554295665 218333
1554295665 259038
1554295665 305123
1554295665 347481
1554295665 388449
1554295665 431130
1554295665 472359
1554295665 514365
1554295665 557243
1554295665 599042
1554295665 640679
1554295665 682683
1554295665 724573
1554295665 766606
1554295665 810101
1554295665 850886
1554295665 892198
1554295665 934327
1554295665 976176
1554295666 19672
1554295666 61734
1554295666 102282
1554295666 144234
1554295666 186606
1554295666 230496
1554295666 272596
1554295666 314439
1554295666 356374
1554295666 399373
1554295666 440730
1554295666 482661
1554295666 524419
1554295666 566405
1554295666 609604
1554295666 650658
1554295666 692184
1554295666 734174
1554295666 776172
1554295666 821548
1554295666 861655
1554295666 902258
1554295666 944367
1554295666 986533
1554295667 29748
1554295667 70792
1554295667 112766
1554295667 154331
1554295667 196394
1554295667 238621
1554295667 281210
1554295667 323012
1554295667 364499
1554295667 406612
1554295667 448620
1554295667 490551
1554295667 540095
1554295667 580907
1554295667 622529
1554295667 664286
1554295667 706266
1554295667 749427
1554295667 790465
1554295667 833454
1554295667 874364
1554295667 916476
1554295667 958326
1554295668 1514
1554295668 42913
1554295668 84497
1554295668 126685
1554295668 168602
1554295668 210806
1554295668 252675
1554295668 294250
1554295668 336363
1554295668 381306
1554295668 422279
1554295668 462979
1554295668 504302
1554295668 546246
1554295668 589509
1554295668 632653
1554295668 672739
1554295668 714398
1554295668 756305
1554295668 798679
1554295668 841503
1554295668 883258
1554295668 924521
1554295668 966590
1554295669 8614
1554295669 50939
1554295669 92916
1554295669 134213
1554295669 176248
1554295669 218267
1554295669 263292
1554295669 303634
1554295669 344282
1554295669 386207
1554295669 428537
1554295669 471178
1554295669 512945
1554295669 554665
1554295669 596641
1554295669 638294
1554295669 681089
1554295669 722968
1554295669 764292
1554295669 806537
1554295669 848638
1554295669 890598
1554295669 933164
1554295669 974938
1554295670 16200
1554295670 58184
1554295670 103999
1554295670 144201
1554295670 186236
1554295670 228451
1554295670 271333
1554295670 312426
1554295670 354827
1554295670 396485
1554295670 438334
1554295670 480287
1554295670 523290
1554295670 565293
1554295670 606465
1554295670 648588
1554295670 690507
1554295670 732536
1554295670 774871
1554295670 816186
1554295670 858226
1554295670 903325
1554295670 943796
1554295670 985023
1554295671 26428
1554295671 68201
1554295671 111423
1554295671 152475
1554295671 194857
1554295671 237188
1554295671 278312
1554295671 320496
1554295671 363943
1554295671 404819
1554295671 446641
1554295671 488608
1554295671 530331
1554295671 573143
1554295671 615703
1554295671 656510
1554295671 698555
1554295671 740199
1554295671 785174
1554295671 825503
1554295671 866844
1554295671 908185
1554295671 950532
1554295671 993720
1554295672 34780
1554295672 76699
1554295672 119012
1554295672 160355
1554295672 203192
1554295672 245251
1554295672 287516
1554295672 328548
1554295672 371044
1554295672 412373
1554295672 454900
1554295672 496689
1554295672 538342
1554295672 580444
1554295672 625801
1554295672 666172
1554295672 708189
1554295672 750488
1554295672 793943
1554295672 835611
1554295672 876816
