1554295630 846601
1554295630 887702
1554295630 929131
1554295630 970914
1554295631 13738
1554295631 55286
1554295631 96776
1554295631 139134
1554295631 182174
1554295631 223211
1554295631 265360
1554295631 306548
1554295631 348513
1554295631 390561
1554295631 434571
1554295631 476218
1554295631 516466
1554295631 558434
1554295631 600818
1554295631 644789
1554295631 685424
1554295631 727231
1554295631 769158
1554295631 811086
1554295631 853813
1554295631 895709
1554295631 937397
1554295631 978773
1554295632 20714
1554295632 62620
1554295632 105228
1554295632 147048
1554295632 188612
1554295632 230529
1554295632 275095
1554295632 316421
1554295632 358494
1554295632 400772
1554295632 441561
1554295632 485270
1554295632 527408
1554295632 568977
1554295632 611137
1554295632 652953
1554295632 695294
1554295632 738026
1554295632 778670
1554295632 820682
1554295632 862622
1554295632 905363
1554295632 947466
1554295632 989199
1554295633 30473
1554295633 74886
1554295633 116769
1554295633 162737
1554295633 209251
1554295633 250934
1554295633 292630
1554295633 335326
1554295633 376924
1554295633 418614
1554295633 460819
1554295633 502554
1554295633 545532
1554295633 587537
1554295633 628435
1554295633 670430
1554295633 712413
1554295633 756364
1554295633 797562
1554295633 838597
1554295633 880457
1554295633 924056
1554295633 965550
1554295634 7221
1554295634 49335
1554295634 90769
1554295634 133405
1554295634 175742
1554295634 217354
1554295634 258785
1554295634 300677
1554295634 342571
1554295634 385584
1554295634 427261
1554295634 468617
1554295634 510476
1554295634 552503
1554295634 597180
1554295634 638192
1554295634 680852
1554295634 723095
1554295634 766000
1554295634 807120
1554295634 849381
1554295634 890801
1554295634 932787
1554295634 975448
1554295635 17557
1554295635 59503
1554295635 100691
1554295635 142594
1554295635 184759
1554295635 227203
1554295635 268939
1554295635 310582
1554295635 352546
1554295635 396423
1554295635 439033
1554295635 480458
1554295635 523103
1554295635 565993
1554295635 606925
1554295635 649298
1554295635 690818
1554295635 732621
1554295635 774699
1554295635 817429
1554295635 859171
1554295635 900752
1554295635 942753
1554295635 984699
1554295636 27229
1554295636 69191
1554295636 110533
1554295636 152613
1554295636 196847
1554295636 239203
1554295636 279621
1554295636 320527
1554295636 362768
1554295636 406018
1554295636 447572
1554295636 489987
1554295636 531342
1554295636 572759
1554295636 614613
1554295636 657351
1554295636 699030
1554295636 740670
1554295636 782566
1554295636 824714
1554295636 867561
1554295636 909143
1554295636 950508
1554295636 992509
1554295637 34455
1554295637 78378
1554295637 119976
1554295637 160408
1554295637 202734
1554295637 244919
1554295637 288164
1554295637 329152
1554295637 371310
1554295637 412825
1554295637 454593
1554295637 496936
1554295637 539603
1554295637 581515
1554295637 622541
1554295637 664729
1554295637 706689
1554295637 749002
1554295637 790890
1554295637 832821
1554295637 874467
1554295637 918678
1554295637 960440
1554295638 2723
1554295638 44850
1554295638 87770
1554295638 129371
1554295638 172627
1554295638 212813
1554295638 254573
1554295638 296585
1554295638 340264
1554295638 381551
1554295638 422974
1554295638 464706
1554295638 507815
1554295638 549106
1554295638 591406
1554295638 633055
1554295638 674454
1554295638 719237
1554295638 761264
1554295638 801296
1554295638 843952
1554295638 884605
1554295638 928174
1554295638 969016
1554295639 11286
1554295639 52987
1554295639 94611
1554295639 136696
1554295639 179465
1554295639 221028
1554295639 262592
1554295639 305187
1554295639 346627
1554295639 389450
1554295639 430974
1554295639 472426
1554295639 514426
1554295639 559687
1554295639 600596
1554295639 642115
1554295639 682828
1554295639 724569
1554295639 768003
1554295639 812091
1554295639 853139
1554295639 894631
1554295639 936575
1554295639 979501
1554295640 21226
1554295640 64493
1554295640 104657
1554295640 146632
1554295640 188652
1554295640 231181
1554295640 272967
1554295640 315016
1554295640 356466
1554295640 400594
1554295640 442723
1554295640 484587
1554295640 527235
1554295640 570378
1554295640 611142
1554295640 653015
1554295640 694661
1554295640 736576
1554295640 779080
1554295640 821402
1554295640 862929
1554295640 904741
1554295640 946673
1554295640 988763
1554295641 31218
1554295641 73392
1554295641 114459
1554295641 156420
1554295641 200649
1554295641 243052
1554295641 283303
1554295641 324693
1554295641 366721
1554295641 410344
1554295641 450743
1554295641 493109
1554295641 535130
1554295641 576759
1554295641 618650
1554295641 662380
1554295641 703075
1554295641 744648
1554295641 786752
1554295641 828562
1554295641 871959
1554295641 912920
1554295641 954525
1554295641 996424
1554295642 38413
1554295642 83005
1554295642 123999
1554295642 164676
1554295642 206748
1554295642 250060
1554295642 292380
1554295642 333430
1554295642 375117
1554295642 416661
1554295642 458621
1554295642 501644
1554295642 543388
1554295642 584659
1554295642 626798
1554295642 668621
1554295642 710753
1554295642 753400
1554295642 794898
1554295642 837099
1554295642 878443
1554295642 926372
1554295642 964631
1554295643 6689
1554295643 49062
1554295643 92417
1554295643 133547
1554295643 175344
1554295643 216728
1554295643 258656
1554295643 300948
1554295643 344570
1554295643 385577
1554295643 426643
1554295643 468623
1554295643 510753
1554295643 553278
1554295643 594973
1554295643 637126
1554295643 678427
1554295643 722803
1554295643 765320
1554295643 805119
1554295643 846558
1554295643 889564
1554295643 932087
1554295643 973025
1554295644 15159
1554295644 56645
1554295644 98670
1554295644 141548
1554295644 183419
1554295644 225010
1554295644 266689
1554295644 308744
1554295644 351269
1554295644 394653
1554295644 434975
1554295644 476495
1554295644 518445
1554295644 560438
1554295644 604820
1554295644 646373
1554295644 688721
1554295644 731740
1554295644 773589
1554295644 815049
1554295644 857787
1554295644 898809
1554295644 940741
1554295644 983774
1554295645 25115
1554295645 66653
1554295645 108609
1554295645 150544
1554295645 196180
1554295645 234669
1554295645 276467
1554295645 318403
1554295645 360462
1554295645 406894
1554295645 446607
1554295645 488701
1554295645 531091
1554295645 574162
1554295645 615129
1554295645 657083
1554295645 698699
1554295645 740642
1554295645 783020
1554295645 825325
1554295645 867452
1554295645 908977
1554295645 950663
1554295645 992545
1554295646 35251
1554295646 76980
1554295646 118426
1554295646 160438
1554295646 204828
1554295646 247690
1554295646 291011
1554295646 333976
1554295646 375684
1554295646 417006
1554295646 458765
1554295646 500793
1554295646 542654
1554295646 585686
1554295646 627512
1554295646 668610
1554295646 710601
1554295646 752563
1554295646 795495
1554295646 836980
1554295646 879008
1554295646 920482
1554295646 964936
1554295647 7459
1554295647 48587
1554295647 90714
1554295647 133660
1554295647 175362
1554295647 217033
1554295647 258877
1554295647 300686
1554295647 342776
1554295647 385415
1554295647 427412
1554295647 468602
1554295647 510703
1554295647 552773
1554295647 595481
1554295647 636953
1554295647 678466
1554295647 720443
1554295647 762774
1554295647 806791
1554295647 848217
1554295647 888734
1554295647 930609
1554295647 972799
1554295648 15685
1554295648 57065
1554295648 99071
1554295648 140738
1554295648 183948
1554295648 225026
1554295648 267527
1554295648 308877
1554295648 350596
1554295648 392675
1554295648 434586
1554295648 477203
1554295648 520103
1554295648 560490
1554295648 603055
1554295648 647109
1554295648 688669
1554295648 730732
1554295648 772785
1554295648 815685
1554295648 856761
1554295648 899391
1554295648 940693
1554295648 982689
1554295649 24930
1554295649 67589
1554295649 108973
1554295649 151115
1554295649 192599
1554295649 234586
1554295649 277012
1554295649 318901
1554295649 360749
1554295649 402862
1554295649 446738
1554295649 489170
1554295649 529246
1554295649 570573
1554295649 612669
1554295649 655951
1554295649 696742
1554295649 739115
1554295649 780909
1554295649 822603
1554295649 864639
1554295649 910095
1554295649 950946
1554295649 992795
1554295650 34643
1554295650 77776
1554295650 118881
1554295650 160464
1554295650 202955
1554295650 244547
1554295650 288684
1554295650 330007
1554295650 370488
1554295650 412630
1554295650 455666
1554295650 497373
1554295650 539087
1554295650 581063
1554295650 622760
1554295650 664750
1554295650 707313
1554295650 749487
1554295650 790725
1554295650 832957
1554295650 874628
1554295650 916643
1554295650 970396
1554295651 1304
1554295651 42765
1554295651 84716
1554295651 130207
1554295651 170563
1554295651 212674
1554295651 254761
1554295651 297666
1554295651 339173
1554295651 382070
1554295651 422865
1554295651 464739
1554295651 506890
1554295651 550030
1554295651 591646
1554295651 632601
1554295651 674607
1554295651 716525
1554295651 759238
1554295651 800926
1554295651 842899
1554295651 884564
1554295651 928719
1554295651 970962
1554295652 11194
1554295652 52447
1554295652 94465
1554295652 138215
1554295652 178905
1554295652 221135
1554295652 262655
1554295652 304619
1554295652 346632
1554295652 389317
1554295652 431487
1554295652 472610
1554295652 514573
1554295652 556572
1554295652 599548
1554295652 640925
1554295652 683302
1554295652 724550
1554295652 766705
1554295652 810702
1554295652 852124
1554295652 892520
1554295652 935065
1554295652 977617
1554295653 20674
1554295653 61220
1554295653 102992
1554295653 144666
1554295653 187474
1554295653 229263
1554295653 271338
1554295653 312595
1554295653 354567
1554295653 396529
1554295653 439808
1554295653 481278
1554295653 522782
1554295653 565026
1554295653 606709
1554295653 650876
1554295653 692941
1554295653 734421
1554295653 776762
1554295653 819776
1554295653 861130
1554295653 903013
1554295653 944646
1554295653 986707
1554295654 28883
1554295654 71812
1554295654 112876
1554295654 154807
1554295654 197135
1554295654 238646
1554295654 281397
1554295654 323447
1554295654 364722
1554295654 406682
1554295654 451294
1554295654 493596
1554295654 536502
1554295654 579733
1554295654 621072
1554295654 663798
1554295654 704641
1554295654 746632
1554295654 788690
1554295654 832120
1554295654 873094
1554295654 914599
1554295654 956638
1554295654 998567
1554295655 41277
1554295655 83629
1554295655 124635
1554295655 166971
1554295655 210853
1554295655 252474
1554295655 293561
1554295655 334442
1554295655 376481
1554295655 420696
1554295655 461082
1554295655 503056
1554295655 544972
1554295655 586756
1554295655 628578
1554295655 671273
1554295655 713072
1554295655 754573
1554295655 796582
1554295655 838695
1554295655 882691
1554295655 923666
1554295655 965240
1554295656 6697
1554295656 48629
1554295656 92778
1554295656 134352
1554295656 176421
1554295656 218779
1554295656 261550
1554295656 303076
1554295656 345291
1554295656 386757
1554295656 428725
1554295656 471083
1554295656 513287
1554295656 555404
1554295656 596587
1554295656 638583
1554295656 680551
1554295656 723474
1554295656 765203
1554295656 806676
1554295656 848703
1554295656 892746
1554295656 935131
1554295656 976440
1554295657 18914
1554295657 61717
1554295657 102767
1554295657 145062
1554295657 187339
1554295657 228735
1554295657 270589
1554295657 313405
1554295657 355472
1554295657 396605
1554295657 439270
1554295657 480540
1554295657 523521
1554295657 565500
1554295657 606731
1554295657 648704
1554295657 693278
1554295657 734633
1554295657 775301
1554295657 816424
1554295657 858474
1554295657 902264
1554295657 943405
1554295657 985191
1554295658 26801
1554295658 68571
1554295658 110788
1554295658 153297
1554295658 195680
1554295658 236608
1554295658 278543
1554295658 320782
1554295658 363786
1554295658 405492
1554295658 447204
1554295658 488844
1554295658 530494
1554295658 574917
1554295658 615588
1554295658 656505
1554295658 699079
1554295658 740806
1554295658 783658
1554295658 825110
1554295658 867010
1554295658 908636
1554295658 951178
1554295658 993396
1554295659 35212
1554295659 77653
1554295659 118594
1554295659 160559
1554295659 203045
1554295659 245109
1554295659 287248
1554295659 328705
1554295659 370709
1554295659 414556
1554295659 456416
1554295659 498592
1554295659 540756
1554295659 583707
1554295659 624788
1554295659 667106
1554295659 708624
1554295659 750558
1554295659 792949
1554295659 835756
1554295659 879041
1554295659 920630
1554295659 962900
1554295660 6660
1554295660 47192
1554295660 88865
1554295660 130633
1554295660 174664
1554295660 219462
1554295660 257568
1554295660 298569
1554295660 340558
1554295660 383689
1554295660 424790
1554295660 467100
1554295660 509263
1554295660 550592
1554295660 592683
1554295660 635428
1554295660 677250
1554295660 718580
1554295660 761137
1554295660 803305
1554295660 845396
1554295660 887585
1554295660 928697
1554295660 970751
1554295661 15191
1554295661 56356
1554295661 97740
1554295661 138486
1554295661 180654
1554295661 223608
1554295661 266815
1554295661 307211
1554295661 349053
1554295661 391029
1554295661 432527
1554295661 475285
1554295661 517773
1554295661 558599
1554295661 600556
1554295661 642732
1554295661 685197
1554295661 727456
1554295661 769623
1554295661 810829
1554295661 852441
1554295661 896698
1554295661 938329
1554295661 980504
1554295662 24273
1554295662 66407
1554295662 107453
1554295662 149078
1554295662 190692
1554295662 232590
1554295662 276345
1554295662 317442
1554295662 359435
1554295662 400602
1554295662 442889
1554295662 484863
1554295662 528258
1554295662 569364
1554295662 610624
1554295662 652470
1554295662 696517
1554295662 738907
1554295662 779676
1554295662 820483
1554295662 862470
1554295662 905800
1554295662 946740
1554295662 989171
1554295663 31197
1554295663 72593
1554295663 114658
1554295663 157395
1554295663 199015
1554295663 240544
1554295663 283482
1554295663 324833
1554295663 367812
1554295663 409608
1554295663 450449
1554295663 492479
1554295663 537262
1554295663 579035
1554295663 619654
1554295663 660604
1554295663 702413
1554295663 745740
1554295663 788513
1554295663 829106
1554295663 870968
1554295663 912656
1554295663 954619
1554295663 997941
1554295664 39679
1554295664 80611
1554295664 122913
1554295664 164691
1554295664 208115
1554295664 249134
1554295664 291181
1554295664 332436
1554295664 374666
1554295664 419422
1554295664 460237
1554295664 502519
1554295664 544811
1554295664 587964
1554295664 629433
1554295664 671074
1554295664 712642
1554295664 754584
1554295664 797648
1554295664 839720
1554295664 881523
1554295664 923271
1554295664 964718
1554295665 6939
1554295665 49407
1554295665 90981
1554295665 132533
1554295665 174502
1554295665 218596
1554295665 260689
1554295665 305396
1554295665 347988
1554295665 388717
1554295665 431405
1554295665 472627
1554295665 514634
1554295665 557616
1554295665 599308
1554295665 640948
1554295665 682953
1554295665 724844
1554295665 766874
1554295665 810750
1554295665 851163
1554295665 892453
1554295665 934584
1554295665 976426
1554295666 20455
1554295666 62141
1554295666 102530
1554295666 144527
1554295666 187619
1554295666 230769
1554295666 272870
1554295666 314709
1554295666 356646
1554295666 399759
1554295666 441043
1554295666 482932
1554295666 524691
1554295666 566677
1554295666 609933
1554295666 650921
1554295666 692436
1554295666 734434
1554295666 776429
1554295666 820780
1554295666 861988
1554295666 902512
1554295666 944621
1554295666 986805
1554295667 30194
1554295667 71078
1554295667 113087
1554295667 154604
1554295667 196670
1554295667 238878
1554295667 281482
1554295667 323299
1554295667 364768
1554295667 406872
1554295667 448891
1554295667 491220
1554295667 540355
1554295667 581111
1554295667 622789
1554295667 664535
1554295667 706786
1554295667 749703
1554295667 790738
1554295667 833725
1554295667 874629
1554295667 916736
1554295667 958884
1554295668 2233
1554295668 43180
1554295668 84762
1554295668 126985
1554295668 168870
1554295668 211541
1554295668 252931
1554295668 294504
1554295668 336618
1554295668 380706
1554295668 423244
1554295668 463238
1554295668 504557
1554295668 546527
1554295668 589990
1554295668 633053
1554295668 673016
1554295668 714668
1554295668 756576
1554295668 799030
1554295668 842219
1554295668 883528
1554295668 924798
1554295668 966858
1554295669 8882
1554295669 51190
1554295669 93166
1554295669 134462
1554295669 176505
1554295669 218526
1554295669 262646
1554295669 303985
1554295669 344544
1554295669 386460
1554295669 428802
1554295669 471555
1554295669 513219
1554295669 554980
1554295669 596924
1554295669 638570
1554295669 681370
1554295669 723254
1554295669 764543
1554295669 806807
1554295669 848941
1554295669 890865
1554295669 933442
1554295669 975301
1554295670 16456
1554295670 58443
1554295670 103189
1554295670 144457
1554295670 186489
1554295670 228746
1554295670 271604
1554295670 312702
1554295670 355221
1554295670 396767
1554295670 438611
1554295670 480863
1554295670 523552
1554295670 565565
1554295670 606739
1554295670 648861
1554295670 690776
1554295670 733227
1554295670 775212
1554295670 816445
1554295670 858483
1554295670 902656
1554295670 944766
1554295670 985304
1554295671 26684
1554295671 68494
1554295671 111697
1554295671 152748
1554295671 195140
1554295671 237456
1554295671 278581
1554295671 320841
1554295671 364223
1554295671 405089
1554295671 446909
1554295671 488877
1554295671 530598
1554295671 573563
1554295671 616071
1554295671 656768
1554295671 698811
1554295671 740459
1554295671 784355
1554295671 825760
1554295671 867102
1554295671 908438
1554295671 951538
1554295671 994432
1554295672 35054
1554295672 76971
1554295672 119378
1554295672 160622
1554295672 203470
1554295672 245512
1554295672 287788
1554295672 328815
1554295672 371311
1554295672 412640
1554295672 455160
1554295672 496942
1554295672 538599
1554295672 580694
1554295672 625014
1554295672 666418
1554295672 708447
1554295672 750766
1554295672 794228
1554295672 835975
1554295672 877232
